2 0.5 0.10859375 0.3109375 0.053125
2 0.82421875 0.1109375 0.30859375 0.0546875
2 0.17578125 0.11015625 0.3125 0.0609375
2 0.1765625 0.61875 0.31171875 0.05546875
2 0.49921875 0.62265625 0.3078125 0.05546875
1 0.37109375 0.17109375 0.0171875 0.0203125
1 0.36875 0.22109375 0.0171875 0.02265625
1 0.36875 0.275 0.015625 0.02265625
1 0.36953125 0.328125 0.01875 0.025
1 0.36875 0.3765625 0.01953125 0.0234375
1 0.36953125 0.428125 0.0203125 0.02421875
1 0.6921875 0.171875 0.01953125 0.021875
1 0.69296875 0.22578125 0.0203125 0.021875
1 0.6921875 0.275 0.01875 0.02421875
1 0.6921875 0.3265625 0.0171875 0.02421875
1 0.6921875 0.3765625 0.01875 0.0234375
1 0.6921875 0.42890625 0.01875 0.02734375
1 0.046875 0.7359375 0.021875 0.021875
1 0.046875 0.7875 0.021875 0.0265625
1 0.046875 0.8375 0.021875 0.0234375
1 0.04609375 0.88984375 0.0203125 0.025
1 0.04609375 0.93984375 0.0203125 0.02265625
1 0.3703125 0.7359375 0.0203125 0.0203125
1 0.3703125 0.7875 0.01953125 0.02421875
1 0.36875 0.8390625 0.01953125 0.0265625
1 0.36875 0.8890625 0.021875 0.0265625
1 0.36875 0.94140625 0.0171875 0.0234375