0 0.2203125 0.1390625 0.03515625 0.05625
0 0.2859375 0.13984375 0.04296875 0.0578125
0 0.11015625 0.13984375 0.03828125 0.059375
0 0.03828125 0.1375 0.0546875 0.0640625
0 0.3546875 0.1359375 0.0390625 0.0625
0 0.403125 0.1390625 0.04296875 0.06875
0 0.4609375 0.1359375 0.04296875 0.059375
0 0.534375 0.13359375 0.04296875 0.065625
0 0.57890625 0.13125 0.034375 0.0625
0 0.61875 0.121875 0.0203125 0.0328125
0 0.6171875 0.15546875 0.0234375 0.028125
0 0.6171875 0.19375 0.0171875 0.0328125
0 0.69375 0.121875 0.02421875 0.0234375
0 0.69375 0.15703125 0.0203125 0.028125
0 0.69453125 0.196875 0.0203125 0.0328125
0 0.80859375 0.121875 0.0234375 0.03125
0 0.8078125 0.15703125 0.01953125 0.03828125
0 0.8078125 0.1921875 0.0203125 0.0328125