1 0.0296875 0.2453125 0.0421875 0.028125
1 0.03125 0.421875 0.0375 0.0328125
1 0.028125 0.5875 0.0375 0.028125
0 0.0546875 0.09375 0.0375 0.02734375
0 0.12578125 0.09375 0.03828125 0.0296875
0 0.2 0.0953125 0.04765625 0.03828125
0 0.27109375 0.09375 0.034375 0.03125
0 0.3328125 0.096875 0.0375 0.0296875
0 0.7796875 0.09609375 0.03828125 0.01875
0 0.8609375 0.0953125 0.04765625 0.03125
0 0.94375 0.09296875 0.03984375 0.034375
0 0.8484375 0.67109375 0.03984375 0.0328125
0 0.959375 0.66953125 0.0328125 0.03046875
0 0.95703125 0.7203125 0.03515625 0.0296875
0 0.90390625 0.671875 0.04609375 0.01953125
0 0.6671875 0.67109375 0.040625 0.0328125
0 0.4796875 0.6703125 0.0421875 0.03046875
0 0.2921875 0.6703125 0.03828125 0.03203125
0 0.12109375 0.671875 0.0484375 0.0328125
0 0.04609375 0.7171875 0.0328125 0.0375
0 0.0484375 0.6703125 0.046875 0.034375
2 0.0765625 0.284375 0.12578125 0.040625