1 0.45078125 0.09765625 0.034375 0.0640625
1 0.678125 0.09921875 0.0328125 0.065625
1 0.90234375 0.09609375 0.03125 0.06328125
1 0.90546875 0.3453125 0.03515625 0.06171875
1 0.90234375 0.59453125 0.0328125 0.065625
1 0.90703125 0.8421875 0.03125 0.0671875
1 0.68125 0.346875 0.03203125 0.06640625
1 0.67890625 0.596875 0.03125 0.0625
1 0.68125 0.84375 0.02734375 0.0625
1 0.45234375 0.346875 0.03203125 0.0640625
1 0.4484375 0.59453125 0.034375 0.0703125
1 0.453125 0.8453125 0.03125 0.05859375
5 0.159375 0.11640625 0.284375 0.10625
5 0.10546875 0.36171875 0.196875 0.10859375
5 0.1546875 0.61875 0.284375 0.11015625
5 0.10703125 0.8609375 0.1890625 0.10625