0 0.03984375 0.0296875 0.05078125 0.04765625
0 0.03984375 0.1 0.0390625 0.053125
0 0.03984375 0.16796875 0.03828125 0.0390625
0 0.03984375 0.45625 0.05546875 0.0640625
0 0.040625 0.528125 0.040625 0.05390625
0 0.0421875 0.5890625 0.04296875 0.04296875
0 0.04765625 0.7109375 0.05859375 0.05625
0 0.04375 0.778125 0.0375 0.0484375
0 0.0421875 0.84453125 0.0359375 0.05
0 0.3671875 0.02734375 0.025 0.0296875
0 0.11015625 0.08671875 0.0328125 0.03125
0 0.11015625 0.1375 0.025 0.03203125
0 0.1078125 0.1953125 0.025 0.0390625
0 0.11015625 0.5140625 0.025 0.03203125
0 0.11171875 0.571875 0.03046875 0.0328125
0 0.11015625 0.6203125 0.02734375 0.03203125
0 0.115625 0.76484375 0.0296875 0.03828125
0 0.1140625 0.815625 0.0265625 0.028125
0 0.11484375 0.871875 0.0265625 0.0359375
0 0.3671875 0.7046875 0.021875 0.028125
0 0.365625 0.45390625 0.02734375 0.034375
0 0.4328125 0.70390625 0.028125 0.0296875
0 0.47421875 0.7078125 0.028125 0.028125
0 0.43046875 0.45234375 0.028125 0.02421875
0 0.4640625 0.453125 0.02265625 0.02734375
0 0.43125 0.0296875 0.025 0.03203125
0 0.46640625 0.03203125 0.028125 0.0265625