2 0.8296875 0.3734375 0.33984375 0.053125
2 0.871875 0.6234375 0.19453125 0.06171875
2 0.503125 0.85234375 0.6015625 0.059375
4 0.11015625 0.28203125 0.1515625 0.04609375
4 0.0828125 0.21328125 0.1171875 0.05625
2 0.0953125 0.13984375 0.190625 0.053125
2 0.49921875 0.94609375 0.596875 0.06953125
4 0.90234375 0.76640625 0.16484375 0.06875
4 0.92734375 0.690625 0.13515625 0.06328125
4 0.71953125 0.5171875 0.271875 0.05859375
4 0.66640625 0.4484375 0.17578125 0.0765625
0 0.07109375 0.07109375 0.0734375 0.05390625