5 0.25078125 0.1203125 0.03515625 0.01328125
5 0.27890625 0.14140625 0.10625 0.01640625
5 0.2421875 0.15234375 0.0125 0.00625
5 0.27578125 0.15234375 0.0171875 0.00859375
5 0.30859375 0.1515625 0.01953125 0.0078125
5 0.33984375 0.1515625 0.01484375 0.00625
5 0.25390625 0.24296875 0.0203125 0.0140625
5 0.3125 0.23828125 0.0078125 0.009375
7 0.32578125 0.25 0.01328125 0.01328125
5 0.3265625 0.2390625 0.01171875 0.0078125
7 0.34140625 0.24921875 0.0171875 0.0140625
5 0.340625 0.2390625 0.00859375 0.00703125
5 0.29140625 0.25078125 0.02578125 0.009375
5 0.30546875 0.26484375 0.0171875 0.00859375
5 0.290625 0.28125 0.02421875 0.009375
5 0.2578125 0.3 0.0234375 0.0109375
5 0.30078125 0.30234375 0.0234375 0.01171875
5 0.33984375 0.3015625 0.01484375 0.0078125
5 0.32109375 0.3140625 0.02421875 0.00703125
5 0.28046875 0.3140625 0.0171875 0.0078125
5 0.27421875 0.3296875 0.065625 0.0140625
5 0.39296875 0.24375 0.03046875 0.0109375
5 0.39140625 0.26171875 0.0328125 0.00859375
5 0.38984375 0.275 0.0328125 0.01015625
5 0.396875 0.29140625 0.0453125 0.00859375
5 0.40859375 0.30390625 0.0453125 0.01015625
5 0.45703125 0.303125 0.01796875 0.0109375
5 0.403125 0.33046875 0.084375 0.009375
5 0.38984375 0.34609375 0.0578125 0.0109375
5 0.40625 0.36171875 0.090625 0.0125
5 0.39765625 0.3765625 0.071875 0.01015625
5 0.3953125 0.39140625 0.06640625 0.01171875
5 0.3953125 0.40625 0.06953125 0.01171875
5 0.29375 0.4609375 0.0921875 0.01015625
5 0.2796875 0.47421875 0.0296875 0.01015625
6 0.31875 0.2640625 0.00625 0.0125
6 0.334375 0.26484375 0.00546875 0.0125
7 0.3125 0.25078125 0.01328125 0.01328125
7 0.27890625 0.3 0.0171875 0.015625
7 0.32265625 0.3 0.01640625 0.0171875
7 0.4234375 0.259375 0.028125 0.0171875
7 0.42265625 0.27578125 0.02734375 0.015625
7 0.4390625 0.303125 0.015625 0.01640625
2 0.43828125 0.240625 0.05546875 0.0171875
2 0.45234375 0.2640625 0.02578125 0.0171875
2 0.32734375 0.28046875 0.046875 0.01640625
2 0.3296875 0.3296875 0.04453125 0.01640625
5 0.3265625 0.26484375 0.009375 0.009375
5 0.34453125 0.26484375 0.0140625 0.01171875
1 0.34453125 0.46328125 0.00625 0.009375
1 0.34375 0.475 0.00546875 0.01015625
1 0.4609375 0.3328125 0.00703125 0.0109375
1 0.4609375 0.3453125 0.0078125 0.01171875
1 0.4609375 0.3609375 0.0078125 0.0109375
1 0.46015625 0.375 0.0078125 0.01171875
1 0.4609375 0.390625 0.0078125 0.0109375
1 0.4609375 0.40546875 0.00703125 0.0125
0 0.31875 0.4734375 0.04375 0.0140625
0 0.36796875 0.46796875 0.01953125 0.01484375
0 0.3875 0.46796875 0.01953125 0.015625
0 0.45625 0.46796875 0.021875 0.0171875
0 0.4875 0.12109375 0.0125 0.01640625
0 0.50546875 0.12109375 0.00859375 0.01640625
0 0.52265625 0.1203125 0.0109375 0.015625
3 0.07578125 0.984375 0.1125 0.03125