5 0.06328125 0.2890625 0.06015625 0.05546875
5 0.05859375 0.0265625 0.1171875 0.02578125
5 0.04609375 0.0484375 0.03203125 0.0203125
5 0.1359375 0.05078125 0.05078125 0.01875
5 0.22890625 0.05234375 0.05625 0.0171875
5 0.309375 0.0453125 0.05 0.0265625
7 0.20703125 0.30625 0.03203125 0.0328125
5 0.20234375 0.27421875 0.028125 0.0265625
7 0.24140625 0.30546875 0.03359375 0.03515625
5 0.24140625 0.27265625 0.02578125 0.0234375
7 0.2796875 0.3046875 0.04375 0.0328125
5 0.27734375 0.27265625 0.0203125 0.025
2 0.24375 0.49921875 0.11796875 0.27578125
5 0.2875 0.34296875 0.03828125 0.03203125
5 0.2421875 0.34140625 0.02421875 0.0171875
5 0.1859375 0.34296875 0.05 0.02890625
5 0.15078125 0.30625 0.06796875 0.03984375
5 0.14921875 0.3828125 0.06796875 0.0328125
5 0.165625 0.43125 0.03828125 0.02890625
5 0.0703125 0.43046875 0.05859375 0.034375
5 0.10859375 0.50078125 0.15078125 0.02890625
5 0.1234375 0.4640625 0.03984375 0.02578125
4 0.21875 0.5703125 0.06171875 0.01953125
4 0.22578125 0.5453125 0.065625 0.01875
4 0.2171875 0.52109375 0.05390625 0.02109375
4 0.21953125 0.4953125 0.05546875 0.021875
4 0.2125 0.46875 0.03828125 0.02109375
4 0.20390625 0.44375 0.02578125 0.025
4 0.23515625 0.625 0.08359375 0.0234375
4 0.21015625 0.596875 0.0390625 0.01953125
5 0.43828125 0.4390625 0.12265625 0.0265625
5 0.4171875 0.409375 0.13046875 0.025
5 0.40234375 0.3703125 0.08984375 0.03046875
5 0.39609375 0.3328125 0.09609375 0.025
5 0.3984375 0.284375 0.09140625 0.03203125
5 0.5703125 0.44140625 0.05546875 0.03359375
5 0.43125 0.5078125 0.221875 0.025
5 0.4109375 0.69609375 0.178125 0.03671875
5 0.41015625 0.65859375 0.18359375 0.03203125
5 0.41953125 0.621875 0.1984375 0.034375
5 0.43671875 0.58125 0.2296875 0.028125
5 0.4015625 0.5453125 0.14609375 0.02578125
5 0.159375 0.825 0.23203125 0.02890625
5 0.125 0.85859375 0.07734375 0.0390625
4 0.2296875 0.41171875 0.08359375 0.028125
2 0.51796875 0.2859375 0.13984375 0.0453125
2 0.55546875 0.34296875 0.0671875 0.040625
6 0.221875 0.3390625 0.01171875 0.01875
6 0.26015625 0.33984375 0.01015625 0.01953125
7 0.48125 0.32578125 0.06328125 0.03203125
7 0.48125 0.3703125 0.0625 0.04296875
7 0.52109375 0.4359375 0.0375 0.03984375
7 0.12421875 0.42734375 0.040625 0.03828125
1 0.57578125 0.509375 0.01484375 0.02890625
1 0.57578125 0.54140625 0.015625 0.025
1 0.5765625 0.57890625 0.01796875 0.02734375
1 0.57578125 0.61484375 0.01640625 0.034375
1 0.575 0.65234375 0.01796875 0.03125
1 0.57265625 0.68984375 0.01796875 0.03125
1 0.2859375 0.8328125 0.0140625 0.02734375
1 0.2875 0.8625 0.01796875 0.02421875
0 0.95234375 0.01015625 0.0140625 0.0203125
0 0.96953125 0.01015625 0.0203125 0.01953125
0 0.98984375 0.009375 0.0203125 0.01875
0 0.221875 0.85859375 0.11015625 0.03671875
0 0.34296875 0.846875 0.05 0.03984375
0 0.39609375 0.84765625 0.0515625 0.0453125
0 0.5640625 0.846875 0.046875 0.0375
3 0.075 0.9859375 0.1125 0.028125