5 0.059375 0.02890625 0.11796875 0.025
5 0.046875 0.0515625 0.04609375 0.028125
5 0.13828125 0.05625 0.0546875 0.0234375
5 0.2265625 0.0484375 0.0640625 0.0359375
5 0.31015625 0.05078125 0.05390625 0.02890625
7 0.20625 0.30625 0.03359375 0.03515625
5 0.203125 0.2734375 0.03046875 0.0265625
7 0.240625 0.30625 0.03203125 0.0328125
5 0.2421875 0.27265625 0.03046875 0.0265625
7 0.2796875 0.30546875 0.04453125 0.03515625
5 0.2765625 0.2703125 0.02265625 0.02578125
5 0.28515625 0.3421875 0.034375 0.0171875
2 0.24453125 0.38359375 0.11640625 0.040625
5 0.2421875 0.34140625 0.02265625 0.0171875
5 0.18671875 0.34375 0.05 0.02265625
5 0.15 0.30546875 0.07109375 0.0234375
5 0.06171875 0.29453125 0.05546875 0.05234375
5 0.1515625 0.38359375 0.06015625 0.03671875
5 0.17578125 0.43359375 0.059375 0.021875
5 0.2796875 0.43515625 0.0515625 0.021875
5 0.07265625 0.43046875 0.0578125 0.03359375
5 0.109375 0.50234375 0.16796875 0.03359375
5 0.12421875 0.4640625 0.034375 0.0140625
2 0.25 0.503125 0.1078125 0.046875
5 0.23046875 0.46328125 0.053125 0.0171875
5 0.40625 0.2859375 0.08359375 0.0328125
5 0.396875 0.36640625 0.090625 0.03359375
5 0.39921875 0.33359375 0.090625 0.034375
5 0.43984375 0.43515625 0.11640625 0.021875
5 0.42109375 0.409375 0.13984375 0.028125
5 0.56796875 0.43984375 0.0453125 0.04921875
5 0.43359375 0.509375 0.21484375 0.0265625
5 0.415625 0.61875 0.19296875 0.034375
5 0.4375 0.5828125 0.2203125 0.03046875
5 0.39921875 0.5421875 0.1484375 0.02890625
5 0.41875 0.70390625 0.18515625 0.046875
5 0.41328125 0.659375 0.1859375 0.03203125
5 0.16015625 0.82421875 0.23359375 0.02890625
5 0.12109375 0.8609375 0.0796875 0.03046875
6 0.22109375 0.3390625 0.0125 0.02109375
6 0.2609375 0.33828125 0.01171875 0.01875
7 0.125 0.42734375 0.0421875 0.0375
7 0.2296875 0.428125 0.0390625 0.0390625
7 0.48046875 0.32734375 0.06484375 0.0359375
7 0.4796875 0.36953125 0.06328125 0.0375
7 0.5203125 0.4359375 0.0390625 0.040625
2 0.5171875 0.28125 0.13671875 0.040625
2 0.55390625 0.34140625 0.06484375 0.0421875
1 0.57578125 0.50859375 0.01640625 0.02578125
1 0.57421875 0.540625 0.01796875 0.02421875
1 0.575 0.58046875 0.0125 0.025
1 0.57421875 0.61328125 0.01796875 0.02578125
1 0.575 0.653125 0.01640625 0.02890625
1 0.57578125 0.68984375 0.01484375 0.0265625
1 0.2859375 0.8328125 0.0140625 0.0265625
1 0.2859375 0.8625 0.0140625 0.02421875
0 0.221875 0.859375 0.11015625 0.034375
0 0.34296875 0.84765625 0.04921875 0.03984375
0 0.39609375 0.846875 0.05390625 0.040625
0 0.5640625 0.8453125 0.0546875 0.03984375
0 0.95625 0.01015625 0.01875 0.0203125
0 0.9734375 0.0109375 0.015625 0.021875
0 0.990625 0.0109375 0.01875 0.021875
3 0.07421875 0.98515625 0.1109375 0.0296875