5 0.059375 0.0265625 0.11640625 0.015625
5 0.04765625 0.05 0.03203125 0.02109375
5 0.1390625 0.0484375 0.04609375 0.0296875
5 0.228125 0.05078125 0.0640625 0.02109375
5 0.3140625 0.05078125 0.0421875 0.021875
5 0.0640625 0.28671875 0.06171875 0.03203125
7 0.20703125 0.30703125 0.0328125 0.03671875
5 0.20703125 0.27265625 0.02265625 0.0296875
5 0.24296875 0.271875 0.028125 0.0265625
7 0.28046875 0.30703125 0.04453125 0.0359375
5 0.27578125 0.271875 0.01953125 0.0234375
5 0.15 0.30703125 0.0703125 0.0234375
5 0.190625 0.3421875 0.0421875 0.01953125
2 0.24609375 0.3828125 0.11796875 0.0453125
5 0.24140625 0.34296875 0.02421875 0.025
5 0.2859375 0.3421875 0.03671875 0.028125
5 0.14765625 0.38203125 0.071875 0.03359375
5 0.06875 0.42265625 0.06171875 0.03203125
5 0.17578125 0.43203125 0.059375 0.0328125
5 0.278125 0.43203125 0.04140625 0.0375
2 0.25 0.50390625 0.1078125 0.04375
5 0.2328125 0.4671875 0.06328125 0.025
5 0.1140625 0.5015625 0.1625 0.0328125
5 0.125 0.465625 0.0453125 0.02265625
5 0.40703125 0.29140625 0.0796875 0.028125
5 0.440625 0.4375 0.12421875 0.03359375
5 0.41953125 0.40625 0.12578125 0.0328125
5 0.4015625 0.36640625 0.09140625 0.0234375
5 0.4015625 0.3359375 0.0890625 0.02578125
5 0.565625 0.4328125 0.0421875 0.04296875
5 0.43671875 0.50625 0.22109375 0.03203125
5 0.43984375 0.5796875 0.23125 0.034375
5 0.39921875 0.54453125 0.14296875 0.0265625
5 0.4140625 0.6953125 0.17265625 0.03359375
5 0.4140625 0.65703125 0.1765625 0.02890625
5 0.41875 0.62109375 0.18671875 0.03359375
5 0.15859375 0.82265625 0.23359375 0.0328125
5 0.12265625 0.865625 0.07734375 0.0328125
6 0.221875 0.340625 0.0109375 0.01953125
6 0.26015625 0.3390625 0.01015625 0.021875
7 0.240625 0.30703125 0.0328125 0.0375
7 0.1234375 0.4265625 0.04140625 0.0375
7 0.2296875 0.42890625 0.04140625 0.0421875
7 0.48125 0.32578125 0.06484375 0.0390625
7 0.48125 0.36953125 0.0640625 0.0390625
7 0.521875 0.4375 0.03984375 0.03984375
2 0.5171875 0.28125 0.13671875 0.04453125
2 0.55390625 0.34375 0.0671875 0.04453125
1 0.575 0.50703125 0.01640625 0.02578125
1 0.57421875 0.53984375 0.015625 0.02734375
1 0.57578125 0.5796875 0.01484375 0.02421875
1 0.57578125 0.61484375 0.01640625 0.02578125
1 0.57578125 0.653125 0.01484375 0.03515625
1 0.575 0.690625 0.01640625 0.0234375
1 0.28515625 0.83359375 0.01328125 0.02421875
1 0.28671875 0.8640625 0.01640625 0.0234375
0 0.22265625 0.86171875 0.1078125 0.03984375
0 0.34375 0.84453125 0.046875 0.04140625
0 0.39453125 0.846875 0.05078125 0.04375
0 0.56328125 0.846875 0.04609375 0.04296875
0 0.95234375 0.00703125 0.0140625 0.0140625
0 0.96875 0.00859375 0.01875 0.0171875
0 0.98828125 0.00859375 0.0203125 0.0171875
3 0.07421875 0.98671875 0.1125 0.02578125