8 0.3703125 0.59296875 0.3390625 0.06171875
8 0.390625 0.86953125 0.31953125 0.03671875
8 0.38671875 0.75625 0.36953125 0.17890625
8 0.384375 0.35078125 0.3265625 0.1640625
5 0.74296875 0.2453125 0.1140625 0.05625
5 0.78671875 0.30703125 0.209375 0.05078125
5 0.78203125 0.42890625 0.196875 0.04375
5 0.79765625 0.50078125 0.046875 0.0359375
5 0.753125 0.565625 0.1390625 0.0484375
5 0.7484375 0.6859375 0.13984375 0.03828125
5 0.796875 0.634375 0.03984375 0.02890625
5 0.7984375 0.75078125 0.03671875 0.0328125
5 0.8109375 0.8109375 0.20703125 0.0546875
5 0.871875 0.87265625 0.096875 0.04140625
5 0.0578125 0.02578125 0.10859375 0.021875
5 0.04765625 0.05 0.03359375 0.01796875
5 0.14140625 0.04609375 0.04140625 0.0296875
5 0.22734375 0.0421875 0.05546875 0.03671875
5 0.31328125 0.04453125 0.04765625 0.02578125
7 0.88046875 0.49296875 0.08515625 0.06953125
7 0.878125 0.62265625 0.08671875 0.0734375
7 0.8796875 0.73984375 0.08515625 0.07109375
2 0.80078125 0.36953125 0.24453125 0.0703125
0 0.72265625 0.49140625 0.08515625 0.0671875
0 0.725 0.6265625 0.0890625 0.06484375
0 0.72109375 0.746875 0.08828125 0.06953125
0 0.8796875 0.93515625 0.0890625 0.065625
0 0.953125 0.00859375 0.0171875 0.01640625
0 0.971875 0.01015625 0.01953125 0.01953125
0 0.990625 0.01015625 0.01875 0.01953125
3 0.075 0.9859375 0.1125 0.028125