5 0.0578125 0.02421875 0.11171875 0.021875
5 0.04921875 0.0484375 0.03203125 0.02109375
5 0.14140625 0.0484375 0.0421875 0.0234375
5 0.2296875 0.05 0.05703125 0.02109375
5 0.3171875 0.04609375 0.0421875 0.02578125
5 0.06171875 0.28359375 0.0578125 0.03984375
5 0.20546875 0.2734375 0.02265625 0.02265625
5 0.24296875 0.27109375 0.03359375 0.028125
5 0.278125 0.271875 0.02421875 0.0265625
5 0.40234375 0.2859375 0.08671875 0.034375
5 0.41796875 0.40703125 0.12421875 0.028125
5 0.40078125 0.36796875 0.0875 0.03984375
5 0.40078125 0.33203125 0.0953125 0.028125
5 0.44140625 0.4390625 0.11484375 0.02890625
5 0.56875 0.43515625 0.04375 0.040625
5 0.153125 0.30703125 0.06484375 0.03046875
5 0.18984375 0.33984375 0.0421875 0.03046875
2 0.2453125 0.38125 0.1171875 0.03984375
5 0.2421875 0.34296875 0.0234375 0.02578125
5 0.2859375 0.34140625 0.0390625 0.0265625
5 0.15078125 0.38359375 0.0671875 0.03359375
5 0.0734375 0.4328125 0.05703125 0.03359375
5 0.17578125 0.434375 0.0609375 0.03046875
5 0.27734375 0.4328125 0.0421875 0.0296875
5 0.11328125 0.50234375 0.159375 0.025
5 0.1234375 0.46328125 0.04375 0.021875
2 0.2515625 0.5046875 0.109375 0.04296875
5 0.23046875 0.4640625 0.059375 0.02109375
5 0.4328125 0.5078125 0.2171875 0.0359375
5 0.41328125 0.69609375 0.18828125 0.04296875
5 0.4140625 0.65546875 0.17890625 0.03046875
5 0.42421875 0.6203125 0.1984375 0.02578125
5 0.43828125 0.5796875 0.228125 0.01953125
5 0.39765625 0.540625 0.14140625 0.0234375
5 0.15859375 0.8234375 0.23203125 0.03046875
5 0.125 0.8609375 0.07734375 0.0296875
6 0.221875 0.3390625 0.01015625 0.0171875
6 0.26015625 0.3390625 0.0109375 0.0171875
7 0.20625 0.30625 0.0328125 0.0328125
7 0.240625 0.30625 0.034375 0.03359375
7 0.2796875 0.30625 0.04296875 0.03359375
7 0.12421875 0.42734375 0.03828125 0.0375
7 0.2296875 0.428125 0.03828125 0.03515625
7 0.48125 0.32578125 0.0609375 0.034375
7 0.48046875 0.36875 0.0609375 0.03359375
7 0.52109375 0.4359375 0.03671875 0.03515625
2 0.5171875 0.28203125 0.1359375 0.0328125
2 0.55390625 0.34140625 0.06640625 0.04140625
1 0.575 0.68984375 0.01484375 0.025
1 0.575 0.653125 0.0203125 0.0328125
1 0.575 0.6140625 0.01953125 0.0359375
1 0.575 0.578125 0.0171875 0.03203125
1 0.57421875 0.540625 0.0171875 0.0296875
1 0.575 0.5078125 0.01875 0.0265625
1 0.28515625 0.8625 0.0125 0.0203125
1 0.28515625 0.8328125 0.01171875 0.02109375
0 0.2234375 0.85859375 0.1078125 0.034375
0 0.34375 0.84765625 0.04921875 0.04140625
0 0.39453125 0.8484375 0.05078125 0.03984375
0 0.5640625 0.846875 0.053125 0.040625
0 0.953125 0.009375 0.01875 0.01875
0 0.971875 0.009375 0.01875 0.01875
0 0.990625 0.009375 0.01875 0.01875
3 0.075 0.98671875 0.11171875 0.02578125