5 0.1734375 0.10546875 0.03359375 0.01328125
5 0.20546875 0.128125 0.10859375 0.0140625
5 0.16640625 0.13671875 0.015625 0.00859375
5 0.1984375 0.13828125 0.01875 0.00703125
5 0.2296875 0.13828125 0.02109375 0.009375
5 0.26015625 0.1390625 0.01484375 0.00703125
5 0.178125 0.22734375 0.02421875 0.0171875
7 0.234375 0.2359375 0.01328125 0.01484375
5 0.2328125 0.225 0.01171875 0.00859375
5 0.246875 0.2234375 0.01328125 0.01015625
5 0.26171875 0.22265625 0.01171875 0.0109375
5 0.21328125 0.23671875 0.0265625 0.01171875
5 0.228125 0.25078125 0.01875 0.0109375
5 0.24765625 0.25078125 0.01015625 0.009375
5 0.26640625 0.25078125 0.01328125 0.009375
5 0.2125 0.265625 0.02578125 0.0109375
5 0.18125 0.284375 0.02265625 0.015625
5 0.22265625 0.28671875 0.02421875 0.01328125
5 0.2609375 0.28671875 0.015625 0.009375
5 0.24453125 0.2984375 0.02265625 0.01015625
5 0.19765625 0.31328125 0.0640625 0.01484375
5 0.203125 0.29765625 0.0203125 0.01015625
5 0.3140625 0.2296875 0.03125 0.01328125
5 0.31171875 0.259375 0.0328125 0.01015625
5 0.3125 0.24609375 0.034375 0.00859375
5 0.31875 0.275 0.0453125 0.0109375
5 0.328125 0.28828125 0.04609375 0.01328125
5 0.37734375 0.28828125 0.015625 0.01171875
5 0.32578125 0.31484375 0.08671875 0.009375
5 0.31171875 0.33125 0.05703125 0.0109375
5 0.3265625 0.34453125 0.0890625 0.009375
5 0.31953125 0.3609375 0.075 0.0109375
5 0.3171875 0.375 0.0703125 0.0109375
5 0.31640625 0.390625 0.06796875 0.01171875
5 0.21640625 0.44453125 0.09140625 0.01015625
5 0.2015625 0.45703125 0.03046875 0.01171875
6 0.23984375 0.2484375 0.0046875 0.01015625
6 0.25625 0.2484375 0.00546875 0.01015625
7 0.34375 0.24375 0.02421875 0.01484375
7 0.34375 0.26171875 0.025 0.015625
7 0.36015625 0.2875 0.01640625 0.0140625
7 0.2484375 0.23515625 0.01328125 0.0140625
7 0.26328125 0.23515625 0.01796875 0.0140625
7 0.24375 0.284375 0.015625 0.0140625
7 0.20078125 0.28359375 0.015625 0.0140625
2 0.35859375 0.2265625 0.05390625 0.015625
2 0.3734375 0.25 0.025 0.01640625
2 0.24921875 0.265625 0.04609375 0.015625
2 0.25234375 0.31484375 0.04296875 0.01484375
1 0.265625 0.44609375 0.0046875 0.01015625
1 0.2671875 0.45859375 0.00703125 0.0109375
1 0.38203125 0.31640625 0.00625 0.0125
1 0.38125 0.3296875 0.00859375 0.00859375
1 0.38125 0.3453125 0.00703125 0.0125
1 0.38125 0.359375 0.00703125 0.0109375
1 0.38203125 0.37421875 0.0078125 0.01171875
1 0.38125 0.3890625 0.00703125 0.0125
0 0.24140625 0.45625 0.04296875 0.01484375
0 0.2890625 0.45078125 0.01953125 0.015625
0 0.30859375 0.45078125 0.0203125 0.01640625
0 0.3765625 0.45078125 0.021875 0.0140625
0 0.52421875 0.10703125 0.015625 0.01640625
0 0.54375 0.10546875 0.0140625 0.015625
0 0.5609375 0.10625 0.015625 0.015625
3 0.075 0.98671875 0.11171875 0.02578125