7 0.33671875 0.2765625 0.04140625 0.04140625
7 0.37890625 0.27734375 0.03984375 0.04453125
7 0.42578125 0.27734375 0.0515625 0.046875
5 0.16484375 0.26015625 0.06328125 0.04296875
5 0.3359375 0.23984375 0.0359375 0.0265625
5 0.3796875 0.23828125 0.03359375 0.02578125
5 0.42265625 0.23671875 0.025 0.02578125
5 0.2734375 0.2796875 0.07578125 0.03359375
5 0.3203125 0.31953125 0.05546875 0.03359375
5 0.5765625 0.2546875 0.0953125 0.034375
5 0.5703125 0.35234375 0.0984375 0.0375
5 0.57109375 0.31328125 0.10859375 0.034375
5 0.5875 0.4 0.13828125 0.0265625
5 0.6203125 0.43671875 0.1375 0.0296875
5 0.7671875 0.434375 0.04765625 0.0375
5 0.6125 0.51484375 0.25703125 0.03359375
5 0.61640625 0.60625 0.2703125 0.03203125
5 0.56796875 0.56328125 0.16796875 0.034375
5 0.59296875 0.65234375 0.21953125 0.034375
5 0.5828125 0.74375 0.20234375 0.0390625
5 0.58359375 0.6984375 0.20078125 0.03359375
5 0.228125 0.51328125 0.18984375 0.040625
5 0.17578125 0.42421875 0.06953125 0.03671875
5 0.3015625 0.43046875 0.06953125 0.03359375
5 0.27109375 0.36796875 0.0734375 0.03984375
5 0.41953125 0.434375 0.046875 0.034375
7 0.66640625 0.3 0.075 0.0484375
7 0.6671875 0.3546875 0.0765625 0.04453125
7 0.715625 0.4328125 0.04609375 0.0484375
2 0.38359375 0.36875 0.1359375 0.04921875
6 0.35625 0.3171875 0.0125 0.02578125
5 0.3796875 0.32421875 0.02734375 0.02578125
6 0.4015625 0.31875 0.0125 0.02578125
5 0.4328125 0.3203125 0.040625 0.02578125
2 0.7109375 0.24921875 0.1625 0.04296875
2 0.75625 0.3203125 0.08046875 0.05234375
2 0.38984375 0.51484375 0.128125 0.05390625
5 0.2828125 0.9015625 0.2765625 0.03046875
5 0.23984375 0.940625 0.08828125 0.028125
0 0.3578125 0.93984375 0.12578125 0.03671875
0 0.50234375 0.92578125 0.059375 0.0453125
0 0.56328125 0.9265625 0.05703125 0.04140625
0 0.765625 0.92734375 0.05859375 0.04453125
1 0.43203125 0.94375 0.01640625 0.0234375
1 0.43125 0.91015625 0.01484375 0.03046875
1 0.778125 0.5578125 0.01640625 0.0328125
1 0.77890625 0.51953125 0.0171875 0.03359375
1 0.7796875 0.6484375 0.01640625 0.0328125
1 0.77890625 0.6046875 0.015625 0.0328125
1 0.77890625 0.73828125 0.01875 0.04296875
1 0.7796875 0.6921875 0.01640625 0.028125
7 0.23828125 0.42734375 0.05 0.05234375
7 0.3640625 0.4234375 0.04765625 0.05078125
5 0.365625 0.46796875 0.06875 0.028125
5 0.2375 0.46796875 0.05078125 0.02265625
3 0.075 0.984375 0.1125 0.03125