8 0.49609375 0.1734375 0.46953125 0.125
5 0.4546875 0.34765625 0.04921875 0.078125
5 0.45390625 0.5484375 0.05 0.0515625
5 0.52734375 0.80234375 0.1703125 0.0890625
6 0.28984375 0.3390625 0.0546875 0.0984375
6 0.2890625 0.53359375 0.059375 0.09453125
6 0.290625 0.746875 0.05078125 0.0921875
0 0.50703125 0.534375 0.034375 0.0265625
8 0.49765625 0.49921875 0.03515625 0.01953125
0 0.51875 0.4703125 0.0109375 0.015625
0 0.9515625 0.01171875 0.021875 0.0234375
0 0.971875 0.01328125 0.01953125 0.02578125
0 0.990625 0.01328125 0.01875 0.02578125
3 0.075 0.98671875 0.11171875 0.0265625