5 0.078125 0.065625 0.10625 0.01484375
5 0.04453125 0.134375 0.01640625 0.009375
5 0.0703125 0.140625 0.01796875 0.0078125
5 0.08125 0.15078125 0.0125 0.0046875
2 0.096875 0.16171875 0.0328125 0.01171875
5 0.0953125 0.15078125 0.0078125 0.00546875
5 0.1078125 0.15078125 0.0109375 0.00703125
7 0.0859375 0.140625 0.009375 0.01015625
5 0.0859375 0.13203125 0.00703125 0.00625
7 0.0953125 0.13984375 0.009375 0.01015625
5 0.0953125 0.13203125 0.009375 0.0078125
7 0.10625 0.140625 0.01171875 0.00859375
5 0.10546875 0.13203125 0.00703125 0.00625
5 0.06953125 0.16171875 0.01875 0.00703125
5 0.0484375 0.175 0.015625 0.00625
5 0.07734375 0.17734375 0.0171875 0.00859375
5 0.1046875 0.1765625 0.01171875 0.00859375
5 0.06015625 0.19609375 0.04453125 0.009375
5 0.06328125 0.18515625 0.0125 0.00703125
2 0.0984375 0.196875 0.03125 0.0125
5 0.0921875 0.18515625 0.01953125 0.0078125
5 0.14140625 0.1359375 0.0234375 0.00859375
5 0.13984375 0.1578125 0.0265625 0.00859375
5 0.140625 0.1484375 0.02578125 0.0078125
5 0.1515625 0.17734375 0.034375 0.00703125
5 0.14453125 0.16953125 0.0328125 0.0078125
5 0.1875 0.17734375 0.0125 0.01015625
5 0.15 0.19609375 0.0609375 0.0078125
5 0.13984375 0.20625 0.040625 0.00859375
5 0.15234375 0.21875 0.0625 0.00859375
5 0.1453125 0.22890625 0.05234375 0.00859375
5 0.14375 0.25 0.04921875 0.01015625
5 0.14375 0.23984375 0.05 0.00703125
5 0.07265625 0.2875 0.065625 0.009375
5 0.06328125 0.296875 0.021875 0.0078125
7 0.16328125 0.14609375 0.01796875 0.009375
7 0.16328125 0.15859375 0.01796875 0.01015625
7 0.06171875 0.17421875 0.0109375 0.01015625
7 0.0921875 0.175 0.01171875 0.01015625
6 0.08984375 0.14921875 0.00390625 0.00625
6 0.1015625 0.15 0.003125 0.00625
2 0.1734375 0.13359375 0.0390625 0.0109375
2 0.18359375 0.15078125 0.01796875 0.01171875
7 0.175 0.1765625 0.0109375 0.0109375
0 0.090625 0.296875 0.03046875 0.009375
0 0.125 0.29296875 0.01328125 0.00859375
0 0.13828125 0.29296875 0.01328125 0.009375
0 0.18671875 0.29296875 0.0140625 0.00859375
0 0.2828125 0.0421875 0.01015625 0.01640625
0 0.3015625 0.04375 0.0140625 0.01796875
0 0.31953125 0.04140625 0.015625 0.01328125
1 0.18984375 0.20625 0.0046875 0.00703125
1 0.18984375 0.196875 0.0046875 0.00703125
1 0.18984375 0.2171875 0.00390625 0.00703125
1 0.18984375 0.2375 0.0046875 0.0078125
1 0.18984375 0.22734375 0.0046875 0.00703125
1 0.190625 0.24921875 0.00546875 0.00859375
1 0.1078125 0.296875 0.003125 0.00703125
1 0.1078125 0.2890625 0.00390625 0.00625
3 0.075 0.9859375 0.11171875 0.028125