5 0.05703125 0.02890625 0.10625 0.01328125
5 0.04765625 0.0484375 0.03203125 0.01953125
5 0.140625 0.0515625 0.05078125 0.01953125
5 0.23203125 0.0515625 0.0578125 0.0234375
5 0.31171875 0.05234375 0.03984375 0.01796875
5 0.06328125 0.284375 0.059375 0.0453125
5 0.20390625 0.27109375 0.02265625 0.0265625
7 0.24140625 0.30625 0.0328125 0.0375
5 0.2421875 0.27890625 0.03515625 0.021875
7 0.2796875 0.3046875 0.04375 0.03671875
5 0.278125 0.275 0.0265625 0.025
5 0.40703125 0.2890625 0.0828125 0.028125
5 0.4359375 0.4390625 0.1234375 0.03046875
5 0.41640625 0.409375 0.1234375 0.0328125
5 0.3984375 0.36875 0.0875 0.025
5 0.40234375 0.334375 0.08984375 0.02578125
5 0.56875 0.4390625 0.04609375 0.0390625
5 0.1546875 0.309375 0.0671875 0.03046875
5 0.1921875 0.34296875 0.04375 0.0265625
2 0.2453125 0.3828125 0.11875 0.040625
5 0.2421875 0.3453125 0.0265625 0.021875
5 0.28671875 0.3421875 0.03515625 0.03203125
5 0.15234375 0.3796875 0.0640625 0.0265625
5 0.071875 0.42890625 0.0609375 0.040625
5 0.17578125 0.43359375 0.059375 0.03359375
5 0.28046875 0.43046875 0.04765625 0.0296875
5 0.11328125 0.50390625 0.1609375 0.03359375
5 0.12421875 0.46484375 0.04765625 0.02109375
2 0.24765625 0.50390625 0.10703125 0.04609375
5 0.23046875 0.465625 0.065625 0.01875
5 0.4328125 0.50390625 0.215625 0.03359375
5 0.43671875 0.578125 0.221875 0.03203125
5 0.3984375 0.54453125 0.13984375 0.028125
5 0.41484375 0.690625 0.17890625 0.0375
5 0.41015625 0.65546875 0.1703125 0.034375
5 0.415625 0.61953125 0.18046875 0.0328125
5 0.1609375 0.83046875 0.23359375 0.028125
5 0.12265625 0.8609375 0.08046875 0.0234375
6 0.221875 0.34140625 0.015625 0.025
6 0.26171875 0.33984375 0.0140625 0.025
7 0.20625 0.30703125 0.0359375 0.03828125
7 0.1234375 0.42734375 0.03984375 0.0390625
7 0.2296875 0.42578125 0.04296875 0.040625
7 0.48203125 0.32578125 0.065625 0.03984375
7 0.48125 0.36875 0.06328125 0.03828125
7 0.52109375 0.4359375 0.03984375 0.0421875
2 0.51875 0.28515625 0.1375 0.046875
2 0.55546875 0.34140625 0.06640625 0.04296875
1 0.5765625 0.509375 0.0203125 0.03046875
1 0.575 0.5390625 0.015625 0.02578125
1 0.575 0.5796875 0.0140625 0.02578125
1 0.57421875 0.615625 0.01875 0.02578125
1 0.57578125 0.65390625 0.0171875 0.02578125
1 0.57578125 0.690625 0.01484375 0.025
1 0.28515625 0.83359375 0.0140625 0.0234375
1 0.28515625 0.86171875 0.01328125 0.021875
0 0.22265625 0.8578125 0.10859375 0.03984375
0 0.34296875 0.85 0.05234375 0.0453125
0 0.3953125 0.85 0.05390625 0.046875
0 0.5640625 0.846875 0.053125 0.04375
0 0.9546875 0.0109375 0.0203125 0.021875
0 0.97265625 0.01015625 0.0171875 0.0203125
0 0.990625 0.01015625 0.01875 0.0203125
3 0.075 0.9859375 0.1125 0.028125