5 0.25078125 0.1203125 0.03359375 0.01484375
5 0.2796875 0.14140625 0.10703125 0.015625
5 0.2546875 0.15703125 0.0203125 0.0125
5 0.31171875 0.1578125 0.02734375 0.015625
5 0.36640625 0.15546875 0.0390625 0.015625
5 0.4203125 0.15625 0.0265625 0.01640625
5 0.26796875 0.30703125 0.034375 0.03359375
7 0.36015625 0.31875 0.02109375 0.02109375
5 0.359375 0.30078125 0.01796875 0.01484375
5 0.38203125 0.29921875 0.02109375 0.0171875
5 0.40625 0.2984375 0.01640625 0.01875
5 0.3265625 0.31953125 0.04375 0.01953125
5 0.35 0.34296875 0.034375 0.0171875
2 0.38515625 0.36796875 0.0765625 0.02890625
5 0.38203125 0.34453125 0.0171875 0.01328125
5 0.4109375 0.34140625 0.025 0.015625
5 0.325 0.36953125 0.04296875 0.0203125
5 0.33984375 0.4015625 0.03984375 0.0234375
5 0.2765625 0.4015625 0.03984375 0.021875
5 0.4046875 0.40234375 0.025 0.02109375
5 0.30703125 0.421875 0.025 0.01328125
2 0.38828125 0.44609375 0.0703125 0.0296875
5 0.375 0.42109375 0.0390625 0.01484375
5 0.30078125 0.44609375 0.1015625 0.01875
5 0.48828125 0.30703125 0.0484375 0.01640625
5 0.48515625 0.3375 0.05546875 0.015625
5 0.48359375 0.359375 0.05625 0.01875
5 0.49375 0.38515625 0.07890625 0.021875
5 0.51484375 0.40546875 0.07265625 0.01640625
5 0.5921875 0.4046875 0.02265625 0.01875
5 0.50546875 0.44921875 0.1359375 0.0203125
5 0.48359375 0.4734375 0.09140625 0.0171875
5 0.51015625 0.496875 0.13984375 0.01796875
5 0.49609375 0.521875 0.11640625 0.01484375
5 0.49296875 0.5453125 0.11171875 0.0171875
5 0.4921875 0.56953125 0.1078125 0.015625
5 0.33046875 0.65625 0.1484375 0.01875
5 0.3078125 0.678125 0.046875 0.0203125
5 0.18046875 0.771875 0.05546875 0.0125
5 0.57421875 0.7890625 0.0234375 0.01484375
6 0.37109375 0.34140625 0.009375 0.01953125
6 0.3953125 0.3421875 0.009375 0.01875
7 0.38203125 0.31953125 0.0203125 0.0234375
7 0.40703125 0.31875 0.028125 0.0234375
7 0.53671875 0.3328125 0.040625 0.02421875
7 0.53671875 0.36015625 0.040625 0.0234375
7 0.5640625 0.40234375 0.02421875 0.0234375
7 0.30703125 0.3984375 0.02578125 0.0234375
7 0.37578125 0.3984375 0.02734375 0.025
2 0.5609375 0.3046875 0.08984375 0.028125
2 0.58515625 0.3421875 0.0453125 0.03046875
1 0.5984375 0.44921875 0.0109375 0.0171875
1 0.5984375 0.47109375 0.009375 0.0171875
1 0.59765625 0.49609375 0.01015625 0.0171875
1 0.59765625 0.51953125 0.0109375 0.0171875
1 0.59765625 0.54453125 0.01015625 0.01640625
1 0.59765625 0.56953125 0.0109375 0.01953125
1 0.4109375 0.6796875 0.01015625 0.01796875
1 0.4109375 0.6609375 0.01171875 0.015625
0 0.3703125 0.67578125 0.0703125 0.02109375
0 0.44921875 0.6703125 0.03125 0.0265625
0 0.48125 0.6703125 0.0328125 0.02734375
0 0.59140625 0.66953125 0.03515625 0.025
0 0.609375 0.1203125 0.01484375 0.0171875
0 0.6265625 0.12109375 0.0125 0.01796875
0 0.64375 0.12109375 0.0171875 0.01953125
3 0.075 0.98515625 0.1125 0.0296875