5 0.059375 0.03046875 0.10859375 0.01484375
5 0.04765625 0.05 0.03515625 0.01875
5 0.1453125 0.0453125 0.0546875 0.0234375
5 0.2296875 0.04921875 0.0578125 0.02109375
5 0.315625 0.0484375 0.04296875 0.02109375
5 0.06328125 0.28203125 0.05859375 0.04296875
7 0.20625 0.30546875 0.034375 0.03671875
5 0.20390625 0.271875 0.03203125 0.02890625
7 0.24140625 0.30546875 0.03203125 0.03828125
5 0.24140625 0.26953125 0.028125 0.0296875
7 0.2796875 0.30390625 0.04296875 0.03671875
5 0.27578125 0.26953125 0.02109375 0.02890625
5 0.1546875 0.30625 0.06796875 0.0328125
5 0.19140625 0.34140625 0.040625 0.02578125
2 0.246875 0.3828125 0.1203125 0.04140625
5 0.24140625 0.34375 0.02578125 0.025
5 0.2859375 0.34140625 0.0375 0.02890625
5 0.15 0.38203125 0.0640625 0.03203125
5 0.0734375 0.42734375 0.05703125 0.03671875
5 0.1765625 0.43125 0.06171875 0.0296875
5 0.278125 0.43125 0.04375 0.0265625
5 0.1109375 0.50390625 0.16171875 0.0390625
5 0.121875 0.46640625 0.0421875 0.0265625
2 0.25078125 0.503125 0.10859375 0.04453125
5 0.2328125 0.465625 0.0625 0.021875
5 0.40625 0.2859375 0.08046875 0.028125
5 0.4 0.40390625 0.09453125 0.0234375
5 0.4 0.3671875 0.08984375 0.03046875
5 0.40078125 0.33359375 0.08984375 0.028125
5 0.41484375 0.43828125 0.065625 0.03046875
2 0.51796875 0.3578125 0.1375 0.190625
4 0.5140625 0.40546875 0.1171875 0.0234375
4 0.5125 0.37578125 0.1171875 0.028125
4 0.47265625 0.34453125 0.03515625 0.02890625
4 0.465625 0.315625 0.02109375 0.02578125
4 0.4953125 0.4328125 0.0828125 0.025
5 0.434375 0.5046875 0.2171875 0.0328125
5 0.41328125 0.69453125 0.16953125 0.03203125
5 0.41015625 0.65390625 0.17109375 0.0296875
5 0.41875 0.61953125 0.17734375 0.034375
5 0.440625 0.58203125 0.22734375 0.034375
5 0.39609375 0.54453125 0.1375 0.03046875
5 0.159375 0.82265625 0.2296875 0.03046875
5 0.1234375 0.8609375 0.0796875 0.034375
6 0.221875 0.33828125 0.01328125 0.02265625
6 0.26015625 0.340625 0.009375 0.02421875
7 0.1234375 0.428125 0.040625 0.040625
7 0.2296875 0.428125 0.03984375 0.04140625
1 0.57578125 0.690625 0.0171875 0.0359375
1 0.57578125 0.653125 0.01484375 0.02265625
1 0.575 0.61484375 0.0140625 0.0203125
1 0.575 0.5796875 0.01328125 0.0234375
1 0.57421875 0.53984375 0.0140625 0.02265625
1 0.575 0.51015625 0.0203125 0.0296875
1 0.28828125 0.86953125 0.01953125 0.03359375
1 0.2875 0.82890625 0.01796875 0.03046875
0 0.221875 0.86171875 0.109375 0.04140625
0 0.34375 0.846875 0.0484375 0.0375
0 0.39453125 0.84609375 0.0515625 0.03984375
0 0.56328125 0.84453125 0.05 0.046875
0 0.9515625 0.01015625 0.01875 0.0203125
0 0.971875 0.0109375 0.01953125 0.021875
0 0.990625 0.0109375 0.01875 0.021875
3 0.075 0.9859375 0.11171875 0.028125