5 0.05 0.05078125 0.03125 0.0140625
5 0.0578125 0.028125 0.1078125 0.0140625
5 0.140625 0.05234375 0.040625 0.02109375
5 0.22890625 0.05078125 0.05390625 0.02265625
5 0.3140625 0.05 0.04765625 0.01875
5 0.06796875 0.2890625 0.0609375 0.0390625
5 0.153125 0.30546875 0.065625 0.0375
5 0.20390625 0.27421875 0.01875 0.02890625
5 0.2421875 0.275 0.034375 0.02265625
5 0.2765625 0.27421875 0.02265625 0.025
5 0.40234375 0.28828125 0.0859375 0.03046875
5 0.41640625 0.40703125 0.11875 0.021875
5 0.4015625 0.36640625 0.08515625 0.025
5 0.40078125 0.33515625 0.0828125 0.03203125
5 0.44140625 0.43515625 0.11328125 0.02265625
5 0.56953125 0.4421875 0.046875 0.03671875
5 0.28203125 0.434375 0.046875 0.0296875
2 0.25078125 0.50390625 0.11015625 0.03984375
5 0.22890625 0.46796875 0.07265625 0.028125
5 0.1125 0.5015625 0.1609375 0.03203125
5 0.12421875 0.4625 0.0515625 0.0171875
5 0.1765625 0.43046875 0.05625 0.0296875
5 0.0734375 0.42890625 0.059375 0.028125
5 0.1515625 0.38203125 0.06875 0.04375
5 0.190625 0.34296875 0.04609375 0.0234375
2 0.2453125 0.38046875 0.11796875 0.040625
5 0.24140625 0.34453125 0.02421875 0.0296875
5 0.28515625 0.34140625 0.0359375 0.02890625
5 0.16015625 0.8265625 0.2328125 0.028125
5 0.1234375 0.8609375 0.0828125 0.0265625
5 0.43125 0.5078125 0.2140625 0.0296875
5 0.4125 0.69296875 0.17265625 0.025
5 0.41171875 0.65703125 0.17421875 0.0265625
5 0.4203125 0.61875 0.19140625 0.0265625
5 0.43984375 0.58359375 0.228125 0.0296875
5 0.3984375 0.5453125 0.14453125 0.0296875
6 0.221875 0.33828125 0.0125 0.0203125
6 0.26015625 0.3375 0.01171875 0.02109375
7 0.20625 0.30703125 0.03359375 0.03359375
7 0.240625 0.30625 0.03203125 0.03359375
7 0.27890625 0.30625 0.04296875 0.03515625
7 0.48046875 0.325 0.065625 0.04140625
7 0.48125 0.371875 0.06328125 0.04140625
7 0.12421875 0.428125 0.040625 0.03828125
7 0.23125 0.4296875 0.0453125 0.04140625
7 0.521875 0.43671875 0.0390625 0.03828125
2 0.51875 0.2828125 0.140625 0.04375
2 0.5546875 0.340625 0.065625 0.0453125
1 0.575 0.50859375 0.015625 0.025
1 0.575 0.540625 0.015625 0.02265625
1 0.57578125 0.57890625 0.01484375 0.02265625
1 0.57578125 0.61484375 0.01328125 0.02265625
1 0.575 0.6515625 0.01328125 0.02578125
1 0.575 0.69140625 0.015625 0.02890625
1 0.28515625 0.83515625 0.0140625 0.02421875
1 0.2875 0.8640625 0.015625 0.02265625
0 0.221875 0.86171875 0.10859375 0.03984375
0 0.34296875 0.84765625 0.04921875 0.0390625
0 0.3953125 0.846875 0.05390625 0.03984375
0 0.56328125 0.84609375 0.05234375 0.0453125
0 0.9546875 0.009375 0.0140625 0.01875
0 0.97109375 0.01015625 0.0171875 0.0203125
0 0.98984375 0.01015625 0.0203125 0.0203125
3 0.075 0.98515625 0.11171875 0.0296875