5 0.0625 0.2890625 0.05078125 0.05390625
5 0.15234375 0.30625 0.065625 0.0390625
5 0.1515625 0.38125 0.06484375 0.04296875
5 0.0734375 0.43125 0.05546875 0.0390625
5 0.1140625 0.50546875 0.15859375 0.0484375
5 0.17734375 0.4359375 0.0546875 0.03046875
5 0.27421875 0.43515625 0.034375 0.02578125
5 0.43359375 0.5046875 0.21328125 0.0265625
5 0.43984375 0.5796875 0.22578125 0.025
5 0.3953125 0.546875 0.1375 0.02578125
5 0.41171875 0.69765625 0.16640625 0.0296875
5 0.41484375 0.65859375 0.16953125 0.02578125
5 0.41953125 0.62109375 0.1828125 0.028125
7 0.20546875 0.30625 0.034375 0.03671875
5 0.20625 0.27265625 0.021875 0.028125
6 0.221875 0.340625 0.0109375 0.02265625
7 0.23984375 0.30625 0.03359375 0.0359375
5 0.240625 0.27890625 0.0265625 0.01953125
6 0.2609375 0.33828125 0.0109375 0.0234375
7 0.28046875 0.30703125 0.04453125 0.03671875
5 0.27734375 0.27421875 0.021875 0.0265625
5 0.19140625 0.34375 0.04609375 0.025
2 0.2453125 0.38203125 0.11640625 0.04375
5 0.2421875 0.34375 0.02421875 0.01875
5 0.2859375 0.34375 0.0359375 0.025
5 0.40625 0.2890625 0.0796875 0.0390625
5 0.4171875 0.40625 0.1125 0.02890625
5 0.4015625 0.3671875 0.08671875 0.0296875
5 0.403125 0.334375 0.08828125 0.0234375
5 0.4421875 0.440625 0.1140625 0.028125
5 0.565625 0.43828125 0.040625 0.0234375
5 0.16015625 0.8296875 0.22890625 0.02265625
5 0.125 0.8625 0.07734375 0.03125
2 0.5203125 0.28359375 0.14375 0.040625
2 0.2515625 0.5046875 0.11015625 0.05546875
7 0.2296875 0.42734375 0.03984375 0.034375
7 0.1234375 0.42734375 0.03984375 0.04140625
7 0.48046875 0.37109375 0.06328125 0.0375
7 0.48125 0.3265625 0.06328125 0.03671875
2 0.55703125 0.34453125 0.06953125 0.05078125
7 0.521875 0.434375 0.03984375 0.04140625
0 0.22265625 0.859375 0.10625 0.0328125
0 0.3421875 0.8453125 0.053125 0.04140625
0 0.39453125 0.8484375 0.0484375 0.03984375
0 0.56328125 0.84609375 0.0515625 0.05234375
1 0.28515625 0.8625 0.0109375 0.01796875
1 0.28515625 0.8328125 0.01171875 0.025
1 0.575 0.690625 0.01640625 0.028125
1 0.57421875 0.65390625 0.01484375 0.0296875
1 0.575 0.6140625 0.015625 0.02578125
1 0.57578125 0.5796875 0.01484375 0.0265625
1 0.57421875 0.53984375 0.01484375 0.021875
1 0.57578125 0.5078125 0.01796875 0.02890625
5 0.05859375 0.02890625 0.1109375 0.01796875
5 0.04765625 0.0515625 0.03359375 0.01953125
5 0.14140625 0.04921875 0.04375 0.021875
5 0.23125 0.05 0.0609375 0.02265625
5 0.315625 0.05390625 0.0390625 0.02265625
0 0.95390625 0.00703125 0.0140625 0.0140625
0 0.971875 0.0078125 0.0125 0.015625
0 0.98984375 0.009375 0.01640625 0.01875
5 0.121875 0.4640625 0.04375 0.02265625
5 0.23203125 0.46328125 0.0578125 0.0171875
3 0.075 0.98671875 0.11484375 0.02578125