5 0.41875 0.40703125 0.1234375 0.028125
5 0.40078125 0.36953125 0.08359375 0.03046875
5 0.40078125 0.33125 0.08671875 0.03984375
5 0.40703125 0.2875 0.07578125 0.03984375
5 0.44140625 0.44296875 0.1140625 0.03046875
5 0.43359375 0.50625 0.2125 0.0296875
5 0.4171875 0.6921875 0.1828125 0.028125
5 0.41328125 0.65625 0.178125 0.0265625
5 0.4234375 0.61796875 0.1890625 0.03359375
5 0.43828125 0.578125 0.225 0.025
5 0.39921875 0.54296875 0.14453125 0.021875
5 0.15234375 0.3046875 0.0671875 0.034375
5 0.18984375 0.3421875 0.04375 0.021875
2 0.2453125 0.38359375 0.11484375 0.04453125
5 0.24140625 0.34453125 0.02421875 0.0203125
5 0.28828125 0.34296875 0.03828125 0.028125
5 0.06328125 0.28828125 0.059375 0.040625
5 0.0734375 0.428125 0.0578125 0.03203125
5 0.1515625 0.38359375 0.065625 0.0265625
5 0.17734375 0.434375 0.05546875 0.03671875
5 0.27578125 0.434375 0.04453125 0.01875
5 0.1140625 0.503125 0.1640625 0.0375
5 0.12421875 0.465625 0.04140625 0.028125
2 0.25078125 0.58125 0.10546875 0.1921875
5 0.23515625 0.4625 0.0671875 0.01875
5 0.20703125 0.2765625 0.021875 0.0265625
5 0.24140625 0.27421875 0.03125 0.025
5 0.278125 0.2734375 0.02578125 0.0234375
5 0.05078125 0.05078125 0.03203125 0.0171875
5 0.14140625 0.05 0.0421875 0.02265625
5 0.22890625 0.0484375 0.0546875 0.021875
5 0.31640625 0.04765625 0.03515625 0.021875
5 0.05859375 0.02578125 0.10703125 0.0140625
5 0.15859375 0.8265625 0.23125 0.0265625
5 0.125 0.865625 0.07734375 0.0328125
6 0.22265625 0.33984375 0.0109375 0.0234375
6 0.2609375 0.34140625 0.0125 0.02109375
7 0.20625 0.30625 0.03359375 0.03515625
7 0.240625 0.30625 0.0328125 0.034375
7 0.2796875 0.30546875 0.04296875 0.0359375
7 0.2296875 0.42890625 0.03828125 0.0359375
7 0.1234375 0.428125 0.040625 0.0359375
7 0.48203125 0.32421875 0.06484375 0.0375
7 0.48046875 0.3703125 0.06328125 0.03984375
7 0.521875 0.434375 0.040625 0.03984375
5 0.56484375 0.43828125 0.0375 0.028125
2 0.51640625 0.284375 0.1375 0.03984375
2 0.5546875 0.3421875 0.06640625 0.0453125
4 0.23984375 0.5390625 0.078125 0.025
4 0.2421875 0.65625 0.08203125 0.02265625
4 0.2421875 0.625 0.084375 0.02734375
4 0.23203125 0.59453125 0.06171875 0.02890625
4 0.23203125 0.56640625 0.06171875 0.021875
1 0.57578125 0.50703125 0.015625 0.025
1 0.575 0.53984375 0.0140625 0.02421875
1 0.57578125 0.58046875 0.015625 0.025
1 0.575 0.61484375 0.01484375 0.02578125
1 0.575 0.653125 0.0171875 0.025
1 0.57578125 0.690625 0.01640625 0.0265625
1 0.2859375 0.83125 0.01484375 0.02578125
1 0.28515625 0.8640625 0.0140625 0.0234375
0 0.22265625 0.8609375 0.10859375 0.0390625
0 0.34375 0.85 0.05 0.04296875
0 0.39375 0.85 0.0515625 0.04140625
0 0.56328125 0.84765625 0.05546875 0.046875
0 0.9546875 0.0109375 0.01484375 0.021875
0 0.9703125 0.01015625 0.01875 0.0203125
0 0.98984375 0.01015625 0.0203125 0.0203125
3 0.075 0.98515625 0.109375 0.0296875