8 0.40078125 0.3359375 0.3578125 0.20078125
8 0.37109375 0.59453125 0.33515625 0.065625
8 0.3859375 0.753125 0.378125 0.18984375
8 0.3875 0.88125 0.30234375 0.04765625
5 0.74296875 0.24296875 0.1125 0.0453125
5 0.78359375 0.30703125 0.2078125 0.0390625
5 0.7578125 0.5625 0.14375 0.0375
5 0.8 0.6296875 0.0375 0.03671875
5 0.75390625 0.68671875 0.14140625 0.04375
5 0.7984375 0.75078125 0.0421875 0.034375
5 0.815625 0.80625 0.21015625 0.046875
5 0.875 0.871875 0.08671875 0.034375
5 0.05859375 0.02890625 0.109375 0.01796875
5 0.05078125 0.04921875 0.0328125 0.01953125
5 0.14140625 0.0484375 0.0453125 0.0234375
5 0.2265625 0.05078125 0.059375 0.02109375
5 0.31328125 0.04921875 0.04453125 0.01953125
7 0.88046875 0.62109375 0.08515625 0.07109375
7 0.87890625 0.74296875 0.090625 0.07109375
2 0.8015625 0.42265625 0.24921875 0.16484375
4 0.7078125 0.4765625 0.03984375 0.05078125
4 0.7046875 0.4265625 0.04140625 0.03984375
3 0.72265625 0.62734375 0.0890625 0.06640625
3 0.721875 0.746875 0.090625 0.0625
0 0.95390625 0.00859375 0.0171875 0.0171875
0 0.97265625 0.01015625 0.0203125 0.01953125
0 0.99140625 0.01015625 0.0171875 0.01953125
0 0.87890625 0.93515625 0.08359375 0.06640625
3 0.075 0.9859375 0.11171875 0.028125