8 0.49609375 0.171875 0.471875 0.15546875
5 0.46015625 0.34296875 0.065625 0.0734375
5 0.45390625 0.55078125 0.05 0.04296875
5 0.5234375 0.809375 0.1734375 0.08359375
6 0.290625 0.33515625 0.05859375 0.10546875
6 0.2859375 0.53359375 0.06328125 0.12578125
6 0.2921875 0.7359375 0.05546875 0.12421875
0 0.50625 0.534375 0.03515625 0.0265625
0 0.52109375 0.47109375 0.0109375 0.01796875
0 0.953125 0.01015625 0.01875 0.01953125
0 0.971875 0.01171875 0.01953125 0.0234375
0 0.990625 0.01171875 0.01875 0.0234375
8 0.49609375 0.5 0.02734375 0.01953125
3 0.075 0.98515625 0.1109375 0.02890625