5 0.2515625 0.1203125 0.0359375 0.01171875
5 0.2796875 0.1421875 0.10546875 0.0171875
5 0.2515625 0.1546875 0.02265625 0.0140625
5 0.30234375 0.15625 0.028125 0.0140625
5 0.353125 0.1546875 0.034375 0.0125
5 0.4 0.1546875 0.02578125 0.0125
5 0.2640625 0.2890625 0.03046875 0.02265625
5 0.35 0.28671875 0.01484375 0.0171875
5 0.36875 0.28515625 0.01796875 0.0171875
5 0.38984375 0.2859375 0.01640625 0.0140625
5 0.31796875 0.303125 0.03984375 0.0203125
5 0.340625 0.32578125 0.02578125 0.01640625
2 0.371875 0.346875 0.0703125 0.02421875
5 0.3703125 0.3265625 0.01640625 0.01875
5 0.3953125 0.32421875 0.021875 0.0171875
5 0.3171875 0.34765625 0.03828125 0.021875
5 0.2703125 0.375 0.03515625 0.025
5 0.33125 0.37734375 0.03515625 0.01953125
5 0.3890625 0.37890625 0.01875 0.02109375
5 0.30078125 0.396875 0.0234375 0.01328125
2 0.375 0.421875 0.0640625 0.025
5 0.36171875 0.39609375 0.0375 0.0125
5 0.29453125 0.41953125 0.09296875 0.01875
5 0.4671875 0.29296875 0.04453125 0.01875
5 0.46328125 0.31953125 0.05078125 0.01875
5 0.46171875 0.33984375 0.0515625 0.01640625
5 0.47421875 0.3625 0.06640625 0.01640625
5 0.4890625 0.38359375 0.06484375 0.01875
5 0.5609375 0.38046875 0.0234375 0.01640625
5 0.48359375 0.4203125 0.1265625 0.0203125
5 0.4625 0.44296875 0.084375 0.01484375
5 0.4875 0.46640625 0.13203125 0.015625
5 0.4734375 0.4875 0.10546875 0.01640625
5 0.46953125 0.5109375 0.1 0.01796875
5 0.46953125 0.5328125 0.09765625 0.01875
5 0.32265625 0.61171875 0.13515625 0.0171875
5 0.30234375 0.63046875 0.046875 0.01875
6 0.35859375 0.32421875 0.00703125 0.015625
6 0.38046875 0.32421875 0.00859375 0.01953125
7 0.35 0.30234375 0.0203125 0.0203125
7 0.3703125 0.303125 0.01953125 0.0203125
7 0.3921875 0.30390625 0.025 0.01953125
7 0.3 0.37578125 0.0234375 0.021875
7 0.36328125 0.37578125 0.02265625 0.01953125
7 0.5109375 0.315625 0.0359375 0.01953125
7 0.5109375 0.3421875 0.03515625 0.01953125
7 0.53515625 0.38046875 0.02265625 0.01953125
2 0.5328125 0.29140625 0.0828125 0.025
2 0.55625 0.32421875 0.040625 0.025
1 0.39609375 0.615625 0.009375 0.01484375
1 0.39609375 0.63203125 0.009375 0.01328125
1 0.56640625 0.42265625 0.01171875 0.01640625
1 0.56640625 0.44140625 0.0109375 0.015625
1 0.5671875 0.465625 0.009375 0.01484375
1 0.5671875 0.48671875 0.009375 0.01875
1 0.5671875 0.50859375 0.01015625 0.0171875
1 0.5671875 0.53046875 0.00859375 0.01640625
0 0.359375 0.63046875 0.0625 0.025
0 0.43046875 0.62421875 0.0296875 0.0234375
0 0.46015625 0.62265625 0.0296875 0.02734375
0 0.56015625 0.62265625 0.03125 0.0265625
0 0.671875 0.1203125 0.01875 0.01875
0 0.690625 0.1203125 0.01875 0.01953125
0 0.70859375 0.11953125 0.01796875 0.02109375
3 0.075 0.98515625 0.1109375 0.02890625