5 0.0578125 0.0265625 0.10859375 0.021875
5 0.0484375 0.04921875 0.03984375 0.01796875
5 0.1390625 0.0484375 0.04765625 0.02265625
5 0.22890625 0.04921875 0.0625 0.025
5 0.3140625 0.05 0.040625 0.02109375
5 0.1984375 0.27734375 0.04140625 0.02109375
5 0.146875 0.3109375 0.075 0.0265625
5 0.0625 0.2921875 0.0578125 0.046875
5 0.1921875 0.34609375 0.04609375 0.02265625
2 0.2453125 0.3828125 0.115625 0.040625
6 0.221875 0.33984375 0.009375 0.01796875
5 0.24140625 0.34296875 0.0234375 0.0171875
6 0.26015625 0.340625 0.009375 0.01953125
5 0.28515625 0.34453125 0.03515625 0.021875
5 0.15234375 0.38125 0.06171875 0.04375
5 0.06953125 0.43125 0.059375 0.04140625
5 0.17734375 0.43515625 0.059375 0.04453125
5 0.2734375 0.43359375 0.0375 0.03359375
5 0.40390625 0.2859375 0.08046875 0.0359375
5 0.41484375 0.40859375 0.11875 0.028125
5 0.39921875 0.36875 0.08515625 0.0265625
5 0.4015625 0.33359375 0.08671875 0.0296875
5 0.4421875 0.43984375 0.11640625 0.0296875
5 0.56640625 0.43671875 0.0421875 0.0328125
5 0.4328125 0.50703125 0.21328125 0.03203125
5 0.43984375 0.58203125 0.22734375 0.0328125
5 0.396875 0.54296875 0.1375 0.0265625
5 0.409375 0.69609375 0.16875 0.0296875
5 0.41171875 0.65625 0.17265625 0.0328125
5 0.41796875 0.621875 0.18359375 0.0265625
5 0.159375 0.82578125 0.23359375 0.0296875
5 0.125 0.859375 0.078125 0.028125
7 0.20703125 0.30625 0.03125 0.03125
7 0.240625 0.30703125 0.03125 0.03203125
7 0.27890625 0.30625 0.04140625 0.03046875
7 0.48046875 0.3265625 0.0640625 0.04453125
7 0.4796875 0.37109375 0.06015625 0.0359375
7 0.5203125 0.43515625 0.0359375 0.0375
7 0.23046875 0.42890625 0.0421875 0.0375
5 0.11171875 0.503125 0.165625 0.0328125
5 0.1234375 0.46640625 0.04375 0.0234375
7 0.125 0.42890625 0.0421875 0.0390625
2 0.25078125 0.5046875 0.10859375 0.04765625
5 0.23359375 0.46796875 0.06328125 0.01953125
2 0.51796875 0.2796875 0.140625 0.0453125
2 0.5546875 0.34375 0.06640625 0.04453125
0 0.22265625 0.8609375 0.1078125 0.0328125
0 0.3421875 0.8453125 0.0515625 0.0375
0 0.3953125 0.846875 0.0515625 0.04765625
0 0.56171875 0.8484375 0.05390625 0.0375
1 0.2859375 0.86328125 0.015625 0.0265625
1 0.28515625 0.83203125 0.0140625 0.0234375
1 0.5734375 0.6890625 0.015625 0.034375
1 0.57578125 0.6515625 0.01796875 0.0328125
1 0.5765625 0.61484375 0.01875 0.02265625
1 0.575 0.57890625 0.01640625 0.0265625
1 0.57421875 0.54140625 0.01640625 0.0296875
1 0.57578125 0.50859375 0.01875 0.02890625
0 0.95390625 0.00859375 0.01328125 0.0171875
0 0.971875 0.009375 0.01484375 0.01796875
0 0.98984375 0.009375 0.015625 0.0171875
3 0.0765625 0.9859375 0.11171875 0.028125
5 0.24140625 0.2765625 0.0265625 0.01875
5 0.27734375 0.27734375 0.0203125 0.01796875