5 0.05546875 0.028125 0.1109375 0.0234375
5 0.04765625 0.05 0.03984375 0.0171875
5 0.1359375 0.04765625 0.0515625 0.02421875
5 0.2296875 0.046875 0.05390625 0.028125
5 0.31484375 0.046875 0.0421875 0.021875
7 0.20703125 0.3078125 0.03203125 0.03671875
5 0.20234375 0.27265625 0.03515625 0.03046875
7 0.240625 0.30625 0.034375 0.03359375
5 0.24140625 0.27265625 0.03125 0.025
7 0.2796875 0.30703125 0.04296875 0.03671875
5 0.27734375 0.27265625 0.02421875 0.02265625
2 0.24375 0.38046875 0.11328125 0.040625
5 0.2859375 0.3453125 0.03828125 0.02578125
5 0.24140625 0.34609375 0.0265625 0.01875
5 0.18984375 0.34453125 0.04609375 0.025
5 0.15 0.30859375 0.071875 0.0359375
5 0.0625 0.29609375 0.06875 0.04453125
5 0.15 0.3796875 0.06640625 0.0390625
5 0.06875 0.42734375 0.065625 0.0296875
5 0.1765625 0.43203125 0.06171875 0.03046875
5 0.27734375 0.4328125 0.0421875 0.03671875
2 0.25 0.5046875 0.1078125 0.05078125
5 0.2296875 0.46484375 0.0671875 0.02265625
5 0.11328125 0.50546875 0.16015625 0.0328125
5 0.12421875 0.46640625 0.04453125 0.0265625
5 0.40078125 0.28828125 0.0859375 0.040625
5 0.43671875 0.4375 0.12265625 0.01875
5 0.41640625 0.40859375 0.128125 0.03046875
5 0.3984375 0.36640625 0.0890625 0.028125
5 0.3984375 0.33359375 0.08828125 0.025
5 0.41484375 0.6171875 0.18515625 0.0359375
5 0.4359375 0.5796875 0.228125 0.028125
5 0.37265625 0.54296875 0.0890625 0.03359375
5 0.37734375 0.50390625 0.09453125 0.03046875
5 0.41015625 0.69609375 0.16796875 0.03203125
5 0.4125 0.659375 0.17265625 0.0265625
5 0.16015625 0.828125 0.23125 0.0265625
5 0.1265625 0.86015625 0.0890625 0.03203125
6 0.22109375 0.3390625 0.01171875 0.01875
6 0.26015625 0.3390625 0.0109375 0.01953125
7 0.1234375 0.4265625 0.03828125 0.04140625
7 0.23046875 0.4265625 0.03984375 0.04375
7 0.48203125 0.3703125 0.065625 0.0375
7 0.47890625 0.32578125 0.065625 0.03984375
2 0.5171875 0.28203125 0.13671875 0.04296875
2 0.5546875 0.34140625 0.065625 0.04765625
1 0.5734375 0.57890625 0.015625 0.0296875
1 0.57421875 0.61640625 0.0171875 0.01953125
1 0.575 0.65234375 0.01484375 0.025
1 0.5734375 0.69140625 0.0203125 0.02578125
1 0.28671875 0.86328125 0.01796875 0.0296875
1 0.2859375 0.83359375 0.01640625 0.02578125
0 0.5515625 0.53515625 0.034375 0.02109375
0 0.5671875 0.46796875 0.0109375 0.01796875
0 0.22265625 0.8578125 0.10703125 0.03671875
0 0.34375 0.84765625 0.046875 0.03203125
0 0.39296875 0.846875 0.0484375 0.0328125
0 0.56328125 0.84609375 0.0484375 0.03359375
8 0.5 0.50234375 0.1296875 0.0140625
0 0.953125 0.009375 0.01796875 0.01875
0 0.971875 0.009375 0.0140625 0.01875
0 0.990625 0.009375 0.01875 0.01796875
3 0.075 0.9859375 0.11171875 0.028125
5 0.5640625 0.4390625 0.03671875 0.02421875
7 0.52265625 0.43515625 0.040625 0.03515625