5 0.509375 0.5046875 0.08125 0.03203125
5 0.39765625 0.54296875 0.14140625 0.0390625
5 0.4109375 0.69375 0.171875 0.03359375
5 0.41484375 0.65390625 0.17578125 0.0296875
5 0.425 0.6171875 0.1953125 0.03203125
5 0.440625 0.58359375 0.22734375 0.02265625
5 0.0640625 0.47109375 0.0296875 0.01875
2 0.02578125 0.07265625 0.04453125 0.01875
0 0.01171875 0.05078125 0.0125 0.01796875
5 0.0140625 0.02578125 0.01953125 0.015625
5 0.06875 0.07109375 0.0359375 0.015625
5 0.1609375 0.82421875 0.2296875 0.02890625
5 0.125 0.86328125 0.08125 0.03671875
5 0.56484375 0.43828125 0.04375 0.0265625
0 0.0234375 0.05078125 0.0109375 0.021875
2 0.0328125 0.05078125 0.00859375 0.02734375
0 0.03984375 0.05 0.00859375 0.01875
2 0.2078125 0.05 0.32421875 0.0171875
0 0.375 0.04921875 0.01015625 0.01875
3 0.421875 0.04921875 0.08125 0.01953125
2 0.23046875 0.47109375 0.303125 0.01953125
2 0.4234375 0.47109375 0.07890625 0.02109375
0 0.40234375 0.4921875 0.03828125 0.02109375
0 0.44296875 0.49296875 0.0390625 0.0203125
2 0.42421875 0.07265625 0.0171875 0.015625
0 0.44296875 0.07265625 0.0125 0.015625
0 0.45625 0.0734375 0.0109375 0.0171875
0 0.459375 0.025 0.01328125 0.01640625
7 0.48828125 0.325 0.05078125 0.0375
7 0.48828125 0.36953125 0.05 0.03671875
7 0.521875 0.4359375 0.0375 0.04140625
2 0.525 0.2828125 0.12421875 0.0375
2 0.5546875 0.340625 0.065625 0.04375
1 0.575 0.50703125 0.01640625 0.02578125
1 0.57578125 0.54140625 0.01328125 0.025
1 0.575 0.57890625 0.0140625 0.02421875
1 0.575 0.6140625 0.01484375 0.02421875
1 0.57578125 0.65234375 0.01328125 0.0234375
1 0.57578125 0.6921875 0.01328125 0.0265625
1 0.28515625 0.83359375 0.01484375 0.02578125
1 0.2859375 0.8640625 0.01484375 0.0234375
0 0.95390625 0.01015625 0.01640625 0.01953125
0 0.971875 0.01015625 0.01875 0.01953125
0 0.990625 0.01015625 0.01875 0.01953125
0 0.22265625 0.8625 0.1078125 0.0390625
0 0.34375 0.84765625 0.05078125 0.04296875
0 0.39375 0.84765625 0.0484375 0.04296875
0 0.5640625 0.8453125 0.053125 0.03984375
3 0.07421875 0.98671875 0.1125 0.0265625