5 0.08203125 0.0671875 0.10625 0.01875
5 0.04375 0.07890625 0.01171875 0.00703125
5 0.07578125 0.0796875 0.01796875 0.009375
5 0.10859375 0.07890625 0.02109375 0.00703125
5 0.1390625 0.0796875 0.015625 0.00546875
5 0.0546875 0.16875 0.0203125 0.0140625
5 0.11171875 0.16484375 0.00859375 0.009375
5 0.12578125 0.16484375 0.01171875 0.01015625
5 0.13984375 0.165625 0.00859375 0.009375
5 0.090625 0.178125 0.02578125 0.01171875
5 0.10546875 0.19296875 0.0171875 0.00859375
5 0.08984375 0.20625 0.02734375 0.0109375
5 0.05859375 0.22578125 0.021875 0.0125
5 0.1 0.22734375 0.0234375 0.01328125
5 0.07890625 0.23828125 0.0171875 0.00859375
2 0.1296875 0.25625 0.0421875 0.01796875
5 0.12109375 0.23984375 0.0234375 0.01171875
5 0.1390625 0.22734375 0.01484375 0.0140625
5 0.075 0.25625 0.06328125 0.0125
5 0.190625 0.16953125 0.03125 0.0109375
5 0.1890625 0.20078125 0.0328125 0.01015625
5 0.1890625 0.18828125 0.03359375 0.01171875
5 0.19609375 0.215625 0.0453125 0.01015625
5 0.20703125 0.228125 0.0453125 0.0109375
5 0.2546875 0.228125 0.01484375 0.0140625
5 0.203125 0.2578125 0.0859375 0.0125
5 0.2046875 0.2859375 0.0890625 0.0125
5 0.18828125 0.271875 0.05546875 0.0109375
5 0.196875 0.30078125 0.0734375 0.0109375
5 0.19375 0.31640625 0.0671875 0.0109375
5 0.19375 0.33125 0.0671875 0.0125
2 0.12734375 0.20625 0.0453125 0.015625
5 0.1265625 0.19140625 0.01015625 0.009375
5 0.14375 0.19140625 0.0140625 0.009375
5 0.09375 0.384375 0.09296875 0.01171875
5 0.08046875 0.39765625 0.0296875 0.01484375
6 0.11796875 0.18984375 0.0046875 0.00859375
6 0.13359375 0.18984375 0.0046875 0.009375
7 0.11171875 0.1765625 0.01328125 0.0140625
7 0.12578125 0.1765625 0.0140625 0.01484375
7 0.140625 0.1765625 0.01796875 0.01484375
7 0.07890625 0.225 0.01640625 0.01328125
7 0.121875 0.225 0.015625 0.015625
7 0.221875 0.18515625 0.02578125 0.015625
7 0.22109375 0.203125 0.02421875 0.01484375
7 0.2375 0.22890625 0.01484375 0.01484375
2 0.2359375 0.16796875 0.0546875 0.01484375
2 0.25078125 0.18984375 0.0265625 0.01640625
1 0.14375 0.3875 0.00546875 0.00859375
1 0.14375 0.39921875 0.00703125 0.009375
1 0.2578125 0.25703125 0.00625 0.01015625
1 0.259375 0.26953125 0.0078125 0.0109375
1 0.259375 0.2859375 0.00625 0.01015625
1 0.259375 0.3 0.00703125 0.01015625
1 0.25859375 0.315625 0.0078125 0.0109375
1 0.259375 0.3296875 0.00703125 0.01171875
0 0.11875 0.396875 0.04296875 0.01328125
0 0.165625 0.39296875 0.0203125 0.015625
0 0.1859375 0.3921875 0.01875 0.015625
0 0.253125 0.3921875 0.0234375 0.01796875
0 0.4015625 0.04609375 0.015625 0.01796875
0 0.41796875 0.0453125 0.01640625 0.01796875
0 0.4359375 0.04609375 0.01953125 0.0171875
3 0.075 0.98671875 0.11015625 0.0265625