5 0.0625 0.29140625 0.05625 0.04375
5 0.1515625 0.30625 0.06796875 0.0328125
7 0.20703125 0.30859375 0.03125 0.0375
5 0.20625 0.271875 0.02109375 0.028125
7 0.240625 0.30625 0.03203125 0.03203125
5 0.2421875 0.2765625 0.03046875 0.0265625
7 0.27890625 0.30625 0.0421875 0.03046875
5 0.27734375 0.2765625 0.01953125 0.02578125
5 0.19375 0.34296875 0.04296875 0.02109375
2 0.246875 0.38203125 0.1171875 0.04140625
6 0.221875 0.340625 0.0109375 0.02265625
5 0.2421875 0.34453125 0.021875 0.025
5 0.2875 0.34296875 0.0421875 0.025
5 0.15078125 0.38203125 0.0703125 0.0296875
5 0.0703125 0.4296875 0.059375 0.03203125
5 0.17578125 0.43359375 0.0578125 0.0296875
5 0.2734375 0.43515625 0.03671875 0.0296875
5 0.1125 0.50078125 0.1578125 0.04296875
5 0.121875 0.4640625 0.04765625 0.01953125
2 0.25234375 0.5046875 0.1140625 0.04375
5 0.23046875 0.4640625 0.05859375 0.01953125
5 0.43828125 0.43984375 0.115625 0.0328125
5 0.41484375 0.40703125 0.11796875 0.025
5 0.39765625 0.3671875 0.090625 0.0296875
5 0.3984375 0.334375 0.08984375 0.03203125
5 0.40625 0.28984375 0.0828125 0.0296875
5 0.565625 0.4359375 0.03828125 0.034375
5 0.4328125 0.5 0.21484375 0.04375
5 0.43828125 0.58046875 0.22578125 0.0328125
5 0.39921875 0.5453125 0.146875 0.021875
5 0.41171875 0.6953125 0.17109375 0.0234375
5 0.41015625 0.65703125 0.1703125 0.0265625
5 0.41640625 0.6203125 0.18125 0.03046875
5 0.16015625 0.82734375 0.2328125 0.021875
5 0.1234375 0.86171875 0.07890625 0.0265625
6 0.259375 0.33984375 0.01171875 0.0203125
7 0.4828125 0.3703125 0.06796875 0.0375
7 0.4828125 0.32734375 0.06796875 0.0359375
7 0.12421875 0.4265625 0.04375 0.04375
7 0.23125 0.42578125 0.0421875 0.04140625
7 0.52265625 0.4359375 0.0390625 0.04296875
2 0.51875 0.284375 0.1390625 0.04453125
2 0.55546875 0.34140625 0.06796875 0.046875
0 0.221875 0.8640625 0.109375 0.04296875
0 0.34375 0.84765625 0.05078125 0.034375
0 0.396875 0.84453125 0.05390625 0.0515625
0 0.5640625 0.85078125 0.0546875 0.04296875
5 0.05625 0.028125 0.10859375 0.01875
5 0.04609375 0.04921875 0.0390625 0.02109375
5 0.140625 0.05078125 0.0390625 0.01953125
5 0.22890625 0.04921875 0.0515625 0.0171875
5 0.3140625 0.04609375 0.03671875 0.028125
1 0.28671875 0.86484375 0.0171875 0.0296875
1 0.2875 0.8296875 0.0203125 0.03046875
1 0.5734375 0.69296875 0.021875 0.03046875
1 0.57734375 0.65 0.0234375 0.03203125
1 0.5734375 0.61484375 0.02421875 0.028125
1 0.5765625 0.5796875 0.0203125 0.03046875
1 0.5734375 0.54296875 0.02109375 0.0296875
1 0.57578125 0.5078125 0.0203125 0.0375
0 0.953125 0.00625 0.0125 0.0125
0 0.97109375 0.00859375 0.01171875 0.01640625
0 0.9890625 0.009375 0.01171875 0.01796875
3 0.075 0.9859375 0.11328125 0.028125