5 0.05703125 0.02734375 0.1109375 0.02265625
5 0.04921875 0.05 0.0296875 0.0140625
5 0.13984375 0.046875 0.04296875 0.02578125
5 0.23046875 0.04921875 0.059375 0.02109375
5 0.31484375 0.05078125 0.0359375 0.01640625
5 0.7390625 0.24140625 0.10859375 0.04609375
2 0.80078125 0.37109375 0.246875 0.0734375
5 0.784375 0.3078125 0.1984375 0.0421875
5 0.78046875 0.43125 0.18984375 0.03359375
5 0.796875 0.49921875 0.0328125 0.0265625
5 0.75546875 0.5671875 0.1390625 0.04921875
5 0.7546875 0.68671875 0.1375 0.0390625
5 0.80078125 0.62734375 0.03984375 0.040625
5 0.81640625 0.8046875 0.20390625 0.040625
5 0.7984375 0.75 0.03359375 0.03359375
5 0.87734375 0.87109375 0.08125 0.04765625
5 0.35859375 0.32109375 0.33515625 0.03515625
5 0.2359375 0.7953125 0.09765625 0.03046875
7 0.88125 0.496875 0.084375 0.08125
7 0.87890625 0.625 0.08671875 0.0796875
7 0.87734375 0.73984375 0.0875 0.07265625
7 0.315625 0.8015625 0.05703125 0.0515625
0 0.72109375 0.49375 0.0890625 0.0703125
0 0.721875 0.6265625 0.08671875 0.06640625
0 0.721875 0.74609375 0.0890625 0.065625
0 0.878125 0.93515625 0.0890625 0.06328125
0 0.9546875 0.009375 0.0203125 0.01875
0 0.97265625 0.01015625 0.01640625 0.01953125
0 0.990625 0.01015625 0.01875 0.01953125
3 0.075 0.9859375 0.11015625 0.028125