5 0.0578125 0.0265625 0.1109375 0.01953125
5 0.046875 0.0484375 0.0359375 0.01796875
5 0.14375 0.046875 0.05078125 0.0265625
5 0.22890625 0.046875 0.06015625 0.0265625
5 0.3140625 0.04609375 0.0328125 0.025
5 0.06328125 0.28671875 0.05625 0.04375
5 0.2015625 0.2703125 0.034375 0.03203125
5 0.2390625 0.26875 0.0359375 0.03046875
5 0.27578125 0.26953125 0.028125 0.03046875
5 0.15390625 0.30234375 0.06171875 0.0359375
5 0.19296875 0.340625 0.04140625 0.0296875
2 0.24609375 0.38125 0.1171875 0.04296875
5 0.24140625 0.34140625 0.021875 0.02421875
5 0.2890625 0.34375 0.04140625 0.0234375
5 0.14765625 0.38046875 0.06875 0.0265625
5 0.06953125 0.425 0.06171875 0.034375
5 0.175 0.43203125 0.06015625 0.0390625
5 0.27890625 0.4390625 0.0546875 0.025
5 0.115625 0.49921875 0.1609375 0.03046875
5 0.1234375 0.465625 0.0484375 0.02265625
2 0.25 0.5046875 0.10625 0.04765625
5 0.23046875 0.46484375 0.06875 0.02109375
5 0.4 0.28671875 0.0890625 0.034375
5 0.43984375 0.44375 0.11875 0.03046875
5 0.425 0.40703125 0.1375 0.03203125
5 0.3984375 0.3671875 0.090625 0.034375
5 0.4015625 0.334375 0.0890625 0.0234375
5 0.57265625 0.4359375 0.05234375 0.040625
5 0.43203125 0.50234375 0.21796875 0.02890625
5 0.4140625 0.69609375 0.1828125 0.0265625
5 0.4109375 0.65703125 0.17890625 0.02578125
5 0.4203125 0.61953125 0.1953125 0.0265625
5 0.4390625 0.58046875 0.228125 0.0265625
5 0.39765625 0.546875 0.14375 0.028125
5 0.15859375 0.821875 0.2328125 0.034375
5 0.11796875 0.8609375 0.0859375 0.034375
6 0.221875 0.3390625 0.01328125 0.0234375
6 0.2609375 0.33984375 0.01328125 0.01953125
7 0.20625 0.30625 0.034375 0.034375
7 0.240625 0.3046875 0.03359375 0.034375
7 0.27890625 0.30546875 0.0453125 0.03515625
7 0.48046875 0.32578125 0.0625 0.03671875
7 0.48125 0.36796875 0.06484375 0.0390625
7 0.5203125 0.43671875 0.0375 0.0390625
7 0.2296875 0.42734375 0.0390625 0.0375
7 0.12265625 0.428125 0.03984375 0.03359375
2 0.5171875 0.28359375 0.1375 0.040625
2 0.5546875 0.340625 0.06640625 0.04765625
1 0.575 0.5078125 0.0171875 0.02734375
1 0.575 0.5390625 0.01953125 0.0265625
1 0.575 0.57890625 0.015625 0.0265625
1 0.5765625 0.6125 0.0171875 0.025
1 0.575 0.653125 0.0140625 0.02890625
1 0.57578125 0.690625 0.0140625 0.028125
1 0.28671875 0.8640625 0.015625 0.03046875
1 0.28671875 0.83359375 0.015625 0.02578125
0 0.95078125 0.00859375 0.0234375 0.0171875
0 0.97109375 0.00859375 0.0203125 0.0171875
0 0.990625 0.00859375 0.01875 0.0171875
0 0.221875 0.8609375 0.109375 0.0390625
0 0.34375 0.846875 0.05 0.03671875
0 0.39453125 0.84609375 0.05 0.03671875
0 0.5625 0.84453125 0.05546875 0.040625
3 0.075 0.98515625 0.1125 0.0296875