5 0.06171875 0.284375 0.05 0.03671875
5 0.05546875 0.02734375 0.1109375 0.02890625
5 0.04921875 0.05390625 0.03125 0.01796875
5 0.13984375 0.05234375 0.04140625 0.01953125
5 0.22890625 0.053125 0.0546875 0.02109375
5 0.3140625 0.053125 0.0375 0.01875
5 0.2046875 0.27578125 0.03125 0.025
5 0.1484375 0.30625 0.075 0.03671875
5 0.18828125 0.34296875 0.04609375 0.02265625
2 0.2453125 0.3828125 0.11484375 0.04140625
6 0.22265625 0.340625 0.01171875 0.03046875
5 0.24140625 0.3453125 0.0234375 0.01796875
5 0.28671875 0.34296875 0.04140625 0.021875
5 0.15234375 0.38125 0.065625 0.0265625
5 0.0703125 0.43046875 0.06171875 0.03359375
5 0.17578125 0.4375 0.05703125 0.03203125
5 0.27578125 0.4359375 0.03828125 0.034375
5 0.115625 0.503125 0.15546875 0.0296875
5 0.1578125 0.82734375 0.234375 0.0234375
5 0.1234375 0.86015625 0.0765625 0.028125
5 0.40625 0.28984375 0.0796875 0.0328125
5 0.4078125 0.40859375 0.1046875 0.028125
5 0.4 0.36640625 0.09140625 0.03046875
5 0.403125 0.334375 0.084375 0.02578125
5 0.43984375 0.43828125 0.11796875 0.0234375
5 0.434375 0.5046875 0.2234375 0.034375
5 0.40859375 0.69375 0.16875 0.0265625
5 0.4125 0.6546875 0.16796875 0.028125
5 0.41953125 0.61875 0.184375 0.02578125
5 0.43828125 0.58046875 0.2265625 0.02890625
5 0.3984375 0.54375 0.14453125 0.028125
6 0.259375 0.34140625 0.01171875 0.03203125
7 0.20625 0.30859375 0.0328125 0.0359375
7 0.240625 0.3078125 0.034375 0.0296875
7 0.2796875 0.30859375 0.0453125 0.0359375
7 0.48125 0.36953125 0.065625 0.04453125
7 0.4796875 0.3265625 0.06640625 0.04375
7 0.52265625 0.43671875 0.0390625 0.04375
5 0.121875 0.465625 0.04140625 0.0234375
7 0.12421875 0.4265625 0.04140625 0.0375
5 0.23125 0.465625 0.06171875 0.0171875
7 0.2296875 0.43046875 0.03984375 0.04140625
2 0.24921875 0.50625 0.10859375 0.04765625
2 0.51640625 0.2828125 0.1375 0.0375
2 0.55390625 0.340625 0.06328125 0.04375
0 0.22265625 0.8609375 0.10859375 0.0359375
0 0.34375 0.84765625 0.0515625 0.0390625
0 0.3953125 0.84765625 0.0515625 0.040625
0 0.5625 0.846875 0.05390625 0.0359375
5 0.56796875 0.440625 0.04375 0.03046875
1 0.575 0.690625 0.01484375 0.02890625
1 0.5734375 0.653125 0.01875 0.03046875
1 0.575 0.6140625 0.015625 0.0234375
1 0.5734375 0.578125 0.01640625 0.03203125
1 0.575 0.54296875 0.0171875 0.0234375
1 0.57421875 0.50859375 0.02421875 0.025
1 0.2859375 0.86171875 0.015625 0.02578125
1 0.28671875 0.83125 0.01796875 0.0296875
0 0.9546875 0.00703125 0.01328125 0.0140625
0 0.971875 0.0078125 0.01875 0.015625
0 0.990625 0.0078125 0.015625 0.015625
3 0.0734375 0.98515625 0.1125 0.0296875
5 0.24140625 0.275 0.0296875 0.01953125
5 0.278125 0.27734375 0.02109375 0.01796875