0 0.5015625 0.8421875 0.05078125 0.0296875
0 0.553125 0.84453125 0.05 0.04375
0 0.71875 0.846875 0.0515625 0.0390625
5 0.2203125 0.2859375 0.0515625 0.046875
5 0.31171875 0.30625 0.06484375 0.0328125
7 0.365625 0.30390625 0.0328125 0.03046875
5 0.3640625 0.27578125 0.02265625 0.021875
7 0.39921875 0.3046875 0.0328125 0.03125
5 0.4015625 0.2765625 0.02421875 0.02109375
7 0.43984375 0.3046875 0.04609375 0.03671875
5 0.43671875 0.2765625 0.021875 0.0171875
5 0.35078125 0.3453125 0.0421875 0.028125
2 0.40390625 0.38359375 0.1125 0.040625
5 0.40078125 0.34140625 0.02265625 0.01953125
5 0.44453125 0.34140625 0.0359375 0.02890625
5 0.5609375 0.28828125 0.08125 0.034375
5 0.5703125 0.4046875 0.1203125 0.028125
5 0.55546875 0.3671875 0.0921875 0.0328125
5 0.55859375 0.33359375 0.08671875 0.03203125
5 0.59609375 0.43671875 0.1171875 0.034375
5 0.59296875 0.5046875 0.21171875 0.0296875
5 0.57109375 0.690625 0.1765625 0.0328125
5 0.57109375 0.64765625 0.1765625 0.0296875
5 0.57890625 0.615625 0.18828125 0.02890625
5 0.59375 0.58046875 0.21953125 0.02578125
5 0.553125 0.540625 0.13984375 0.03203125
5 0.3125 0.38125 0.0640625 0.0375
5 0.2296875 0.428125 0.06328125 0.03046875
5 0.27265625 0.50078125 0.159375 0.03203125
5 0.3359375 0.4296875 0.0578125 0.0375
5 0.43984375 0.43515625 0.05078125 0.028125
5 0.3171875 0.82265625 0.23125 0.02578125
5 0.278125 0.8625 0.0890625 0.0375
6 0.3796875 0.340625 0.0125 0.02421875
6 0.41953125 0.33984375 0.01171875 0.0234375
2 0.409375 0.5046875 0.11015625 0.0484375
5 0.3890625 0.46484375 0.05859375 0.025
7 0.3875 0.42734375 0.0390625 0.0359375
5 0.28125 0.46484375 0.0453125 0.025
7 0.284375 0.42734375 0.04140625 0.0453125
7 0.6375 0.3265625 0.06171875 0.0375
7 0.6390625 0.3671875 0.06171875 0.0390625
7 0.67734375 0.43125 0.03671875 0.03671875
2 0.675 0.2828125 0.13671875 0.03671875
2 0.71015625 0.33984375 0.06484375 0.05
5 0.20546875 0.05390625 0.0296875 0.01875
5 0.290625 0.0578125 0.04296875 0.01328125
5 0.3765625 0.0578125 0.05546875 0.01640625
5 0.45625 0.05390625 0.0375 0.01875
5 0.7203125 0.43515625 0.03984375 0.0265625
1 0.73046875 0.53671875 0.01640625 0.02421875
1 0.73125 0.50625 0.0203125 0.02421875
1 0.7328125 0.57578125 0.01953125 0.0328125
1 0.73046875 0.6109375 0.01875 0.028125
1 0.7296875 0.6859375 0.0203125 0.0359375
1 0.7296875 0.6515625 0.02109375 0.03203125
1 0.44609375 0.85859375 0.01796875 0.0265625
1 0.4453125 0.828125 0.015625 0.0265625
0 0.38203125 0.85546875 0.10625 0.03515625
3 0.075 0.98515625 0.11171875 0.0296875