7 0.20546875 0.3078125 0.034375 0.0359375
5 0.20625 0.27578125 0.021875 0.02578125
7 0.24140625 0.3078125 0.03203125 0.03671875
5 0.24140625 0.27421875 0.0296875 0.02109375
7 0.28046875 0.30703125 0.04609375 0.0375
5 0.278125 0.27265625 0.0234375 0.02578125
5 0.1515625 0.30546875 0.06875 0.0296875
5 0.1921875 0.34375 0.04140625 0.02265625
2 0.24609375 0.38515625 0.1203125 0.0453125
5 0.24140625 0.3453125 0.02265625 0.02109375
5 0.2859375 0.34296875 0.0359375 0.02265625
5 0.0578125 0.0265625 0.10625 0.01484375
5 0.05 0.05078125 0.0359375 0.01796875
5 0.14375 0.05234375 0.04609375 0.02109375
5 0.22890625 0.05 0.0515625 0.01875
5 0.31484375 0.05078125 0.0421875 0.0171875
5 0.0640625 0.28671875 0.05 0.0359375
5 0.40625 0.2890625 0.0765625 0.0328125
5 0.4421875 0.43828125 0.1171875 0.025
5 0.42265625 0.40546875 0.1296875 0.02578125
5 0.403125 0.36875 0.08671875 0.02265625
5 0.40078125 0.3359375 0.07890625 0.021875
5 0.56640625 0.43671875 0.04765625 0.028125
5 0.1515625 0.3828125 0.06015625 0.0265625
5 0.0734375 0.42890625 0.053125 0.03671875
5 0.1765625 0.434375 0.05546875 0.0296875
5 0.2765625 0.43515625 0.04375 0.02890625
5 0.1140625 0.50078125 0.1609375 0.03359375
5 0.1234375 0.465625 0.0359375 0.03203125
2 0.25 0.5046875 0.11015625 0.0453125
5 0.23046875 0.46484375 0.059375 0.0171875
8 0.50078125 0.5015625 0.13203125 0.02109375
0 0.55234375 0.534375 0.0359375 0.025
0 0.5671875 0.4703125 0.0078125 0.01953125
0 0.95234375 0.01015625 0.0109375 0.0203125
0 0.97109375 0.00859375 0.0109375 0.0171875
0 0.990625 0.009375 0.01484375 0.01875
0 0.221875 0.8609375 0.10859375 0.0375
0 0.34453125 0.84765625 0.04765625 0.034375
0 0.39375 0.84765625 0.0515625 0.03671875
0 0.5625 0.8484375 0.0515625 0.03671875
5 0.4390625 0.58125 0.22578125 0.02578125
5 0.37265625 0.54296875 0.09140625 0.02578125
5 0.371875 0.50703125 0.08671875 0.021875
5 0.41328125 0.69453125 0.17421875 0.03203125
5 0.4140625 0.65703125 0.1765625 0.028125
5 0.421875 0.6203125 0.18828125 0.021875
5 0.16015625 0.82421875 0.2296875 0.02890625
5 0.12421875 0.8609375 0.07890625 0.03046875
6 0.221875 0.3390625 0.0125 0.021875
6 0.26015625 0.33984375 0.0125 0.0203125
7 0.48046875 0.3703125 0.0640625 0.040625
7 0.48125 0.328125 0.065625 0.040625
7 0.521875 0.434375 0.0390625 0.03984375
7 0.1234375 0.4265625 0.04140625 0.03828125
7 0.2296875 0.4265625 0.04375 0.0421875
2 0.51796875 0.2828125 0.14140625 0.03984375
2 0.5546875 0.34140625 0.06640625 0.046875
1 0.57734375 0.50859375 0.0140625 0.02109375
1 0.57734375 0.5390625 0.01171875 0.02265625
1 0.57578125 0.5796875 0.0140625 0.02578125
1 0.57578125 0.6140625 0.01796875 0.02421875
1 0.57578125 0.6515625 0.015625 0.02421875
1 0.575 0.690625 0.0140625 0.02578125
1 0.28671875 0.83359375 0.0140625 0.02265625
1 0.28671875 0.8625 0.0140625 0.02109375
3 0.07421875 0.9859375 0.1125 0.028125