5 0.06328125 0.28515625 0.06328125 0.04296875
7 0.20703125 0.30703125 0.03203125 0.03203125
5 0.2046875 0.27578125 0.03046875 0.02578125
7 0.240625 0.30625 0.03203125 0.03203125
5 0.2421875 0.27265625 0.0265625 0.0265625
7 0.27890625 0.30625 0.04296875 0.0328125
5 0.2765625 0.27265625 0.0203125 0.0234375
5 0.153125 0.31015625 0.0671875 0.03203125
5 0.19140625 0.34609375 0.04296875 0.025
2 0.24375 0.38359375 0.1140625 0.04296875
6 0.22109375 0.33984375 0.0125 0.0265625
5 0.24140625 0.34375 0.0234375 0.015625
6 0.26015625 0.33828125 0.009375 0.02265625
5 0.28515625 0.34453125 0.034375 0.0234375
5 0.15 0.38359375 0.06484375 0.0359375
5 0.07265625 0.43125 0.05625 0.0296875
5 0.1765625 0.43515625 0.0578125 0.028125
5 0.275 0.434375 0.0375 0.03203125
5 0.1140625 0.50390625 0.15625 0.0296875
5 0.121875 0.4640625 0.040625 0.0234375
2 0.253125 0.50234375 0.11171875 0.04453125
5 0.23125 0.46640625 0.06640625 0.0234375
5 0.40546875 0.2875 0.08515625 0.03203125
5 0.43984375 0.4390625 0.11796875 0.025
5 0.415625 0.40703125 0.12421875 0.0265625
5 0.3984375 0.3671875 0.0859375 0.0234375
5 0.4 0.33359375 0.0890625 0.03203125
5 0.56328125 0.43671875 0.0421875 0.03671875
5 0.43671875 0.50078125 0.2234375 0.03671875
5 0.39765625 0.5390625 0.13984375 0.0296875
5 0.41328125 0.6953125 0.171875 0.03203125
5 0.415625 0.65859375 0.1765625 0.03203125
5 0.36953125 0.61875 0.08671875 0.0265625
5 0.36796875 0.58046875 0.08671875 0.03203125
5 0.1609375 0.8265625 0.2296875 0.025
5 0.12734375 0.86328125 0.078125 0.0359375
5 0.0578125 0.02578125 0.10859375 0.021875
5 0.04921875 0.04921875 0.028125 0.0171875
5 0.1390625 0.05 0.0484375 0.025
5 0.22890625 0.046875 0.05390625 0.02578125
5 0.31328125 0.0453125 0.03828125 0.02578125
1 0.57421875 0.690625 0.01875 0.0265625
1 0.57734375 0.65 0.02265625 0.0265625
1 0.57265625 0.6140625 0.021875 0.0296875
1 0.5765625 0.578125 0.02109375 0.0265625
1 0.57421875 0.54140625 0.015625 0.0296875
1 0.57578125 0.51015625 0.02265625 0.0296875
1 0.2859375 0.8625 0.01796875 0.025
1 0.28515625 0.8328125 0.01328125 0.028125
0 0.221875 0.859375 0.10859375 0.0328125
0 0.34375 0.8484375 0.05 0.034375
0 0.39765625 0.846875 0.0578125 0.0453125
0 0.5625 0.84921875 0.05078125 0.04140625
7 0.4828125 0.3703125 0.065625 0.03359375
7 0.48125 0.32578125 0.06328125 0.03671875
7 0.12421875 0.42734375 0.040625 0.04140625
7 0.23203125 0.42578125 0.04609375 0.03671875
7 0.52109375 0.43828125 0.03984375 0.0484375
2 0.51953125 0.28359375 0.13984375 0.03359375
2 0.55625 0.34140625 0.0734375 0.0375
0 0.95546875 0.00703125 0.015625 0.0140625
0 0.97265625 0.00703125 0.0140625 0.0140625
0 0.99140625 0.00703125 0.0171875 0.0140625
3 0.07421875 0.98671875 0.1125 0.02578125