5 0.0609375 0.02734375 0.10625 0.02265625
5 0.05 0.05234375 0.03125 0.01796875
5 0.1390625 0.05390625 0.0484375 0.02265625
5 0.22890625 0.05390625 0.05859375 0.021875
5 0.315625 0.05078125 0.0390625 0.02265625
5 0.06484375 0.2875 0.05703125 0.0359375
7 0.20546875 0.30546875 0.034375 0.0359375
5 0.203125 0.27421875 0.0265625 0.025
7 0.24140625 0.30390625 0.03359375 0.03359375
5 0.2421875 0.275 0.02578125 0.0265625
7 0.2796875 0.3046875 0.0453125 0.0390625
5 0.27578125 0.27890625 0.02421875 0.02578125
5 0.153125 0.3078125 0.06484375 0.02265625
5 0.19140625 0.34609375 0.046875 0.025
2 0.24453125 0.3796875 0.11484375 0.03984375
5 0.2421875 0.34453125 0.028125 0.02265625
5 0.2859375 0.34296875 0.03828125 0.0265625
5 0.1515625 0.3828125 0.065625 0.028125
5 0.07421875 0.42734375 0.0578125 0.028125
5 0.178125 0.43515625 0.0640625 0.02578125
5 0.275 0.43125 0.03671875 0.0296875
5 0.1125 0.503125 0.16015625 0.0296875
5 0.12421875 0.465625 0.03984375 0.021875
2 0.25078125 0.5046875 0.109375 0.04765625
5 0.23359375 0.46875 0.06328125 0.025
5 0.40546875 0.28984375 0.078125 0.03671875
5 0.41484375 0.40703125 0.11796875 0.03359375
5 0.4015625 0.36953125 0.08671875 0.0265625
5 0.403125 0.3375 0.09609375 0.028125
5 0.43984375 0.43828125 0.1140625 0.0265625
5 0.5671875 0.43671875 0.0421875 0.0375
5 0.434375 0.5078125 0.21796875 0.028125
5 0.434375 0.57578125 0.2296875 0.03359375
5 0.396875 0.54453125 0.13984375 0.0296875
5 0.409375 0.696875 0.1765625 0.0328125
5 0.41484375 0.659375 0.178125 0.0296875
5 0.41953125 0.6171875 0.1921875 0.0296875
5 0.16015625 0.828125 0.23046875 0.02265625
5 0.1265625 0.8609375 0.084375 0.03359375
6 0.22265625 0.33984375 0.01484375 0.025
6 0.26015625 0.33984375 0.0125 0.02734375
7 0.48125 0.32578125 0.0640625 0.0328125
7 0.48125 0.3671875 0.0625 0.03828125
7 0.52109375 0.4375 0.0390625 0.04296875
7 0.2296875 0.42734375 0.040625 0.03671875
7 0.12421875 0.428125 0.03828125 0.03828125
2 0.5171875 0.28046875 0.13671875 0.046875
2 0.55546875 0.340625 0.0671875 0.04765625
1 0.57421875 0.50859375 0.0140625 0.02109375
1 0.5765625 0.53984375 0.0140625 0.028125
1 0.57578125 0.578125 0.0125 0.028125
1 0.575 0.61796875 0.01640625 0.0296875
1 0.575 0.65390625 0.01796875 0.02578125
1 0.57578125 0.69140625 0.015625 0.025
1 0.28515625 0.83125 0.01640625 0.02421875
1 0.28671875 0.86328125 0.01640625 0.021875
0 0.22265625 0.8578125 0.1109375 0.0390625
0 0.34296875 0.84921875 0.0515625 0.04375
0 0.39453125 0.84921875 0.0515625 0.04375
0 0.5625 0.84453125 0.05390625 0.04296875
0 0.95390625 0.01015625 0.0171875 0.01953125
0 0.97265625 0.0125 0.01953125 0.025
0 0.990625 0.0125 0.01875 0.025
3 0.075 0.98671875 0.11171875 0.02578125