5 0.28125 0.14296875 0.1078125 0.0140625
5 0.2515625 0.11953125 0.03828125 0.01796875
5 0.2609375 0.159375 0.02734375 0.01796875
5 0.325 0.16015625 0.03984375 0.0171875
5 0.39765625 0.16171875 0.03984375 0.0140625
5 0.45859375 0.159375 0.02734375 0.01640625
7 0.38359375 0.3515625 0.025 0.028125
5 0.384375 0.33125 0.01796875 0.01640625
5 0.409375 0.3265625 0.021875 0.0203125
7 0.4375 0.35234375 0.0328125 0.025
5 0.43671875 0.33046875 0.01796875 0.01796875
5 0.34375 0.35390625 0.05234375 0.02109375
5 0.27265625 0.340625 0.046875 0.0296875
2 0.41171875 0.409375 0.09375 0.0359375
5 0.371875 0.38203125 0.03203125 0.0234375
5 0.41015625 0.38359375 0.01953125 0.01640625
5 0.44375 0.38125 0.0296875 0.015625
5 0.3421875 0.41015625 0.04921875 0.01796875
5 0.28046875 0.44609375 0.04453125 0.01953125
5 0.35859375 0.45 0.04375 0.021875
5 0.43359375 0.45078125 0.02890625 0.02421875
2 0.415625 0.503125 0.08359375 0.03359375
5 0.403125 0.47421875 0.05234375 0.0140625
5 0.3203125 0.47265625 0.03125 0.01640625
5 0.3140625 0.50234375 0.11953125 0.02421875
5 0.53359375 0.34140625 0.0625 0.01953125
5 0.53046875 0.37421875 0.06640625 0.0234375
5 0.53125 0.4015625 0.065625 0.0234375
5 0.54296875 0.43046875 0.08515625 0.01875
5 0.56484375 0.453125 0.0859375 0.01875
5 0.6546875 0.453125 0.0296875 0.01953125
5 0.55390625 0.5078125 0.16640625 0.01953125
5 0.528125 0.5328125 0.1109375 0.0203125
5 0.56171875 0.56015625 0.1765625 0.02265625
5 0.54375 0.5890625 0.146875 0.02578125
5 0.54375 0.6171875 0.1453125 0.0265625
5 0.53828125 0.6484375 0.1359375 0.03125
5 0.34609375 0.75 0.1734375 0.01953125
5 0.321875 0.7734375 0.05703125 0.01953125
6 0.39375 0.37890625 0.01484375 0.0234375
6 0.425 0.38046875 0.0109375 0.02578125
7 0.40859375 0.353125 0.025 0.0265625
7 0.31953125 0.44609375 0.0296875 0.02734375
7 0.40078125 0.4453125 0.03203125 0.028125
7 0.5921875 0.36875 0.05078125 0.0296875
7 0.59140625 0.40078125 0.04765625 0.03046875
7 0.6234375 0.45 0.028125 0.02890625
2 0.6203125 0.3359375 0.10625 0.03671875
2 0.64921875 0.37890625 0.0515625 0.0375
1 0.4421875 0.75390625 0.01328125 0.021875
1 0.44375 0.778125 0.01171875 0.021875
1 0.66328125 0.53046875 0.0140625 0.0234375
1 0.66328125 0.50546875 0.0140625 0.02109375
1 0.6625 0.5609375 0.01640625 0.021875
1 0.66328125 0.58828125 0.0171875 0.02265625
1 0.66328125 0.615625 0.01640625 0.02421875
1 0.6625 0.64453125 0.01796875 0.0234375
0 0.3953125 0.77421875 0.08359375 0.0296875
0 0.48828125 0.765625 0.03828125 0.03125
0 0.52578125 0.7640625 0.03671875 0.0328125
0 0.6546875 0.765625 0.0421875 0.03984375
0 0.73203125 0.12109375 0.01875 0.01953125
0 0.7484375 0.12109375 0.0140625 0.0203125
0 0.765625 0.121875 0.01953125 0.02109375
3 0.07578125 0.98671875 0.1125 0.0265625