5 0.0578125 0.02734375 0.10859375 0.0171875
5 0.0484375 0.0484375 0.03515625 0.021875
5 0.140625 0.05078125 0.04375 0.021875
5 0.228125 0.0515625 0.059375 0.01953125
5 0.3125 0.0484375 0.04375 0.0234375
5 0.0640625 0.2859375 0.0515625 0.0375
5 0.20546875 0.27421875 0.02421875 0.025
5 0.240625 0.27265625 0.034375 0.0265625
5 0.278125 0.2734375 0.01875 0.02578125
5 0.4421875 0.43515625 0.1171875 0.03046875
5 0.4203125 0.40546875 0.1234375 0.028125
5 0.40234375 0.36875 0.0859375 0.0296875
5 0.4015625 0.3328125 0.0875 0.03046875
5 0.40390625 0.28984375 0.08515625 0.03359375
2 0.24609375 0.38203125 0.11796875 0.04375
5 0.24140625 0.34609375 0.025 0.021875
5 0.2859375 0.340625 0.03828125 0.02890625
5 0.19140625 0.34609375 0.0421875 0.025
5 0.15546875 0.30625 0.06171875 0.03984375
5 0.15 0.3828125 0.0671875 0.0296875
5 0.06796875 0.4296875 0.06171875 0.03671875
5 0.178125 0.43359375 0.06171875 0.03203125
5 0.27578125 0.4296875 0.040625 0.0328125
2 0.25078125 0.50390625 0.10859375 0.04375
5 0.23203125 0.46640625 0.06015625 0.02578125
5 0.1140625 0.50078125 0.16015625 0.03046875
5 0.121875 0.4640625 0.0421875 0.02265625
5 0.565625 0.43203125 0.0453125 0.034375
5 0.434375 0.49921875 0.2171875 0.03984375
5 0.44140625 0.5796875 0.2328125 0.02890625
5 0.396875 0.54296875 0.14140625 0.0265625
5 0.41015625 0.690625 0.17265625 0.03203125
5 0.41484375 0.65546875 0.1796875 0.025
5 0.421875 0.6203125 0.19453125 0.0234375
5 0.16015625 0.82578125 0.23125 0.028125
5 0.12578125 0.859375 0.0765625 0.03046875
6 0.221875 0.33984375 0.0125 0.021875
6 0.26015625 0.33828125 0.01015625 0.0203125
7 0.20625 0.30546875 0.03359375 0.03359375
7 0.240625 0.30546875 0.0328125 0.034375
7 0.2796875 0.30546875 0.04453125 0.03359375
7 0.23046875 0.42734375 0.03984375 0.0390625
7 0.12421875 0.42734375 0.040625 0.0375
7 0.48125 0.325 0.0640625 0.040625
7 0.48125 0.36875 0.06328125 0.0359375
7 0.521875 0.43515625 0.0375 0.0421875
2 0.51875 0.28046875 0.13984375 0.04296875
2 0.55390625 0.34140625 0.06484375 0.04765625
1 0.575 0.50859375 0.0171875 0.025
1 0.57578125 0.53984375 0.0171875 0.02734375
1 0.5765625 0.58046875 0.01484375 0.025
1 0.575 0.615625 0.0140625 0.02734375
1 0.57578125 0.6546875 0.01328125 0.02578125
1 0.575 0.690625 0.01640625 0.0234375
1 0.28515625 0.8328125 0.0140625 0.0234375
1 0.2859375 0.8625 0.01328125 0.02578125
0 0.221875 0.86328125 0.109375 0.040625
0 0.34375 0.846875 0.04921875 0.04453125
0 0.3953125 0.84609375 0.05 0.04453125
0 0.5625 0.84609375 0.0546875 0.04296875
0 0.9515625 0.00859375 0.015625 0.0171875
0 0.9703125 0.01015625 0.021875 0.0203125
0 0.990625 0.01015625 0.01875 0.0203125
3 0.07578125 0.98671875 0.1125 0.0265625