5 0.4125 0.6953125 0.16875 0.03046875
5 0.41171875 0.659375 0.17265625 0.0296875
5 0.42109375 0.61953125 0.18515625 0.0328125
5 0.4390625 0.58046875 0.22265625 0.02578125
5 0.4015625 0.54375 0.14765625 0.0296875
5 0.1609375 0.83046875 0.23046875 0.02578125
5 0.12421875 0.8609375 0.08359375 0.0296875
2 0.51796875 0.28359375 0.140625 0.0390625
2 0.55546875 0.34453125 0.065625 0.0453125
7 0.48125 0.3265625 0.0625 0.03984375
7 0.48046875 0.37265625 0.0640625 0.03671875
7 0.521875 0.4375 0.03828125 0.03984375
5 0.56484375 0.43671875 0.03984375 0.034375
0 0.22265625 0.86015625 0.10703125 0.03203125
0 0.34296875 0.84609375 0.05 0.040625
0 0.396875 0.8484375 0.05390625 0.04296875
0 0.56484375 0.846875 0.05234375 0.03984375
1 0.57421875 0.69140625 0.01640625 0.028125
1 0.571875 0.65546875 0.01328125 0.02890625
1 0.5734375 0.61640625 0.01796875 0.0234375
1 0.5734375 0.5796875 0.0140625 0.02890625
1 0.57421875 0.53984375 0.01640625 0.0265625
1 0.57421875 0.50625 0.01640625 0.02578125
2 0.24296875 0.3828125 0.115625 0.034375
6 0.2203125 0.340625 0.01171875 0.0296875
6 0.26015625 0.33984375 0.0125 0.025
2 0.25078125 0.50625 0.11171875 0.03984375
5 0.4046875 0.28828125 0.07734375 0.03671875
5 0.4203125 0.40703125 0.12421875 0.0234375
5 0.4 0.3671875 0.084375 0.0265625
5 0.4 0.33515625 0.08515625 0.03671875
5 0.4421875 0.43828125 0.1109375 0.02578125
5 0.1515625 0.30625 0.0578125 0.028125
5 0.14921875 0.38125 0.0625 0.0296875
5 0.075 0.4296875 0.05 0.01796875
5 0.1765625 0.4328125 0.0578125 0.025
5 0.2765625 0.434375 0.0421875 0.02578125
5 0.115625 0.50625 0.1546875 0.03203125
7 0.2078125 0.303125 0.034375 0.03671875
7 0.24296875 0.3046875 0.03203125 0.0390625
7 0.28046875 0.3046875 0.04375 0.03203125
7 0.23046875 0.42734375 0.0375 0.0359375
7 0.12421875 0.4265625 0.0421875 0.0375
1 0.28671875 0.8640625 0.01640625 0.028125
1 0.2859375 0.83203125 0.01484375 0.02890625
0 0.45625 0.03046875 0.01015625 0.0171875
0 0.95546875 0.0078125 0.0140625 0.015625
0 0.97265625 0.00859375 0.0140625 0.0171875
0 0.990625 0.00859375 0.01484375 0.0171875
3 0.075 0.98515625 0.1125 0.02890625