5 0.28125 0.14140625 0.10625 0.01796875
5 0.25078125 0.11953125 0.034375 0.01328125
5 0.26171875 0.16171875 0.02734375 0.0140625
5 0.3265625 0.16015625 0.03359375 0.01484375
5 0.39453125 0.15859375 0.04921875 0.01875
5 0.45625 0.15859375 0.03359375 0.01796875
5 0.27734375 0.33984375 0.04453125 0.02890625
7 0.3828125 0.35234375 0.025 0.028125
5 0.3828125 0.3296875 0.015625 0.0203125
7 0.40859375 0.353125 0.02578125 0.02578125
5 0.40859375 0.328125 0.028125 0.01953125
7 0.4390625 0.35234375 0.034375 0.0265625
5 0.4359375 0.33046875 0.01953125 0.01640625
5 0.34140625 0.35390625 0.0484375 0.02421875
5 0.37109375 0.38046875 0.03515625 0.01640625
2 0.4125 0.4109375 0.0890625 0.0328125
5 0.41015625 0.38125 0.01875 0.01953125
5 0.44375 0.38046875 0.0296875 0.01953125
5 0.34140625 0.4109375 0.04921875 0.02265625
5 0.28046875 0.446875 0.040625 0.02578125
5 0.36171875 0.45 0.04609375 0.02265625
5 0.4359375 0.44921875 0.03046875 0.02109375
5 0.31328125 0.50234375 0.11953125 0.0265625
5 0.3203125 0.47109375 0.03203125 0.01796875
2 0.41484375 0.50546875 0.084375 0.0375
5 0.40078125 0.4734375 0.0421875 0.01640625
5 0.53359375 0.33671875 0.06171875 0.0234375
5 0.52890625 0.396875 0.06484375 0.01875
5 0.53203125 0.37265625 0.0625 0.02265625
5 0.54453125 0.4296875 0.09453125 0.025
5 0.56171875 0.45390625 0.0921875 0.02265625
5 0.65703125 0.45234375 0.03359375 0.02578125
5 0.55625 0.50390625 0.16484375 0.02578125
5 0.52734375 0.53046875 0.10625 0.0203125
5 0.5609375 0.5625 0.171875 0.02578125
5 0.54609375 0.58984375 0.1421875 0.02265625
5 0.5390625 0.6484375 0.1328125 0.0234375
5 0.53984375 0.6203125 0.1328125 0.0203125
5 0.3484375 0.74921875 0.178125 0.01953125
5 0.3203125 0.7734375 0.0546875 0.0234375
6 0.39453125 0.3796875 0.0140625 0.03046875
6 0.425 0.37890625 0.01328125 0.02578125
7 0.31953125 0.446875 0.03203125 0.0296875
7 0.40078125 0.4453125 0.03203125 0.03125
7 0.5921875 0.36796875 0.0484375 0.028125
7 0.5921875 0.40078125 0.05078125 0.03125
7 0.6234375 0.45 0.03046875 0.03125
2 0.6203125 0.33671875 0.10703125 0.03515625
2 0.6484375 0.37734375 0.04921875 0.03359375
1 0.66328125 0.50703125 0.01171875 0.01953125
1 0.6640625 0.5328125 0.0109375 0.0171875
1 0.66328125 0.5609375 0.0125 0.0203125
1 0.66328125 0.58828125 0.0125 0.01953125
1 0.66328125 0.6171875 0.01015625 0.01953125
1 0.6625 0.64609375 0.0125 0.021875
1 0.44296875 0.75234375 0.0109375 0.01953125
1 0.44296875 0.77734375 0.0109375 0.01640625
0 0.3953125 0.77265625 0.08359375 0.03046875
0 0.48828125 0.76484375 0.03671875 0.03046875
0 0.52578125 0.765625 0.03828125 0.0296875
0 0.6546875 0.7640625 0.03984375 0.034375
0 0.7328125 0.11953125 0.0171875 0.01640625
0 0.74921875 0.1203125 0.015625 0.01875
0 0.765625 0.12109375 0.01796875 0.01875
3 0.075 0.98671875 0.11171875 0.0265625