4 0.443953 0.0999987 0.124402 0.102282
1 0.839456 0.661571 0.0236523 0.0279301
12 0.302395 0.300521 0.0471748 0.0356031
4 0.250578 0.658698 0.197455 0.212958
1 0.840159 0.585955 0.0214169 0.0272478
4 0.19566 0.101699 0.120542 0.090452
12 0.410169 0.30111 0.0641826 0.0340918
12 0.180506 0.428274 0.0589878 0.0382817
1 0.840211 0.623963 0.0214478 0.0273925
4 0.316264 0.105345 0.110124 0.100304
4 0.0667976 0.0953802 0.124244 0.0878587
1 0.839461 0.546954 0.0221617 0.025878
0 0.823005 0.865937 0.0728477 0.0415762
12 0.702191 0.322175 0.0927536 0.0389498
0 0.502339 0.866322 0.0710444 0.0398295
3 0.367297 0.508144 0.159812 0.0468202
12 0.33593 0.427397 0.0570651 0.0383686
0 0.57791 0.866751 0.0742878 0.0417098
12 0.702909 0.367785 0.0920394 0.0379984
12 0.351864 0.300648 0.046308 0.0346317
7 0.165481 0.506923 0.237814 0.0354271
7 0.642957 0.588551 0.331638 0.0328615
7 0.591858 0.282345 0.118007 0.0378227
1 0.839967 0.702392 0.0250585 0.0338914
3 0.756511 0.277058 0.20093 0.0399746
7 0.644732 0.439669 0.176444 0.0282476
12 0.761422 0.435865 0.0575502 0.0418266
7 0.092725 0.283336 0.0820109 0.0468155
7 0.166884 0.880649 0.148065 0.0289271
7 0.105179 0.430303 0.0852577 0.0389704
7 0.259903 0.434854 0.0882185 0.0362324
3 0.35768 0.380342 0.165472 0.0399852
7 0.40251 0.435326 0.0617042 0.0326897
7 0.634973 0.509679 0.320475 0.0367191
7 0.610272 0.406448 0.182801 0.0290024
7 0.585327 0.329436 0.127968 0.0316181
7 0.587447 0.549732 0.217721 0.0331086
7 0.433277 0.0361964 0.0508253 0.0190454
7 0.583781 0.366962 0.125777 0.0316422
7 0.604809 0.709943 0.259504 0.0365191
7 0.223712 0.300782 0.095312 0.0369909
1 0.840567 0.513738 0.0222175 0.0263767
7 0.279898 0.340311 0.0633891 0.0281466
3 0.809893 0.339609 0.0970488 0.0411351
7 0.191985 0.0400615 0.0571545 0.0188716
7 0.827295 0.439328 0.0609562 0.0401488
7 0.353136 0.267356 0.0414652 0.0250658
7 0.60724 0.66775 0.261761 0.0328342
7 0.336103 0.466072 0.0839414 0.0253708
7 0.315509 0.0377544 0.0788352 0.020966
7 0.221107 0.379044 0.0938721 0.0330075
7 0.181532 0.467138 0.0579714 0.0266818
7 0.0633606 0.0396627 0.039972 0.0168336
0 0.32753 0.880666 0.159832 0.035708
7 0.405789 0.266083 0.0338218 0.0253125
7 0.30281 0.266445 0.0350125 0.0255694
7 0.236803 0.843638 0.342309 0.0315303
7 0.350813 0.34061 0.0323632 0.0260494
1 0.418119 0.855862 0.0195347 0.0341512
7 0.127695 0.0124916 0.253753 0.0249832
10 0.324891 0.338429 0.0173164 0.0259241
10 0.379024 0.339388 0.0199205 0.0310487
7 0.067895 0.0131922 0.131846 0.0239771
