5 0.17529296875 0.51708984375 0.1611328125 0.14794921875
5 0.4208984375 0.513671875 0.14794921875 0.16162109375
5 0.70068359375 0.3779296875 0.0439453125 0.05517578125
5 0.79736328125 0.384765625 0.0400390625 0.06201171875
5 0.69921875 0.712890625 0.04150390625 0.0791015625
5 0.8017578125 0.70947265625 0.04150390625 0.05859375
1 0.07080078125 0.515625 0.029296875 0.07568359375
1 0.3232421875 0.513671875 0.02783203125 0.072265625
6 0.66015625 0.38818359375 0.0322265625 0.07568359375
6 0.6572265625 0.71484375 0.0322265625 0.07568359375
6 0.7578125 0.38330078125 0.03076171875 0.072265625
6 0.76220703125 0.7080078125 0.02783203125 0.07568359375
6 0.8857421875 0.95849609375 0.111328125 0.0830078125