1 0.12939453125 0.55322265625 0.0380859375 0.0419921875
1 0.13037109375 0.64892578125 0.0400390625 0.0439453125
1 0.12890625 0.74267578125 0.037109375 0.0419921875
7 0.8642578125 0.55859375 0.068359375 0.048828125
7 0.8701171875 0.64453125 0.064453125 0.044921875
7 0.87255859375 0.73095703125 0.0673828125 0.0439453125
5 0.2490234375 0.55517578125 0.16796875 0.0380859375
5 0.19580078125 0.64404296875 0.0673828125 0.0361328125
5 0.25634765625 0.7353515625 0.1826171875 0.037109375
5 0.640625 0.55224609375 0.16796875 0.0322265625
5 0.5869140625 0.64013671875 0.068359375 0.0361328125
5 0.650390625 0.73291015625 0.1953125 0.0419921875