5 0.07275390625 0.14990234375 0.04345703125 0.02197265625
0 0.0947265625 0.19384765625 0.08203125 0.0302734375
0 0.09716796875 0.24072265625 0.087890625 0.03564453125
0 0.09228515625 0.28662109375 0.0771484375 0.0302734375
0 0.095703125 0.33251953125 0.08349609375 0.03173828125
0 0.11181640625 0.37939453125 0.1142578125 0.03173828125
0 0.11279296875 0.42529296875 0.119140625 0.03466796875
0 0.4560546875 0.1943359375 0.0830078125 0.03173828125
0 0.4580078125 0.240234375 0.087890625 0.03466796875
0 0.45361328125 0.2880859375 0.07470703125 0.03173828125
0 0.45703125 0.33447265625 0.08349609375 0.03369140625
0 0.47216796875 0.380859375 0.1162109375 0.03564453125
0 0.4736328125 0.4267578125 0.119140625 0.03173828125
0 0.81396484375 0.2451171875 0.0966796875 0.03173828125
0 0.92041015625 0.244140625 0.09814453125 0.029296875
0 0.8662109375 0.95166015625 0.19921875 0.03173828125
1 0.06005859375 0.52490234375 0.013671875 0.01904296875
1 0.060546875 0.572265625 0.0146484375 0.02099609375
1 0.06005859375 0.6181640625 0.013671875 0.02099609375
1 0.060546875 0.66455078125 0.013671875 0.02099609375
1 0.42138671875 0.52734375 0.013671875 0.02001953125
1 0.421875 0.57275390625 0.0146484375 0.02197265625
1 0.4208984375 0.619140625 0.01318359375 0.01904296875
1 0.42138671875 0.6650390625 0.01220703125 0.02001953125
2 0.86767578125 0.18115234375 0.20361328125 0.03466796875
5 0.78173828125 0.1513671875 0.03369140625 0.0166015625
5 0.43212890625 0.15283203125 0.03857421875 0.0244140625
5 0.4375 0.486328125 0.0517578125 0.0244140625
5 0.4609375 0.52880859375 0.0537109375 0.02099609375
5 0.45458984375 0.57470703125 0.0419921875 0.02001953125
5 0.4580078125 0.62158203125 0.05029296875 0.02099609375
5 0.45361328125 0.66552734375 0.0419921875 0.02294921875
5 0.443359375 0.724609375 0.0634765625 0.0166015625
5 0.45947265625 0.76318359375 0.05322265625 0.02099609375
5 0.45654296875 0.8134765625 0.04443359375 0.0283203125
5 0.45458984375 0.85986328125 0.0419921875 0.02197265625
5 0.44091796875 0.91552734375 0.0654296875 0.02197265625
5 0.79052734375 0.66357421875 0.0537109375 0.02099609375
5 0.89794921875 0.66259765625 0.05908203125 0.02099609375
5 0.78466796875 0.63232421875 0.0478515625 0.0244140625
5 0.7783203125 0.45947265625 0.02685546875 0.01904296875
5 0.78955078125 0.48876953125 0.05029296875 0.01904296875
5 0.8955078125 0.4912109375 0.0517578125 0.02099609375
5 0.89599609375 0.3330078125 0.0478515625 0.02197265625
5 0.79052734375 0.333984375 0.05517578125 0.02001953125
5 0.81982421875 0.1025390625 0.10888671875 0.0390625
5 0.0927734375 0.10400390625 0.087890625 0.02294921875
5 0.07568359375 0.48486328125 0.04345703125 0.01904296875
5 0.09912109375 0.52587890625 0.05615234375 0.01904296875
5 0.0947265625 0.5712890625 0.04443359375 0.0244140625
5 0.09765625 0.6171875 0.05029296875 0.025390625
5 0.0947265625 0.66357421875 0.044921875 0.02099609375
5 0.0849609375 0.7236328125 0.0634765625 0.029296875
5 0.09912109375 0.7646484375 0.05322265625 0.02294921875
5 0.09326171875 0.8125 0.0419921875 0.0263671875
5 0.0947265625 0.8583984375 0.04638671875 0.02001953125
5 0.0810546875 0.9111328125 0.060546875 0.02197265625
2 0.12548828125 0.95361328125 0.14306640625 0.029296875
2 0.486328125 0.95654296875 0.142578125 0.0302734375
0 0.8154296875 0.384765625 0.09619140625 0.06103515625
0 0.9208984375 0.3837890625 0.0966796875 0.05908203125
0 0.9208984375 0.5390625 0.0966796875 0.0556640625
0 0.814453125 0.5380859375 0.09619140625 0.06005859375
0 0.81396484375 0.71044921875 0.0966796875 0.0576171875
0 0.92041015625 0.7099609375 0.0966796875 0.05908203125
6 0.060546875 0.765625 0.0166015625 0.02734375
6 0.06005859375 0.8095703125 0.0166015625 0.02734375
6 0.060546875 0.85693359375 0.0166015625 0.025390625
6 0.42138671875 0.76416015625 0.01513671875 0.0302734375
6 0.4208984375 0.81201171875 0.0146484375 0.02734375
6 0.4208984375 0.85791015625 0.01611328125 0.02734375