1 0.5439453125 0.66162109375 0.02734375 0.0341796875
1 0.54345703125 0.7265625 0.0244140625 0.03125
1 0.5439453125 0.79541015625 0.0234375 0.0302734375
1 0.5439453125 0.865234375 0.02734375 0.029296875
3 0.2333984375 0.3203125 0.033203125 0.048828125
3 0.234375 0.39013671875 0.03515625 0.0419921875
3 0.23388671875 0.45556640625 0.0302734375 0.0419921875
3 0.2333984375 0.533203125 0.02734375 0.03515625
3 0.232421875 0.591796875 0.02734375 0.041015625
3 0.23046875 0.72802734375 0.029296875 0.0380859375
7 0.45263671875 0.5322265625 0.0439453125 0.033203125
7 0.744140625 0.27734375 0.046875 0.03515625
7 0.74267578125 0.2041015625 0.0419921875 0.03515625
7 0.74462890625 0.1337890625 0.0498046875 0.03515625
3 0.23193359375 0.65087890625 0.0263671875 0.0400390625
3 0.54345703125 0.13232421875 0.0341796875 0.0419921875
3 0.54296875 0.203125 0.029296875 0.037109375
4 0.34375 0.25244140625 0.271484375 0.0693359375
4 0.65625 0.5830078125 0.275390625 0.05859375
3 0.54248046875 0.27587890625 0.0302734375 0.0380859375
3 0.544921875 0.58349609375 0.03515625 0.0419921875
3 0.23291015625 0.2509765625 0.0322265625 0.037109375