0 0.14697265625 0.76708984375 0.12548828125 0.0576171875
0 0.82568359375 0.76025390625 0.13134765625 0.06591796875
6 0.35205078125 0.6982421875 0.0126953125 0.0302734375
6 0.40087890625 0.6982421875 0.0126953125 0.0302734375
5 0.37646484375 0.69970703125 0.03271484375 0.033203125
5 0.43359375 0.701171875 0.04736328125 0.0302734375
4 0.4765625 0.341796875 0.2587890625 0.06591796875
4 0.4765625 0.43408203125 0.2587890625 0.0634765625
4 0.4765625 0.52734375 0.2587890625 0.0634765625
4 0.4765625 0.61962890625 0.2587890625 0.06591796875
4 0.76220703125 0.34423828125 0.2587890625 0.06591796875
4 0.76220703125 0.4326171875 0.2587890625 0.06591796875
4 0.76220703125 0.62109375 0.2587890625 0.0634765625
2 0.76220703125 0.5263671875 0.2587890625 0.06591796875
0 0.81298828125 0.14990234375 0.0859375 0.05224609375
5 0.9130859375 0.15283203125 0.037109375 0.0302734375
5 0.619140625 0.224609375 0.23583984375 0.0576171875