0 0.27197265625 0.669921875 0.3154296875 0.08544921875
3 0.10888671875 0.81787109375 0.05419921875 0.04833984375
3 0.18310546875 0.8203125 0.04443359375 0.0439453125
3 0.2529296875 0.81787109375 0.04736328125 0.0458984375
3 0.32177734375 0.81591796875 0.04541015625 0.0498046875
3 0.39404296875 0.81884765625 0.0498046875 0.0458984375
3 0.4677734375 0.81884765625 0.04541015625 0.0458984375
5 0.20361328125 0.26318359375 0.10888671875 0.025390625
5 0.21875 0.333984375 0.13720703125 0.02197265625
5 0.18408203125 0.40771484375 0.07470703125 0.01708984375
5 0.19970703125 0.50537109375 0.103515625 0.02783203125
3 0.1650390625 0.54150390625 0.04541015625 0.0380859375
3 0.2734375 0.5419921875 0.041015625 0.0439453125
3 0.37744140625 0.5419921875 0.04443359375 0.0390625
5 0.556640625 0.20703125 0.11962890625 0.02197265625
5 0.54638671875 0.3271484375 0.103515625 0.02197265625
5 0.5615234375 0.44873046875 0.1337890625 0.02099609375
5 0.52197265625 0.56494140625 0.052734375 0.01611328125
5 0.6220703125 0.69677734375 0.16650390625 0.02294921875
5 0.64501953125 0.74267578125 0.21044921875 0.02099609375
5 0.5888671875 0.78955078125 0.09814453125 0.01953125