7 0.28662109375 0.20654296875 0.0732421875 0.0595703125
7 0.4267578125 0.20703125 0.0703125 0.056640625
7 0.56787109375 0.20751953125 0.0693359375 0.0517578125
7 0.71435546875 0.20751953125 0.0673828125 0.0576171875
7 0.28759765625 0.3544921875 0.0751953125 0.056640625
7 0.4267578125 0.3525390625 0.0703125 0.0546875
7 0.5673828125 0.3544921875 0.0703125 0.0546875
7 0.70751953125 0.35400390625 0.0693359375 0.0537109375
7 0.2880859375 0.501953125 0.07421875 0.048828125
7 0.42724609375 0.5009765625 0.0751953125 0.0546875
7 0.568359375 0.5 0.072265625 0.05859375
7 0.70751953125 0.5 0.0732421875 0.052734375
7 0.28857421875 0.64697265625 0.0693359375 0.0537109375
7 0.42626953125 0.6484375 0.0693359375 0.05859375
7 0.56787109375 0.6474609375 0.0732421875 0.0546875
7 0.70751953125 0.6474609375 0.0712890625 0.056640625
7 0.28662109375 0.79296875 0.0712890625 0.0546875
7 0.42822265625 0.79345703125 0.0732421875 0.0556640625
7 0.5673828125 0.7939453125 0.07421875 0.0546875
7 0.70654296875 0.79443359375 0.0712890625 0.0537109375