2 0.390625 0.18505859375 0.07470703125 0.03759765625
4 0.33740234375 0.34619140625 0.18408203125 0.0673828125
4 0.337890625 0.421875 0.18017578125 0.06640625
4 0.3369140625 0.49755859375 0.18310546875 0.0625
4 0.33837890625 0.57177734375 0.1806640625 0.06103515625
4 0.33837890625 0.6474609375 0.1806640625 0.06005859375
0 0.298828125 0.75732421875 0.10205078125 0.0400390625
1 0.25146484375 0.7060546875 0.0087890625 0.017578125
3 0.39404296875 0.75927734375 0.0224609375 0.0439453125
3 0.41845703125 0.75830078125 0.02392578125 0.0439453125
5 0.34326171875 0.7060546875 0.1640625 0.0126953125