5 0.0703125 0.04638671875 0.1044921875 0.0234375
5 0.07421875 0.09375 0.07080078125 0.0205078125
5 0.08544921875 0.15380859375 0.1015625 0.0234375
5 0.5576171875 0.15625 0.08642578125 0.0283203125
5 0.11328125 0.21826171875 0.14306640625 0.0205078125
5 0.0966796875 0.30224609375 0.115234375 0.05224609375
5 0.1044921875 0.3798828125 0.130859375 0.05029296875
5 0.10009765625 0.45263671875 0.11962890625 0.0283203125
5 0.11328125 0.5380859375 0.14892578125 0.05029296875
5 0.111328125 0.6103515625 0.14453125 0.0283203125
5 0.1015625 0.69482421875 0.12255859375 0.048828125
5 0.1162109375 0.7734375 0.154296875 0.048828125
5 0.11669921875 0.853515625 0.15576171875 0.0537109375
5 0.1083984375 0.93359375 0.13916015625 0.04736328125
2 0.7373046875 0.2177734375 0.478515625 0.0283203125
2 0.7373046875 0.2958984375 0.478515625 0.0234375
2 0.7373046875 0.37451171875 0.478515625 0.02685546875
2 0.7373046875 0.45263671875 0.478515625 0.025390625
2 0.73779296875 0.53466796875 0.47705078125 0.0283203125
2 0.7392578125 0.61181640625 0.482421875 0.01904296875
2 0.7373046875 0.693359375 0.47265625 0.02685546875
2 0.73779296875 0.771484375 0.47705078125 0.02197265625
2 0.7373046875 0.85107421875 0.478515625 0.0234375
2 0.736328125 0.92724609375 0.47705078125 0.0283203125
3 0.03076171875 0.212890625 0.01953125 0.0283203125
3 0.0283203125 0.283203125 0.02099609375 0.0234375
3 0.02978515625 0.365234375 0.009765625 0.0205078125
3 0.02978515625 0.4501953125 0.01806640625 0.0234375
3 0.02978515625 0.5234375 0.009765625 0.01904296875
3 0.0322265625 0.60986328125 0.013671875 0.017578125
3 0.03125 0.6796875 0.02099609375 0.01904296875
3 0.02978515625 0.7587890625 0.01806640625 0.025390625
3 0.03125 0.83935546875 0.01513671875 0.02197265625
3 0.03076171875 0.9169921875 0.01953125 0.0205078125
1 0.2421875 0.09619140625 0.013671875 0.015625
1 0.2412109375 0.15771484375 0.01806640625 0.015625
3 0.7197265625 0.1591796875 0.0234375 0.02197265625
3 0.23974609375 0.22216796875 0.02099609375 0.02197265625
3 0.23876953125 0.30517578125 0.0234375 0.0234375
3 0.24072265625 0.38720703125 0.0224609375 0.017578125
3 0.2421875 0.458984375 0.02490234375 0.01904296875
3 0.24072265625 0.541015625 0.02490234375 0.02197265625
3 0.23974609375 0.61572265625 0.0263671875 0.017578125
3 0.2421875 0.70166015625 0.02490234375 0.02197265625
3 0.2412109375 0.783203125 0.0234375 0.0205078125
3 0.24072265625 0.85888671875 0.0224609375 0.0205078125
3 0.23974609375 0.935546875 0.02099609375 0.025390625