7 0.87255859375 0.26513671875 0.1650390625 0.0634765625
7 0.90087890625 0.357421875 0.0986328125 0.056640625
7 0.89990234375 0.45458984375 0.0927734375 0.0595703125
7 0.9052734375 0.59326171875 0.09765625 0.0498046875
7 0.90625 0.740234375 0.10546875 0.048828125
7 0.90283203125 0.82421875 0.1064453125 0.056640625
0 0.5009765625 0.923828125 0.908203125 0.072265625
4 0.50439453125 0.158203125 0.8876953125 0.0703125
3 0.07666015625 0.27099609375 0.0341796875 0.0458984375
3 0.07666015625 0.35400390625 0.0380859375 0.0439453125
3 0.07470703125 0.455078125 0.0419921875 0.03515625
5 0.36865234375 0.2705078125 0.5166015625 0.03515625
5 0.306640625 0.36181640625 0.400390625 0.0673828125
5 0.271484375 0.45703125 0.322265625 0.033203125
5 0.2080078125 0.5244140625 0.322265625 0.037109375
5 0.1748046875 0.6015625 0.263671875 0.041015625
5 0.19091796875 0.66943359375 0.2744140625 0.0400390625
5 0.15234375 0.74169921875 0.19140625 0.0419921875
5 0.181640625 0.8251953125 0.25 0.0390625