7 0.1806640625 0.71044921875 0.041015625 0.0478515625
7 0.1796875 0.84130859375 0.0390625 0.0517578125
7 0.18115234375 0.7744140625 0.0458984375 0.048828125
1 0.63671875 0.71435546875 0.021484375 0.0400390625
1 0.6357421875 0.775390625 0.0234375 0.037109375
1 0.63525390625 0.83642578125 0.0224609375 0.0380859375
5 0.6796875 0.71142578125 0.046875 0.0283203125
5 0.68603515625 0.7734375 0.0615234375 0.0234375
5 0.67919921875 0.8359375 0.0498046875 0.02734375
5 0.23291015625 0.7109375 0.0478515625 0.02734375
5 0.23828125 0.775390625 0.060546875 0.03125
5 0.232421875 0.83544921875 0.044921875 0.0283203125
0 0.2685546875 0.93310546875 0.212890625 0.0634765625
0 0.73046875 0.93505859375 0.212890625 0.0634765625