0 0.2021484375 0.38037109375 0.0517578125 0.0390625
5 0.07666015625 0.083984375 0.0908203125 0.056640625
5 0.20361328125 0.49072265625 0.0771484375 0.02392578125
5 0.21484375 0.560546875 0.09521484375 0.02490234375
5 0.45068359375 0.28564453125 0.06005859375 0.04150390625
5 0.7314453125 0.26220703125 0.06982421875 0.0224609375
5 0.72021484375 0.33203125 0.0244140625 0.015625
5 0.7294921875 0.349609375 0.05029296875 0.013671875
5 0.52294921875 0.6669921875 0.13818359375 0.0341796875
5 0.251953125 0.64697265625 0.12353515625 0.04931640625
5 0.5419921875 0.70947265625 0.18115234375 0.02783203125
0 0.25439453125 0.380859375 0.044921875 0.0400390625
0 0.30322265625 0.380859375 0.04443359375 0.04150390625
4 0.251953125 0.5234375 0.15625 0.0380859375
4 0.25146484375 0.59326171875 0.1572265625 0.0380859375
0 0.25146484375 0.70654296875 0.15625 0.04638671875
0 0.60498046875 0.75439453125 0.05908203125 0.04541015625
4 0.5302734375 0.37841796875 0.20263671875 0.0361328125
4 0.53076171875 0.42578125 0.203125 0.037109375
4 0.53076171875 0.474609375 0.20361328125 0.0361328125
4 0.52978515625 0.5234375 0.20263671875 0.0361328125
4 0.52978515625 0.5732421875 0.2041015625 0.0390625
4 0.52978515625 0.62109375 0.20361328125 0.037109375
1 0.43603515625 0.66650390625 0.01220703125 0.0224609375
1 0.43603515625 0.70263671875 0.0126953125 0.0224609375
1 0.18017578125 0.6474609375 0.0126953125 0.0224609375
6 0.69921875 0.3310546875 0.0068359375 0.01220703125
6 0.69921875 0.349609375 0.0068359375 0.01220703125