5 0.26318359375 0.28759765625 0.03466796875 0.01904296875
5 0.259765625 0.33740234375 0.02783203125 0.02587890625
5 0.26025390625 0.39013671875 0.0263671875 0.0234375
5 0.513671875 0.28759765625 0.033203125 0.0234375
5 0.51025390625 0.33740234375 0.02880859375 0.021484375
5 0.51025390625 0.39013671875 0.03173828125 0.01904296875
5 0.22216796875 0.6708984375 0.060546875 0.02587890625
5 0.2265625 0.7744140625 0.05517578125 0.0234375
5 0.22705078125 0.84814453125 0.0537109375 0.02587890625
5 0.240234375 0.9208984375 0.02197265625 0.02587890625
5 0.59130859375 0.9208984375 0.02783203125 0.02587890625
5 0.5771484375 0.8505859375 0.05517578125 0.02978515625
5 0.5771484375 0.77783203125 0.05517578125 0.02978515625
5 0.57470703125 0.6728515625 0.060546875 0.021484375
4 0.38134765625 0.77587890625 0.2099609375 0.046875
4 0.38134765625 0.84814453125 0.2099609375 0.046875
4 0.38134765625 0.919921875 0.2099609375 0.04931640625
4 0.73193359375 0.77685546875 0.2099609375 0.04931640625
4 0.73291015625 0.84912109375 0.20849609375 0.04931640625
4 0.7314453125 0.919921875 0.20849609375 0.044921875
2 0.38037109375 0.6708984375 0.20556640625 0.046875
2 0.7314453125 0.6728515625 0.20849609375 0.05126953125
7 0.70947265625 0.4912109375 0.03466796875 0.0341796875
3 0.5205078125 0.59423828125 0.0166015625 0.046875
3 0.16796875 0.591796875 0.0205078125 0.046875
5 0.2294921875 0.59912109375 0.0830078125 0.02783203125
5 0.5751953125 0.59814453125 0.08447265625 0.02978515625