7 0.54931640625 0.49267578125 0.0732421875 0.0654296875
7 0.55029296875 0.71484375 0.0751953125 0.0654296875
7 0.548828125 0.79736328125 0.07568359375 0.06103515625
7 0.54931640625 0.87451171875 0.0751953125 0.0419921875
6 0.517578125 0.35791015625 0.013671875 0.0400390625
6 0.73779296875 0.36181640625 0.015625 0.03662109375
5 0.6220703125 0.36669921875 0.19091796875 0.05322265625
5 0.81396484375 0.3623046875 0.1328125 0.05126953125
5 0.6328125 0.7138671875 0.0849609375 0.04345703125
5 0.6376953125 0.802734375 0.0849609375 0.0478515625
5 0.673828125 0.87548828125 0.15966796875 0.046875
0 0.80029296875 0.9482421875 0.06787109375 0.056640625
0 0.8916015625 0.94873046875 0.10595703125 0.0732421875
3 0.97607421875 0.818359375 0.0283203125 0.06982421875
3 0.97607421875 0.90625 0.0234375 0.0634765625
5 0.37353515625 0.3603515625 0.150390625 0.04541015625
5 0.3271484375 0.482421875 0.05859375 0.03125
0 0.14599609375 0.3427734375 0.22119140625 0.09423828125