1 0.27734375 0.32568359375 0.01953125 0.0361328125
1 0.2763671875 0.44287109375 0.02734375 0.0380859375
1 0.27734375 0.56103515625 0.0234375 0.0341796875
1 0.27734375 0.67578125 0.025390625 0.03125
1 0.27685546875 0.794921875 0.0205078125 0.037109375
1 0.27783203125 0.91357421875 0.0263671875 0.0361328125
1 0.59228515625 0.32470703125 0.0263671875 0.0361328125
1 0.59228515625 0.44189453125 0.0224609375 0.0380859375
1 0.5927734375 0.56103515625 0.0234375 0.0361328125
1 0.5927734375 0.6787109375 0.0234375 0.033203125
1 0.5927734375 0.79248046875 0.02734375 0.0322265625
1 0.5927734375 0.9130859375 0.025390625 0.033203125
1 0.85498046875 0.32421875 0.0244140625 0.037109375
1 0.85400390625 0.443359375 0.0244140625 0.041015625
1 0.8544921875 0.5634765625 0.0234375 0.03515625
1 0.85546875 0.673828125 0.0234375 0.037109375
1 0.8544921875 0.79638671875 0.025390625 0.0400390625
1 0.85400390625 0.9130859375 0.0244140625 0.037109375
1 0.87353515625 0.8154296875 0.0009765625 0.001953125
5 0.18994140625 0.330078125 0.1240234375 0.046875
5 0.22216796875 0.44384765625 0.0576171875 0.0458984375
5 0.22705078125 0.5625 0.0537109375 0.044921875
5 0.17236328125 0.68017578125 0.1572265625 0.0361328125
5 0.14794921875 0.80078125 0.2060546875 0.041015625
5 0.21484375 0.91455078125 0.080078125 0.0419921875
5 0.5419921875 0.91748046875 0.052734375 0.0458984375
5 0.796875 0.91357421875 0.064453125 0.0400390625
5 0.78759765625 0.8017578125 0.0732421875 0.041015625
5 0.7763671875 0.68017578125 0.10546875 0.0478515625
5 0.77880859375 0.5654296875 0.0966796875 0.037109375
5 0.7890625 0.4482421875 0.076171875 0.041015625
5 0.75927734375 0.32763671875 0.1337890625 0.0458984375
5 0.498046875 0.32958984375 0.1328125 0.0439453125
5 0.53125 0.4443359375 0.07421875 0.04296875
5 0.52685546875 0.56396484375 0.0771484375 0.0458984375
5 0.49365234375 0.68212890625 0.1455078125 0.0439453125
5 0.470703125 0.79833984375 0.19140625 0.0478515625