5 0.09228515625 0.23046875 0.08935546875 0.05859375
5 0.1162109375 0.43994140625 0.115234375 0.05419921875
5 0.611328125 0.23828125 0.09375 0.056640625
5 0.62548828125 0.4423828125 0.115234375 0.044921875
5 0.7490234375 0.6171875 0.3505859375 0.07470703125
4 0.24169921875 0.3173828125 0.36328125 0.08349609375
4 0.24072265625 0.5205078125 0.361328125 0.0927734375
4 0.7529296875 0.3193359375 0.361328125 0.0927734375
4 0.75244140625 0.5224609375 0.36328125 0.0927734375
5 0.09375 0.59375 0.06787109375 0.05419921875
1 0.2431640625 0.90869140625 0.0771484375 0.11083984375
1 0.7568359375 0.90966796875 0.080078125 0.11279296875