5 0.111328125 0.39990234375 0.1455078125 0.0400390625
5 0.140625 0.69140625 0.2080078125 0.0400390625
5 0.1416015625 0.79833984375 0.2099609375 0.04833984375
5 0.1728515625 0.9169921875 0.2685546875 0.0458984375
3 0.20703125 0.4013671875 0.0263671875 0.03125
3 0.263671875 0.69140625 0.0224609375 0.0400390625
3 0.265625 0.802734375 0.0224609375 0.0341796875
3 0.3251953125 0.9169921875 0.02001953125 0.02880859375
7 0.45556640625 0.919921875 0.03857421875 0.0341796875
7 0.45556640625 0.80419921875 0.03857421875 0.037109375
7 0.45654296875 0.68994140625 0.04052734375 0.037109375