6 0.2080078125 0.37841796875 0.0390625 0.0693359375
6 0.20849609375 0.47998046875 0.0419921875 0.0673828125
6 0.20947265625 0.58447265625 0.0419921875 0.0732421875
6 0.21044921875 0.685546875 0.0419921875 0.072265625
5 0.30859375 0.3876953125 0.126953125 0.064453125
5 0.318359375 0.4853515625 0.162109375 0.078125
5 0.29443359375 0.59228515625 0.1181640625 0.0693359375
5 0.42822265625 0.68701171875 0.3740234375 0.0732421875
0 0.31396484375 0.8837890625 0.2412109375 0.125
0 0.5732421875 0.8818359375 0.24609375 0.123046875
0 0.83349609375 0.8818359375 0.2470703125 0.123046875
3 0.958984375 0.05908203125 0.033203125 0.0458984375