5 0.30322265625 0.27783203125 0.07177734375 0.033203125
5 0.2998046875 0.39990234375 0.0625 0.033203125
5 0.76708984375 0.1845703125 0.0966796875 0.03076171875
5 0.7763671875 0.68603515625 0.11572265625 0.033203125
5 0.0498046875 0.18310546875 0.0751953125 0.033203125
5 0.02880859375 0.076171875 0.0263671875 0.0361328125
5 0.0654296875 0.0791015625 0.03125 0.0361328125
5 0.1083984375 0.07763671875 0.0361328125 0.033203125
5 0.1513671875 0.07763671875 0.0341796875 0.033203125
5 0.2060546875 0.076171875 0.05322265625 0.03076171875
5 0.2705078125 0.0751953125 0.05322265625 0.033203125
5 0.32177734375 0.07373046875 0.03759765625 0.0361328125
3 0.90625 0.23193359375 0.02490234375 0.04150390625
3 0.93896484375 0.23193359375 0.0283203125 0.01953125
3 0.73828125 0.7333984375 0.0234375 0.04443359375
3 0.76953125 0.73193359375 0.0263671875 0.04736328125
3 0.5029296875 0.509765625 0.0185546875 0.04150390625
3 0.0263671875 0.30419921875 0.02490234375 0.03076171875
3 0.02734375 0.3486328125 0.0205078125 0.0361328125
3 0.02490234375 0.3916015625 0.02197265625 0.0390625
3 0.02490234375 0.43212890625 0.02197265625 0.0361328125
3 0.0283203125 0.51123046875 0.02490234375 0.033203125
3 0.02490234375 0.548828125 0.02490234375 0.04150390625
3 0.02734375 0.6220703125 0.0234375 0.0390625
3 0.02587890625 0.6650390625 0.0234375 0.04150390625
3 0.02587890625 0.7109375 0.0234375 0.033203125
3 0.0263671875 0.7529296875 0.02197265625 0.0390625
3 0.0283203125 0.79296875 0.02490234375 0.04150390625
3 0.0263671875 0.8359375 0.0283203125 0.0498046875
3 0.0263671875 0.90673828125 0.0283203125 0.04736328125
3 0.0419921875 0.13037109375 0.02490234375 0.0498046875
3 0.0732421875 0.13037109375 0.02490234375 0.0498046875
3 0.10400390625 0.12939453125 0.0263671875 0.04736328125
3 0.1533203125 0.12939453125 0.0341796875 0.05810546875
3 0.1865234375 0.12939453125 0.02978515625 0.05810546875
3 0.23681640625 0.12939453125 0.02978515625 0.05810546875
3 0.26806640625 0.12939453125 0.0263671875 0.05810546875
3 0.30078125 0.12939453125 0.0234375 0.04736328125
3 0.3359375 0.12939453125 0.0341796875 0.05810546875
3 0.3828125 0.1279296875 0.0283203125 0.0498046875
3 0.41796875 0.12939453125 0.0234375 0.04736328125
3 0.45166015625 0.13037109375 0.0283203125 0.0498046875
3 0.484375 0.13037109375 0.02490234375 0.0498046875
3 0.5166015625 0.13037109375 0.0263671875 0.0498046875
3 0.5498046875 0.13037109375 0.0185546875 0.0498046875
3 0.5810546875 0.12646484375 0.0283203125 0.052734375
3 0.6171875 0.12646484375 0.0283203125 0.04736328125
4 0.8056640625 0.23046875 0.1640625 0.0390625
4 0.38134765625 0.3193359375 0.21875 0.0390625
4 0.3828125 0.44287109375 0.2216796875 0.0361328125
4 0.92431640625 0.7333984375 0.12646484375 0.0390625
2 0.109375 0.27099609375 0.2001953125 0.04150390625
2 0.1083984375 0.4736328125 0.1953125 0.0361328125
2 0.10791015625 0.5859375 0.19384765625 0.0390625
0 0.9375 0.9140625 0.1064453125 0.0498046875
0 0.7529296875 0.91259765625 0.0751953125 0.052734375
0 0.8388671875 0.9140625 0.0908203125 0.0498046875
0 0.45166015625 0.548828125 0.0810546875 0.04150390625
4 0.1162109375 0.2275390625 0.2080078125 0.0498046875
5 0.08984375 0.3095703125 0.09521484375 0.03076171875
5 0.09619140625 0.35009765625 0.10791015625 0.02783203125
5 0.078125 0.3916015625 0.0751953125 0.02783203125
5 0.07958984375 0.43212890625 0.0810546875 0.03076171875
5 0.09765625 0.50830078125 0.10791015625 0.02783203125
5 0.08740234375 0.55126953125 0.09375 0.03076171875
5 0.08203125 0.625 0.07666015625 0.02783203125
5 0.0771484375 0.66796875 0.0703125 0.02490234375
5 0.08349609375 0.7109375 0.07958984375 0.02783203125
5 0.0751953125 0.7529296875 0.0625 0.02783203125
5 0.11328125 0.79736328125 0.13916015625 0.02783203125
5 0.0986328125 0.8388671875 0.1123046875 0.033203125
5 0.0712890625 0.9111328125 0.06103515625 0.033203125
1 0.9716796875 0.23486328125 0.0283203125 0.04736328125