5 0.15478515625 0.2138671875 0.06494140625 0.0224609375
5 0.166015625 0.3359375 0.08447265625 0.02685546875
5 0.13916015625 0.2822265625 0.0341796875 0.01513671875
5 0.42529296875 0.2841796875 0.02685546875 0.0126953125
5 0.1669921875 0.40283203125 0.08984375 0.0166015625
5 0.16845703125 0.474609375 0.09228515625 0.02587890625
5 0.134765625 0.54296875 0.02490234375 0.01904296875
5 0.17041015625 0.61962890625 0.09619140625 0.02001953125
5 0.5625 0.53955078125 0.12939453125 0.01416015625
5 0.5283203125 0.6142578125 0.05029296875 0.017578125
0 0.4990234375 0.72021484375 0.0927734375 0.04345703125
2 0.68212890625 0.58740234375 0.361328125 0.03271484375
4 0.30419921875 0.587890625 0.3623046875 0.03369140625
4 0.30419921875 0.513671875 0.36376953125 0.03076171875
4 0.68212890625 0.51220703125 0.359375 0.0341796875
4 0.50146484375 0.4443359375 0.7568359375 0.03271484375
4 0.50048828125 0.375 0.75634765625 0.0341796875
4 0.2626953125 0.25439453125 0.27783203125 0.03271484375
4 0.5498046875 0.25439453125 0.27783203125 0.03271484375