1 0.25927734375 0.09228515625 0.0263671875 0.0439453125
1 0.25830078125 0.220703125 0.0244140625 0.052734375
1 0.25927734375 0.34912109375 0.0244140625 0.0498046875
1 0.25927734375 0.4765625 0.0244140625 0.048828125
5 0.30517578125 0.08740234375 0.0576171875 0.0478515625
5 0.3056640625 0.220703125 0.05859375 0.044921875
5 0.306640625 0.3515625 0.064453125 0.046875
5 0.3056640625 0.47900390625 0.05859375 0.0380859375
5 0.06640625 0.09326171875 0.076171875 0.0439453125
5 0.07275390625 0.21875 0.0849609375 0.056640625
5 0.06201171875 0.34765625 0.0654296875 0.04296875
5 0.07958984375 0.47900390625 0.0927734375 0.0498046875