7 0.72412109375 0.6640625 0.0634765625 0.03125
7 0.603515625 0.66259765625 0.0625 0.0302734375
2 0.29150390625 0.57080078125 0.4580078125 0.0712890625
4 0.29296875 0.359375 0.4609375 0.078125
4 0.29248046875 0.46435546875 0.4619140625 0.0751953125
4 0.25537109375 0.67529296875 0.3798828125 0.0732421875
0 0.66455078125 0.4638671875 0.1865234375 0.080078125
0 0.66259765625 0.56787109375 0.1865234375 0.0732421875
3 0.49560546875 0.6708984375 0.0654296875 0.068359375
3 0.8642578125 0.46337890625 0.04296875 0.0419921875
3 0.86474609375 0.56982421875 0.0458984375 0.0439453125
3 0.0966796875 0.7802734375 0.03515625 0.02734375
3 0.271484375 0.779296875 0.0390625 0.033203125
4 0.18212890625 0.78076171875 0.1123046875 0.0712890625