7 0.1533203125 0.1572265625 0.17578125 0.111328125
7 0.15283203125 0.359375 0.1806640625 0.123046875
7 0.15087890625 0.55859375 0.1806640625 0.115234375
7 0.15185546875 0.7578125 0.1826171875 0.11328125
7 0.38671875 0.15380859375 0.1875 0.1123046875
7 0.38427734375 0.3564453125 0.1806640625 0.119140625
7 0.380859375 0.55908203125 0.181640625 0.1220703125
7 0.388671875 0.7587890625 0.1796875 0.1171875
7 0.6181640625 0.15087890625 0.181640625 0.1201171875
7 0.6181640625 0.35546875 0.189453125 0.11328125
7 0.6171875 0.55908203125 0.1875 0.1181640625
7 0.62060546875 0.7587890625 0.1767578125 0.10546875
7 0.85107421875 0.15576171875 0.1826171875 0.1162109375
7 0.85205078125 0.35693359375 0.1826171875 0.1201171875
7 0.85009765625 0.55859375 0.1767578125 0.111328125
7 0.8505859375 0.76220703125 0.181640625 0.1181640625