6 0.078125 0.18701171875 0.060546875 0.0361328125
6 0.07666015625 0.234375 0.0615234375 0.037109375
6 0.07861328125 0.28515625 0.0634765625 0.03515625
6 0.0771484375 0.33642578125 0.06640625 0.0361328125
0 0.1826171875 0.43212890625 0.22265625 0.0595703125
0 0.63525390625 0.43212890625 0.2568359375 0.0595703125
0 0.498046875 0.814453125 0.404296875 0.0703125
5 0.29296875 0.10693359375 0.517578125 0.0400390625
5 0.1953125 0.18701171875 0.146484375 0.0361328125
5 0.3505859375 0.2392578125 0.458984375 0.037109375
5 0.29443359375 0.2880859375 0.3583984375 0.037109375
5 0.2587890625 0.3359375 0.271484375 0.048828125