2 0.85498046875 0.03857421875 0.1220703125 0.0380859375
2 0.63134765625 0.2607421875 0.51904296875 0.05322265625
2 0.6298828125 0.4931640625 0.51611328125 0.0478515625
0 0.490234375 0.845703125 0.23193359375 0.05078125
5 0.26904296875 0.70654296875 0.15380859375 0.0244140625
5 0.23779296875 0.64111328125 0.0859375 0.02001953125
5 0.4609375 0.76025390625 0.171875 0.02294921875
5 0.24072265625 0.4951171875 0.0908203125 0.02099609375
5 0.24365234375 0.42236328125 0.09716796875 0.02099609375
5 0.24609375 0.3525390625 0.09619140625 0.01953125
5 0.24267578125 0.259765625 0.0908203125 0.02099609375
5 0.26220703125 0.19140625 0.1240234375 0.0185546875
4 0.63037109375 0.189453125 0.51513671875 0.0537109375
4 0.6298828125 0.3544921875 0.51611328125 0.0498046875
4 0.6298828125 0.42431640625 0.51611328125 0.0498046875
4 0.63037109375 0.640625 0.51123046875 0.04638671875
4 0.6298828125 0.7099609375 0.509765625 0.04443359375
3 0.0419921875 0.109375 0.0439453125 0.04052734375
3 0.04248046875 0.1796875 0.044921875 0.03955078125
3 0.04296875 0.25146484375 0.0400390625 0.04296875
3 0.04443359375 0.32275390625 0.044921875 0.037109375
3 0.0419921875 0.3935546875 0.0439453125 0.03369140625
3 0.04052734375 0.46484375 0.04296875 0.03515625