4 0.25634765625 0.232421875 0.3310546875 0.10400390625
4 0.25830078125 0.42626953125 0.3271484375 0.09814453125
4 0.28173828125 0.623046875 0.3818359375 0.09814453125
4 0.71826171875 0.62548828125 0.38916015625 0.10400390625
4 0.6875 0.42919921875 0.3271484375 0.10400390625
4 0.68359375 0.23486328125 0.33447265625 0.109375
3 0.4453125 0.232421875 0.03271484375 0.04931640625
3 0.44384765625 0.42626953125 0.02197265625 0.03271484375
3 0.44189453125 0.623046875 0.03271484375 0.0546875
3 0.87646484375 0.623046875 0.029296875 0.0439453125
3 0.87646484375 0.431640625 0.029296875 0.03271484375
3 0.87841796875 0.23486328125 0.01806640625 0.0546875
3 0.55615234375 0.80615234375 0.029296875 0.0380859375
3 0.87451171875 0.80322265625 0.025390625 0.0439453125
3 0.43994140625 0.80859375 0.02197265625 0.03271484375
3 0.12158203125 0.80615234375 0.025390625 0.0380859375