5 0.421875 0.26513671875 0.0634765625 0.033203125
5 0.44873046875 0.30419921875 0.12255859375 0.0185546875
5 0.0556640625 0.11669921875 0.03857421875 0.02685546875
5 0.0546875 0.220703125 0.029296875 0.021484375
5 0.05517578125 0.32177734375 0.06591796875 0.0234375
5 0.05419921875 0.4208984375 0.0615234375 0.02490234375
5 0.0546875 0.52001953125 0.072265625 0.0234375
5 0.0546875 0.62255859375 0.029296875 0.02490234375
5 0.0546875 0.7216796875 0.041015625 0.0234375
5 0.05615234375 0.82763671875 0.06103515625 0.02490234375
7 0.05810546875 0.8740234375 0.03076171875 0.03173828125
3 0.08154296875 0.056640625 0.0166015625 0.02685546875
3 0.05419921875 0.1884765625 0.01513671875 0.02685546875
3 0.05419921875 0.291015625 0.01513671875 0.03173828125
3 0.05517578125 0.38818359375 0.0166015625 0.033203125
3 0.0546875 0.4892578125 0.015625 0.0283203125
3 0.05419921875 0.58837890625 0.01318359375 0.02978515625
3 0.0537109375 0.68896484375 0.01416015625 0.0283203125
3 0.69775390625 0.2783203125 0.02099609375 0.04345703125
3 0.685546875 0.52978515625 0.02392578125 0.04345703125
4 0.548828125 0.396484375 0.3193359375 0.08984375
4 0.5498046875 0.529296875 0.3193359375 0.09814453125
4 0.548828125 0.66064453125 0.32080078125 0.09521484375
4 0.67724609375 0.78271484375 0.06591796875 0.06494140625