5 0.017578125 0.01513671875 0.03515625 0.0302734375
4 0.15234375 0.06982421875 0.3046875 0.0654296875
4 0.84423828125 0.0712890625 0.30615234375 0.06298828125
2 0.8447265625 0.220703125 0.30419921875 0.06005859375
5 0.708984375 0.40576171875 0.0419921875 0.0341796875
5 0.7626953125 0.45654296875 0.068359375 0.03125
5 0.36328125 0.16357421875 0.0390625 0.02490234375
5 0.73046875 0.16552734375 0.0810546875 0.02734375
5 0.72021484375 0.0146484375 0.06201171875 0.02587890625
5 0.361328125 0.4072265625 0.03515625 0.03125
5 0.39404296875 0.45947265625 0.05322265625 0.0234375
5 0.4873046875 0.45751953125 0.05224609375 0.02880859375
5 0.40625 0.54150390625 0.12158203125 0.02099609375
5 0.03759765625 0.53759765625 0.0751953125 0.02490234375
5 0.0478515625 0.45751953125 0.05078125 0.03515625
5 0.1376953125 0.455078125 0.05908203125 0.02880859375
5 0.0341796875 0.40771484375 0.06787109375 0.02099609375
5 0.02783203125 0.16455078125 0.0556640625 0.02490234375
5 0.3828125 0.0146484375 0.08154296875 0.01806640625
5 0.0166015625 0.01416015625 0.03173828125 0.0263671875
5 0.02392578125 0.11474609375 0.0478515625 0.0224609375
2 0.4990234375 0.22119140625 0.2998046875 0.060546875
6 0.3544921875 0.4599609375 0.01806640625 0.0302734375
6 0.4453125 0.46240234375 0.01904296875 0.03173828125
7 0.7099609375 0.4599609375 0.033203125 0.0380859375
5 0.70751953125 0.54150390625 0.03857421875 0.02392578125
5 0.9873046875 0.54296875 0.02294921875 0.03125
0 0.498046875 0.96240234375 0.11865234375 0.05908203125
1 0.09619140625 0.45849609375 0.013671875 0.02783203125
1 0.00830078125 0.45849609375 0.0146484375 0.03125
4 0.49853515625 0.068359375 0.30322265625 0.0625