1 0.0576171875 0.365234375 0.033203125 0.0625
1 0.0576171875 0.47802734375 0.03515625 0.0732421875
1 0.0576171875 0.591796875 0.03515625 0.07421875
1 0.05810546875 0.703125 0.0302734375 0.0625
1 0.05615234375 0.81103515625 0.0322265625 0.0673828125
5 0.1240234375 0.2490234375 0.1875 0.052734375
5 0.1357421875 0.359375 0.11328125 0.0546875
5 0.12841796875 0.47607421875 0.0927734375 0.0556640625
5 0.177734375 0.58837890625 0.1875 0.0634765625
5 0.13525390625 0.6962890625 0.1123046875 0.052734375
5 0.1484375 0.81201171875 0.134765625 0.0537109375