1 0.583984375 0.333984375 0.044921875 0.107421875
1 0.58349609375 0.4755859375 0.0458984375 0.10546875
1 0.5849609375 0.62158203125 0.041015625 0.1064453125
6 0.2626953125 0.33837890625 0.044921875 0.1181640625
6 0.26220703125 0.45849609375 0.0458984375 0.1103515625
6 0.26220703125 0.5888671875 0.0458984375 0.123046875
5 0.68701171875 0.32666015625 0.1533203125 0.0712890625
5 0.69677734375 0.4765625 0.1572265625 0.068359375
5 0.6572265625 0.6220703125 0.087890625 0.06640625
5 0.3369140625 0.59423828125 0.091796875 0.0712890625
5 0.3427734375 0.46728515625 0.09765625 0.0595703125
5 0.3525390625 0.33984375 0.11328125 0.064453125