7 0.37158203125 0.81787109375 0.1318359375 0.0634765625
7 0.1572265625 0.81982421875 0.091796875 0.0458984375
7 0.70361328125 0.60595703125 0.0888671875 0.0537109375
7 0.59130859375 0.60302734375 0.0927734375 0.0517578125
4 0.72509765625 0.525390625 0.2529296875 0.04296875
7 0.14111328125 0.89501953125 0.1279296875 0.0556640625
7 0.28564453125 0.8955078125 0.1318359375 0.052734375
0 0.1728515625 0.65234375 0.19921875 0.05078125
0 0.17236328125 0.72412109375 0.1923828125 0.0498046875
0 0.87060546875 0.89208984375 0.0927734375 0.0478515625
0 0.71923828125 0.6904296875 0.1123046875 0.046875
0 0.24462890625 0.57177734375 0.0966796875 0.0498046875
0 0.12548828125 0.5732421875 0.1005859375 0.044921875
3 0.337890625 0.57421875 0.033203125 0.029296875
3 0.40771484375 0.57373046875 0.0361328125 0.0283203125
3 0.82177734375 0.69189453125 0.0361328125 0.0380859375
3 0.8779296875 0.69189453125 0.0390625 0.0361328125
0 0.60498046875 0.69189453125 0.1142578125 0.0478515625
0 0.58984375 0.892578125 0.099609375 0.048828125