3 0.05029296875 0.5234375 0.01953125 0.0517578125
3 0.20849609375 0.52783203125 0.0263671875 0.05859375
3 0.3310546875 0.490234375 0.01416015625 0.04150390625
3 0.05078125 0.6435546875 0.01904296875 0.0439453125
3 0.05126953125 0.7724609375 0.015625 0.0439453125
3 0.388671875 0.521484375 0.0146484375 0.0478515625
3 0.39013671875 0.64208984375 0.0185546875 0.0517578125
3 0.39111328125 0.7734375 0.015625 0.0478515625
3 0.66796875 0.49462890625 0.015625 0.0400390625
3 0.951171875 0.15185546875 0.0185546875 0.0478515625
3 0.61376953125 0.18994140625 0.017578125 0.0546875
3 0.72705078125 0.48486328125 0.017578125 0.05712890625
3 0.72802734375 0.60595703125 0.01318359375 0.046875
3 0.7275390625 0.6826171875 0.0126953125 0.05078125
3 0.728515625 0.80810546875 0.01513671875 0.04541015625
3 0.2744140625 0.19140625 0.02197265625 0.046875
5 0.126953125 0.52734375 0.126953125 0.046875
5 0.16796875 0.64111328125 0.208984375 0.0400390625
5 0.1064453125 0.76806640625 0.08984375 0.04541015625
5 0.482421875 0.52490234375 0.166015625 0.0517578125
5 0.458984375 0.642578125 0.11572265625 0.037109375
5 0.4462890625 0.77001953125 0.08740234375 0.046875
5 0.77880859375 0.47998046875 0.080078125 0.04541015625
5 0.78076171875 0.60888671875 0.08251953125 0.0546875
5 0.8349609375 0.67919921875 0.19287109375 0.0439453125
5 0.7822265625 0.80859375 0.0859375 0.0439453125
0 0.859375 0.60400390625 0.06884765625 0.0615234375