3 0.044921875 0.05322265625 0.064453125 0.0849609375
3 0.0439453125 0.1591796875 0.044921875 0.078125
3 0.04638671875 0.25927734375 0.0400390625 0.0615234375
3 0.04638671875 0.55224609375 0.0458984375 0.0673828125
3 0.04541015625 0.6533203125 0.0341796875 0.060546875
3 0.046875 0.759765625 0.03515625 0.0625
3 0.126953125 0.1376953125 0.037109375 0.056640625
3 0.1259765625 0.21923828125 0.041015625 0.0576171875
3 0.1279296875 0.63427734375 0.03515625 0.0498046875
3 0.126953125 0.7197265625 0.033203125 0.052734375
3 0.408203125 0.54296875 0.033203125 0.0390625
3 0.474609375 0.54052734375 0.0234375 0.0341796875
3 0.51416015625 0.54052734375 0.0283203125 0.0361328125
3 0.40478515625 0.041015625 0.0205078125 0.03515625
3 0.4755859375 0.04296875 0.021484375 0.03125
3 0.515625 0.0439453125 0.025390625 0.03125
5 0.14990234375 0.54296875 0.0751953125 0.048828125
5 0.1884765625 0.63818359375 0.076171875 0.0419921875
5 0.1728515625 0.720703125 0.046875 0.04296875
5 0.14599609375 0.04541015625 0.0849609375 0.0458984375
5 0.18505859375 0.138671875 0.0751953125 0.05078125
5 0.1728515625 0.21923828125 0.05078125 0.0419921875