4 0.26025390625 0.18408203125 0.45556640625 0.06103515625
4 0.50048828125 0.30810546875 0.9365234375 0.056640625
4 0.73779296875 0.18408203125 0.45947265625 0.056640625
4 0.50048828125 0.435546875 0.93896484375 0.0576171875
4 0.49853515625 0.56103515625 0.93505859375 0.06005859375
4 0.5 0.68603515625 0.93505859375 0.06103515625
4 0.49853515625 0.810546875 0.93798828125 0.05908203125
4 0.49951171875 0.935546875 0.9365234375 0.06005859375
5 0.1123046875 0.88232421875 0.16748046875 0.0244140625
5 0.16552734375 0.75927734375 0.27685546875 0.02099609375
5 0.10595703125 0.63134765625 0.15283203125 0.017578125
5 0.107421875 0.50537109375 0.1552734375 0.02880859375
5 0.1220703125 0.37939453125 0.18505859375 0.02978515625
5 0.06884765625 0.13330078125 0.0810546875 0.0244140625
5 0.068359375 0.2568359375 0.07421875 0.02001953125