5 0.1826171875 0.2919921875 0.06396484375 0.046875
5 0.18603515625 0.34912109375 0.0703125 0.046875
5 0.20947265625 0.41455078125 0.11767578125 0.05029296875
5 0.19677734375 0.2080078125 0.11962890625 0.046875
4 0.4111328125 0.2900390625 0.19873046875 0.0703125
0 0.43212890625 0.52197265625 0.05517578125 0.06396484375
0 0.515625 0.52197265625 0.10595703125 0.06396484375
3 0.986328125 0.0302734375 0.02685546875 0.046875
3 0.1572265625 0.6494140625 0.025390625 0.05029296875
3 0.15673828125 0.7197265625 0.02685546875 0.06396484375
3 0.1591796875 0.84228515625 0.025390625 0.046875