0 0.90576171875 0.15625 0.11865234375 0.072265625
5 0.22119140625 0.33056640625 0.1044921875 0.0341796875
3 0.82861328125 0.02734375 0.0283203125 0.0400390625
3 0.87109375 0.03173828125 0.0283203125 0.0400390625
3 0.91943359375 0.0283203125 0.01904296875 0.04736328125
4 0.5078125 0.3291015625 0.4521484375 0.0458984375
0 0.68505859375 0.41943359375 0.0830078125 0.0517578125
3 0.8916015625 0.4169921875 0.0224609375 0.05029296875
3 0.75830078125 0.41943359375 0.0283203125 0.037109375
2 0.65478515625 0.515625 0.07373046875 0.08447265625
5 0.72021484375 0.5234375 0.052734375 0.03271484375
0 0.80078125 0.5205078125 0.0625 0.05615234375
0 0.97021484375 0.51904296875 0.0595703125 0.05322265625