7 0.88525390625 0.24267578125 0.1416015625 0.0595703125
7 0.88525390625 0.3330078125 0.1455078125 0.052734375
5 0.1083984375 0.17236328125 0.138671875 0.0341796875
5 0.17626953125 0.24560546875 0.2705078125 0.0380859375
5 0.10595703125 0.3291015625 0.1259765625 0.037109375
5 0.16259765625 0.451171875 0.2470703125 0.037109375
5 0.22998046875 0.525390625 0.4033203125 0.046875
5 0.26953125 0.60986328125 0.451171875 0.0458984375
5 0.1767578125 0.7119140625 0.27734375 0.037109375
5 0.24853515625 0.7890625 0.4189453125 0.04296875
5 0.2158203125 0.87548828125 0.3515625 0.0400390625
5 0.125 0.95947265625 0.16796875 0.0419921875
3 0.90576171875 0.52294921875 0.0634765625 0.0458984375
3 0.908203125 0.78857421875 0.068359375 0.0498046875
3 0.90771484375 0.876953125 0.0693359375 0.041015625