6 0.10107421875 0.44970703125 0.0400390625 0.0908203125
1 0.5986328125 0.4453125 0.03515625 0.08203125
5 0.19482421875 0.287109375 0.2646484375 0.064453125
5 0.73095703125 0.28662109375 0.3525390625 0.0673828125
5 0.66650390625 0.4443359375 0.0830078125 0.0625
5 0.66650390625 0.62353515625 0.0830078125 0.0556640625
5 0.666015625 0.80322265625 0.08203125 0.0576171875
5 0.205078125 0.62646484375 0.154296875 0.0576171875
5 0.197265625 0.80615234375 0.142578125 0.0634765625
6 0.0986328125 0.62353515625 0.03515625 0.0947265625
6 0.09765625 0.8017578125 0.04296875 0.087890625
1 0.60009765625 0.62646484375 0.0283203125 0.0849609375
1 0.59814453125 0.80224609375 0.0322265625 0.0888671875
5 0.18701171875 0.45263671875 0.1201171875 0.0654296875