2 0.0703125 0.251953125 0.0751953125 0.04736328125
1 0.0517578125 0.40966796875 0.01416015625 0.02685546875
1 0.0517578125 0.46337890625 0.01416015625 0.0302734375
1 0.0517578125 0.517578125 0.0146484375 0.02685546875
1 0.05224609375 0.5712890625 0.015625 0.033203125
1 0.05224609375 0.77392578125 0.0126953125 0.02685546875
1 0.05224609375 0.8271484375 0.0126953125 0.025390625
1 0.05322265625 0.87890625 0.01416015625 0.02685546875
2 0.0986328125 0.3564453125 0.11572265625 0.0380859375
2 0.083984375 0.7177734375 0.08203125 0.0380859375
3 0.5244140625 0.248046875 0.02490234375 0.033203125
3 0.1298828125 0.2490234375 0.015625 0.03466796875
3 0.19775390625 0.25439453125 0.015625 0.033203125
3 0.2646484375 0.24951171875 0.015625 0.0302734375
3 0.3369140625 0.2470703125 0.01318359375 0.03466796875
3 0.39111328125 0.24951171875 0.0166015625 0.0302734375
3 0.4462890625 0.24658203125 0.015625 0.0302734375
5 0.4130859375 0.248046875 0.02197265625 0.02392578125
5 0.3564453125 0.24658203125 0.0205078125 0.0302734375
5 0.2236328125 0.2509765625 0.0322265625 0.033203125
5 0.15625 0.2529296875 0.03759765625 0.02685546875
5 0.4794921875 0.248046875 0.04296875 0.02685546875
3 0.38916015625 0.10400390625 0.015625 0.0302734375
3 0.365234375 0.1044921875 0.01318359375 0.025390625
3 0.2001953125 0.17333984375 0.00537109375 0.017578125
5 0.154296875 0.17333984375 0.02880859375 0.02392578125
5 0.08349609375 0.17578125 0.05322265625 0.025390625
3 0.0478515625 0.17578125 0.01171875 0.0283203125
3 0.31201171875 0.2509765625 0.0146484375 0.0205078125
5 0.2880859375 0.2509765625 0.02587890625 0.02685546875