6 0.33544921875 0.439453125 0.0400390625 0.099609375
6 0.333984375 0.6103515625 0.0390625 0.103515625
6 0.4658203125 0.4365234375 0.041015625 0.1015625
6 0.46533203125 0.6103515625 0.0400390625 0.103515625
5 0.38818359375 0.4326171875 0.0693359375 0.060546875
5 0.3857421875 0.61083984375 0.0546875 0.0537109375
5 0.55029296875 0.43359375 0.1220703125 0.06640625
5 0.54833984375 0.6142578125 0.1181640625 0.060546875
5 0.130859375 0.2861328125 0.13671875 0.064453125
5 0.3369140625 0.2880859375 0.21484375 0.068359375
5 0.22314453125 0.12060546875 0.3447265625 0.0791015625
4 0.16796875 0.4228515625 0.1953125 0.107421875
4 0.16845703125 0.599609375 0.2080078125 0.115234375
0 0.08544921875 0.74755859375 0.0576171875 0.0966796875