7 0.56982421875 0.50146484375 0.0439453125 0.0634765625
5 0.32666015625 0.501953125 0.0947265625 0.046875
5 0.37939453125 0.60498046875 0.1982421875 0.0400390625
0 0.79296875 0.9169921875 0.08203125 0.10546875
0 0.91162109375 0.91943359375 0.1279296875 0.1044921875
0 0.28662109375 0.08251953125 0.2177734375 0.0673828125
3 0.9755859375 0.08056640625 0.029296875 0.0458984375
4 0.43798828125 0.708984375 0.3037109375 0.111328125
5 0.32568359375 0.28369140625 0.0888671875 0.0458984375
5 0.32275390625 0.38720703125 0.0791015625 0.0419921875
5 0.0791015625 0.2841796875 0.0625 0.041015625
5 0.0693359375 0.396484375 0.041015625 0.0390625
5 0.0771484375 0.51318359375 0.064453125 0.0400390625
5 0.08740234375 0.6298828125 0.0732421875 0.03515625
5 0.08642578125 0.74658203125 0.0751953125 0.0322265625
3 0.03271484375 0.28369140625 0.0263671875 0.0458984375
3 0.0322265625 0.39697265625 0.0234375 0.0419921875
3 0.03271484375 0.51318359375 0.0205078125 0.0400390625
3 0.033203125 0.6328125 0.025390625 0.046875
3 0.033203125 0.74853515625 0.01953125 0.0419921875