0 0.80712890625 0.388671875 0.09423828125 0.06884765625
0 0.91259765625 0.38623046875 0.09716796875 0.07421875
0 0.07470703125 0.2236328125 0.123046875 0.0712890625
0 0.177734375 0.2236328125 0.0732421875 0.0712890625
4 0.3447265625 0.39013671875 0.14111328125 0.07666015625
1 0.29296875 0.49853515625 0.0078125 0.02392578125
1 0.29248046875 0.58056640625 0.0087890625 0.02392578125
1 0.29296875 0.68115234375 0.009765625 0.02392578125
1 0.29248046875 0.779296875 0.0087890625 0.02392578125
0 0.36376953125 0.58203125 0.080078125 0.07958984375
0 0.36376953125 0.68115234375 0.078125 0.07666015625
0 0.36376953125 0.77783203125 0.078125 0.07958984375
0 0.900390625 0.5751953125 0.115234375 0.05029296875
0 0.89990234375 0.67333984375 0.11376953125 0.0556640625
0 0.8994140625 0.77392578125 0.115234375 0.0556640625
0 0.11181640625 0.3466796875 0.22216796875 0.111328125
5 0.05810546875 0.46044921875 0.09814453125 0.0478515625
5 0.033203125 0.56591796875 0.0478515625 0.04248046875
5 0.02783203125 0.67333984375 0.0380859375 0.044921875
5 0.03466796875 0.779296875 0.046875 0.044921875