4 0.50732421875 0.19482421875 0.84375 0.06103515625
2 0.5107421875 0.400390625 0.85888671875 0.05908203125
4 0.509765625 0.56591796875 0.85205078125 0.05908203125
4 0.50732421875 0.771484375 0.84814453125 0.0576171875
2 0.5107421875 0.93994140625 0.85009765625 0.05908203125
5 0.13720703125 0.146484375 0.11572265625 0.02197265625
5 0.1240234375 0.35205078125 0.08984375 0.02392578125
5 0.12841796875 0.51953125 0.08544921875 0.03369140625
5 0.123046875 0.7265625 0.07080078125 0.02880859375
5 0.14453125 0.88916015625 0.1220703125 0.02880859375
5 0.11474609375 0.0615234375 0.134765625 0.02880859375