4 0.353515625 0.2802734375 0.20556640625 0.04736328125
4 0.3544921875 0.333984375 0.20556640625 0.044921875
4 0.3544921875 0.3876953125 0.2060546875 0.04296875
4 0.3544921875 0.439453125 0.205078125 0.044921875
4 0.35400390625 0.49267578125 0.2041015625 0.04638671875
0 0.353515625 0.5849609375 0.20263671875 0.052734375
0 0.646484375 0.64599609375 0.203125 0.0478515625
4 0.6474609375 0.31005859375 0.2041015625 0.04638671875
4 0.64794921875 0.3662109375 0.20458984375 0.04638671875
4 0.64794921875 0.416015625 0.20458984375 0.0458984375
4 0.6474609375 0.4716796875 0.2041015625 0.04638671875
4 0.64697265625 0.52490234375 0.205078125 0.04736328125
4 0.6474609375 0.57666015625 0.2041015625 0.04638671875
0 0.6083984375 0.75439453125 0.021484375 0.03369140625
0 0.6474609375 0.75341796875 0.02001953125 0.03466796875
0 0.68603515625 0.75341796875 0.01953125 0.0380859375
0 0.31494140625 0.693359375 0.02001953125 0.03369140625
0 0.35302734375 0.6923828125 0.021484375 0.0361328125
0 0.3935546875 0.69287109375 0.02001953125 0.03369140625