6 0.09326171875 0.4462890625 0.0498046875 0.068359375
6 0.09619140625 0.52880859375 0.0517578125 0.0654296875
6 0.26416015625 0.67138671875 0.0498046875 0.0654296875
6 0.263671875 0.744140625 0.05078125 0.0625
1 0.5146484375 0.44091796875 0.048828125 0.0615234375
1 0.51318359375 0.53076171875 0.0498046875 0.0615234375
1 0.68359375 0.671875 0.046875 0.0625
1 0.68310546875 0.7412109375 0.0498046875 0.0625
1 0.12841796875 0.8515625 0.1025390625 0.064453125
0 0.14892578125 0.291015625 0.1806640625 0.091796875
0 0.36279296875 0.291015625 0.1826171875 0.09375
0 0.53955078125 0.29052734375 0.1220703125 0.0927734375
0 0.6884765625 0.29150390625 0.119140625 0.0927734375
5 0.19189453125 0.4501953125 0.1181640625 0.03515625
5 0.19189453125 0.5341796875 0.1181640625 0.033203125
5 0.5966796875 0.4443359375 0.09375 0.029296875
5 0.59521484375 0.53173828125 0.1005859375 0.0302734375
5 0.56982421875 0.6728515625 0.1416015625 0.03125
5 0.56689453125 0.7421875 0.1416015625 0.029296875
5 0.1484375 0.673828125 0.13671875 0.03515625
5 0.150390625 0.74560546875 0.140625 0.0361328125
5 0.21435546875 0.8525390625 0.0556640625 0.02734375