0 0.93408203125 0.05029296875 0.0927734375 0.05908203125
5 0.7783203125 0.05224609375 0.06689453125 0.02587890625
5 0.68408203125 0.05078125 0.05029296875 0.0234375
5 0.58837890625 0.04833984375 0.0791015625 0.02490234375
5 0.48876953125 0.05078125 0.05810546875 0.02978515625
5 0.2412109375 0.05029296875 0.17578125 0.029296875
3 0.357421875 0.04736328125 0.0224609375 0.03857421875
3 0.1025390625 0.048828125 0.02978515625 0.03759765625
5 0.06201171875 0.142578125 0.04345703125 0.03515625
5 0.1376953125 0.1416015625 0.05517578125 0.02490234375
5 0.21826171875 0.14111328125 0.052734375 0.02734375
0 0.09912109375 0.27783203125 0.107421875 0.0576171875
5 0.18896484375 0.39990234375 0.2548828125 0.0634765625
5 0.0673828125 0.52880859375 0.0498046875 0.02392578125
5 0.07080078125 0.60888671875 0.0556640625 0.02392578125
5 0.1025390625 0.68896484375 0.11669921875 0.02490234375
7 0.32568359375 0.6904296875 0.03515625 0.03076171875
7 0.19091796875 0.89697265625 0.29345703125 0.06591796875
0 0.19482421875 0.79638671875 0.30029296875 0.06103515625
0 0.8251953125 0.77978515625 0.07177734375 0.0517578125
2 0.30029296875 0.52978515625 0.08642578125 0.052734375
2 0.29931640625 0.61181640625 0.08349609375 0.0517578125