1 0.4580078125 0.34130859375 0.015625 0.0224609375
1 0.458984375 0.388671875 0.01318359375 0.0283203125
1 0.466796875 0.45654296875 0.017578125 0.0302734375
1 0.46533203125 0.52734375 0.015625 0.0302734375
3 0.58203125 0.34130859375 0.01123046875 0.0302734375
3 0.583984375 0.3896484375 0.0146484375 0.0302734375
3 0.59130859375 0.45849609375 0.01318359375 0.0263671875
3 0.59033203125 0.5283203125 0.0166015625 0.0244140625
1 0.20703125 0.73779296875 0.01220703125 0.0302734375
1 0.2080078125 0.81591796875 0.015625 0.0283203125
1 0.2177734375 0.90283203125 0.02001953125 0.0322265625
5 0.35546875 0.34326171875 0.02880859375 0.0224609375
5 0.35546875 0.390625 0.03125 0.04052734375
5 0.33984375 0.48876953125 0.03125 0.01806640625
5 0.33984375 0.56884765625 0.033203125 0.03662109375
5 0.59033203125 0.56787109375 0.03466796875 0.0341796875
5 0.59130859375 0.48974609375 0.02880859375 0.01611328125
5 0.60595703125 0.388671875 0.0322265625 0.0322265625
5 0.60595703125 0.34228515625 0.02978515625 0.02001953125
5 0.48046875 0.33984375 0.02978515625 0.02001953125
5 0.47998046875 0.390625 0.03125 0.03662109375
5 0.46533203125 0.48876953125 0.033203125 0.0224609375
5 0.4638671875 0.56689453125 0.0322265625 0.03662109375
5 0.23046875 0.73779296875 0.03466796875 0.0224609375
5 0.22998046875 0.81689453125 0.03125 0.0341796875
5 0.21630859375 0.93408203125 0.02978515625 0.0224609375
1 0.84375 0.39892578125 0.01220703125 0.0244140625
1 0.60107421875 0.73876953125 0.01318359375 0.02001953125
1 0.73828125 0.73779296875 0.01220703125 0.0224609375
1 0.78759765625 0.73876953125 0.01123046875 0.0244140625
5 0.6240234375 0.73779296875 0.02978515625 0.01806640625
5 0.7373046875 0.77001953125 0.02978515625 0.01806640625
5 0.78662109375 0.77001953125 0.03125 0.01806640625