6 0.1494140625 0.73291015625 0.056640625 0.0283203125
6 0.4052734375 0.7333984375 0.05078125 0.033203125
6 0.66552734375 0.73095703125 0.0498046875 0.0322265625
6 0.53515625 0.7822265625 0.0546875 0.033203125
6 0.27734375 0.78173828125 0.052734375 0.0341796875
6 0.412109375 0.1259765625 0.0546875 0.03125
6 0.4111328125 0.17626953125 0.052734375 0.0302734375
6 0.4130859375 0.2255859375 0.05078125 0.033203125
6 0.41162109375 0.27587890625 0.0517578125 0.0322265625
6 0.41357421875 0.3251953125 0.0537109375 0.033203125
5 0.2578125 0.732421875 0.140625 0.025390625
5 0.51904296875 0.734375 0.1435546875 0.02734375
5 0.779296875 0.73486328125 0.146484375 0.0263671875
5 0.64990234375 0.7841796875 0.1474609375 0.0234375
5 0.3896484375 0.783203125 0.142578125 0.025390625
0 0.34521484375 0.8642578125 0.2802734375 0.056640625
0 0.65185546875 0.86376953125 0.2666015625 0.0576171875
0 0.494140625 0.958984375 0.326171875 0.0546875
0 0.49169921875 0.5 0.3271484375 0.05859375
0 0.34423828125 0.4052734375 0.2822265625 0.056640625
0 0.650390625 0.40625 0.265625 0.0625