1 0.05908203125 0.6201171875 0.0302734375 0.068359375
1 0.05859375 0.51025390625 0.029296875 0.0634765625
6 0.6533203125 0.521484375 0.03125 0.0625
1 0.060546875 0.73876953125 0.02734375 0.0693359375
1 0.0576171875 0.85546875 0.02734375 0.06640625
5 0.1435546875 0.509765625 0.119140625 0.052734375
5 0.11474609375 0.61962890625 0.0556640625 0.0419921875
5 0.119140625 0.740234375 0.064453125 0.044921875
5 0.41552734375 0.5185546875 0.1240234375 0.060546875
5 0.57470703125 0.51708984375 0.0595703125 0.0537109375
5 0.7041015625 0.51513671875 0.056640625 0.0498046875
5 0.87841796875 0.5205078125 0.1396484375 0.052734375
6 0.33251953125 0.51806640625 0.0283203125 0.0615234375
6 0.78369140625 0.51904296875 0.0361328125 0.0654296875
6 0.5234375 0.5146484375 0.029296875 0.07421875