5 0.04443359375 0.0107421875 0.05419921875 0.0146484375
5 0.09423828125 0.05224609375 0.15478515625 0.01708984375
5 0.0712890625 0.1171875 0.111328125 0.01611328125
5 0.1103515625 0.234375 0.197265625 0.013671875
5 0.0576171875 0.40966796875 0.0869140625 0.013671875
5 0.0576171875 0.4580078125 0.09765625 0.01318359375
5 0.05810546875 0.50634765625 0.0888671875 0.01123046875
5 0.06591796875 0.58740234375 0.103515625 0.01708984375
5 0.03564453125 0.626953125 0.04443359375 0.0126953125
5 0.09716796875 0.650390625 0.07958984375 0.01513671875
5 0.267578125 0.650390625 0.13037109375 0.0146484375
5 0.041015625 0.68017578125 0.0634765625 0.01318359375
5 0.078125 0.74560546875 0.13623046875 0.01611328125
5 0.0361328125 0.76708984375 0.04833984375 0.01513671875
5 0.470703125 0.7666015625 0.06201171875 0.01220703125
5 0.10302734375 0.8876953125 0.181640625 0.01220703125
5 0.18994140625 0.91162109375 0.25732421875 0.013671875
5 0.0625 0.94287109375 0.10205078125 0.01513671875
4 0.50048828125 0.083984375 0.96875 0.03369140625
5 0.11328125 0.2939453125 0.08837890625 0.01025390625
5 0.3076171875 0.2939453125 0.10205078125 0.013671875
5 0.5029296875 0.2939453125 0.119140625 0.01318359375
5 0.69384765625 0.29443359375 0.10205078125 0.00927734375
5 0.8857421875 0.294921875 0.171875 0.0126953125
5 0.111328125 0.36376953125 0.15625 0.01513671875
5 0.3056640625 0.365234375 0.099609375 0.0126953125
5 0.498046875 0.3662109375 0.14599609375 0.0146484375
5 0.69482421875 0.36572265625 0.1318359375 0.01318359375
5 0.884765625 0.365234375 0.140625 0.013671875
5 0.1494140625 0.4326171875 0.17041015625 0.01220703125
5 0.14306640625 0.4814453125 0.1591796875 0.01611328125
5 0.14306640625 0.52783203125 0.1669921875 0.0185546875
1 0.03369140625 0.43310546875 0.0400390625 0.02197265625
1 0.03515625 0.47998046875 0.03759765625 0.0244140625
1 0.03466796875 0.5263671875 0.03759765625 0.025390625
6 0.03369140625 0.64892578125 0.04052734375 0.02099609375
6 0.17724609375 0.65087890625 0.04296875 0.0205078125
3 0.11181640625 0.27001953125 0.04541015625 0.017578125
3 0.30615234375 0.27099609375 0.044921875 0.0263671875
3 0.11279296875 0.34130859375 0.060546875 0.02001953125
3 0.30224609375 0.3408203125 0.05859375 0.01953125
3 0.49560546875 0.26904296875 0.0478515625 0.0283203125
3 0.49853515625 0.341796875 0.05615234375 0.0185546875
3 0.6904296875 0.26806640625 0.0546875 0.03076171875
3 0.6904296875 0.341796875 0.06005859375 0.0185546875
3 0.87890625 0.3408203125 0.05126953125 0.0185546875
2 0.501953125 0.71240234375 0.9658203125 0.0341796875
2 0.208984375 0.798828125 0.38427734375 0.0341796875
2 0.21142578125 0.84423828125 0.38134765625 0.037109375
2 0.6552734375 0.79931640625 0.43115234375 0.03466796875
2 0.65625 0.8447265625 0.42919921875 0.0341796875
1 0.0361328125 0.91162109375 0.052734375 0.02490234375
2 0.50341796875 0.974609375 0.9658203125 0.0341796875
3 0.88525390625 0.26806640625 0.0615234375 0.03076171875
3 0.193359375 0.05224609375 0.0244140625 0.01220703125