3 0.01904296875 0.205078125 0.0205078125 0.07177734375
3 0.0185546875 0.3125 0.01806640625 0.06494140625
3 0.01806640625 0.4248046875 0.0205078125 0.05810546875
3 0.01904296875 0.54150390625 0.01904296875 0.06005859375
5 0.0654296875 0.205078125 0.03662109375 0.05322265625
5 0.08056640625 0.31591796875 0.060546875 0.0439453125
5 0.06494140625 0.4248046875 0.03515625 0.05810546875
5 0.068359375 0.5380859375 0.04150390625 0.0439453125
3 0.90478515625 0.28369140625 0.01513671875 0.048828125
3 0.822265625 0.28955078125 0.013671875 0.06005859375
3 0.72509765625 0.28466796875 0.02197265625 0.06005859375
3 0.60009765625 0.732421875 0.02099609375 0.05322265625
3 0.6015625 0.85400390625 0.01904296875 0.06005859375
3 0.60302734375 0.96875 0.02099609375 0.0625
3 0.82470703125 0.73486328125 0.0146484375 0.06689453125
3 0.82666015625 0.85546875 0.01513671875 0.06689453125
3 0.82568359375 0.96044921875 0.01611328125 0.0556640625
3 0.91015625 0.73486328125 0.017578125 0.05810546875
3 0.9111328125 0.849609375 0.01904296875 0.04638671875
3 0.91064453125 0.9619140625 0.01806640625 0.05810546875
5 0.76708984375 0.29052734375 0.05712890625 0.048828125
5 0.8544921875 0.27880859375 0.04150390625 0.048828125
5 0.9404296875 0.28564453125 0.04736328125 0.0439453125
5 0.85205078125 0.73486328125 0.02490234375 0.0439453125
5 0.85009765625 0.84814453125 0.0224609375 0.048828125
5 0.8515625 0.96435546875 0.02685546875 0.03955078125
5 0.94287109375 0.73388671875 0.03125 0.04150390625
5 0.939453125 0.85302734375 0.0322265625 0.03955078125
5 0.93896484375 0.962890625 0.03125 0.04638671875