0 0.50048828125 0.1748046875 0.2724609375 0.08642578125
4 0.5 0.3896484375 0.26953125 0.0927734375
2 0.5 0.5625 0.271484375 0.10595703125
4 0.5 0.740234375 0.271484375 0.1025390625
5 0.384765625 0.30615234375 0.04296875 0.03515625
5 0.3818359375 0.482421875 0.037109375 0.03515625
5 0.38232421875 0.6572265625 0.0380859375 0.03857421875
0 0.42431640625 0.935546875 0.1201171875 0.12890625
0 0.54736328125 0.93408203125 0.1162109375 0.125
3 0.62451171875 0.94091796875 0.0146484375 0.0673828125
4 0.20068359375 0.4853515625 0.2275390625 0.09912109375
4 0.20068359375 0.65380859375 0.2275390625 0.09619140625
4 0.201171875 0.8125 0.2265625 0.09912109375
4 0.20068359375 0.96142578125 0.2255859375 0.0703125
4 0.798828125 0.45849609375 0.224609375 0.08984375
4 0.79931640625 0.61865234375 0.2255859375 0.09619140625
2 0.798828125 0.7900390625 0.224609375 0.08642578125
4 0.798828125 0.955078125 0.224609375 0.08349609375
5 0.1005859375 0.41015625 0.029296875 0.0322265625
5 0.10595703125 0.57373046875 0.0361328125 0.044921875
5 0.1123046875 0.7353515625 0.05078125 0.0478515625
5 0.107421875 0.89892578125 0.037109375 0.04150390625