6 0.39892578125 0.326171875 0.0205078125 0.02734375
6 0.39794921875 0.361328125 0.0224609375 0.029296875
6 0.39697265625 0.39794921875 0.0205078125 0.0341796875
0 0.42919921875 0.45751953125 0.0810546875 0.0380859375
0 0.51611328125 0.45751953125 0.0830078125 0.0400390625
5 0.44970703125 0.32861328125 0.0771484375 0.0205078125
5 0.44482421875 0.36376953125 0.0654296875 0.0166015625
5 0.4443359375 0.39794921875 0.06640625 0.0205078125
5 0.43896484375 0.23876953125 0.1025390625 0.0263671875
5 0.46240234375 0.27392578125 0.1494140625 0.0205078125
5 0.26123046875 0.66748046875 0.1005859375 0.0283203125