2 0.09423828125 0.02978515625 0.173828125 0.0419921875
5 0.236328125 0.03076171875 0.05078125 0.0185546875
5 0.2998046875 0.03125 0.04443359375 0.021484375
5 0.0966796875 0.1630859375 0.0556640625 0.02587890625
5 0.0859375 0.28271484375 0.03369140625 0.02685546875
5 0.37158203125 0.28662109375 0.02880859375 0.021484375
5 0.09521484375 0.39892578125 0.052734375 0.02783203125
5 0.1064453125 0.5205078125 0.07177734375 0.03076171875
5 0.3994140625 0.5205078125 0.08251953125 0.03076171875
5 0.11279296875 0.6396484375 0.08447265625 0.03125
5 0.7587890625 0.38671875 0.07958984375 0.017578125
5 0.755859375 0.4765625 0.07568359375 0.0205078125
5 0.7607421875 0.62744140625 0.08349609375 0.029296875
5 0.7802734375 0.67724609375 0.02685546875 0.01513671875
5 0.73681640625 0.67724609375 0.02587890625 0.01171875
5 0.85107421875 0.67431640625 0.095703125 0.021484375
5 0.7822265625 0.70751953125 0.03076171875 0.0185546875
5 0.7822265625 0.75048828125 0.02490234375 0.0185546875
5 0.78564453125 0.794921875 0.03369140625 0.02685546875
5 0.78076171875 0.83935546875 0.02978515625 0.02001953125
5 0.7822265625 0.87939453125 0.033203125 0.0185546875
5 0.7373046875 0.927734375 0.02783203125 0.02001953125
5 0.77880859375 0.96533203125 0.0654296875 0.0283203125
5 0.77734375 0.18017578125 0.05908203125 0.02001953125
0 0.92333984375 0.17431640625 0.1533203125 0.0615234375
4 0.8583984375 0.42919921875 0.27099609375 0.0400390625
4 0.875 0.70751953125 0.13916015625 0.03759765625
4 0.87646484375 0.74853515625 0.13623046875 0.0390625
4 0.875 0.7919921875 0.13916015625 0.03466796875
4 0.87451171875 0.8330078125 0.13623046875 0.03662109375
4 0.873046875 0.87939453125 0.13525390625 0.03466796875
4 0.21142578125 0.2421875 0.2734375 0.0517578125
4 0.49658203125 0.2412109375 0.275390625 0.0537109375
4 0.20947265625 0.47900390625 0.27734375 0.0546875
4 0.49658203125 0.478515625 0.275390625 0.0537109375
3 0.09326171875 0.1083984375 0.02294921875 0.029296875
3 0.13037109375 0.1064453125 0.02783203125 0.033203125
3 0.1689453125 0.11279296875 0.02783203125 0.029296875
3 0.20751953125 0.1083984375 0.0224609375 0.03466796875
0 0.7373046875 0.02978515625 0.08740234375 0.0400390625
0 0.8291015625 0.03076171875 0.072265625 0.03466796875
0 0.93408203125 0.03076171875 0.111328125 0.0400390625
4 0.859375 0.109375 0.2705078125 0.052734375
7 0.7431640625 0.7119140625 0.03955078125 0.02685546875
7 0.74365234375 0.75439453125 0.03955078125 0.02685546875
7 0.744140625 0.79638671875 0.0419921875 0.03076171875
7 0.74365234375 0.8388671875 0.0439453125 0.0322265625
7 0.74365234375 0.8818359375 0.04296875 0.03466796875
1 0.73193359375 0.96484375 0.02783203125 0.03466796875
3 0.9833984375 0.33349609375 0.01513671875 0.017578125
3 0.73828125 0.25341796875 0.01611328125 0.0244140625