0 0.50146484375 0.9482421875 0.96533203125 0.09130859375
3 0.72998046875 0.4482421875 0.0576171875 0.0322265625
3 0.72998046875 0.54345703125 0.05224609375 0.033203125
3 0.7314453125 0.640625 0.05224609375 0.03564453125
3 0.72900390625 0.7353515625 0.05615234375 0.037109375
3 0.7314453125 0.8330078125 0.05224609375 0.03564453125
3 0.91064453125 0.83056640625 0.06640625 0.03564453125
3 0.9111328125 0.7353515625 0.06494140625 0.04150390625
3 0.91064453125 0.63671875 0.06640625 0.04150390625
3 0.90966796875 0.5439453125 0.06201171875 0.0390625
5 0.19873046875 0.447265625 0.30224609375 0.0380859375
5 0.18701171875 0.54931640625 0.27880859375 0.04052734375
5 0.18505859375 0.64208984375 0.283203125 0.03662109375
5 0.169921875 0.73779296875 0.22412109375 0.03662109375
5 0.26220703125 0.83349609375 0.41455078125 0.0380859375
5 0.81494140625 0.4462890625 0.05224609375 0.03662109375
5 0.81884765625 0.5439453125 0.033203125 0.02734375
5 0.81640625 0.63720703125 0.04052734375 0.03369140625
5 0.81787109375 0.732421875 0.03759765625 0.02880859375
5 0.8193359375 0.83154296875 0.04052734375 0.03662109375
0 0.50439453125 0.9521484375 0.96240234375 0.09228515625
0 0.2646484375 0.197265625 0.47119140625 0.0693359375
3 0.91064453125 0.447265625 0.0576171875 0.03466796875