7 0.53857421875 0.42724609375 0.0517578125 0.0634765625
7 0.5380859375 0.55322265625 0.052734375 0.0634765625
7 0.537109375 0.68310546875 0.05078125 0.0634765625
1 0.0458984375 0.42724609375 0.025390625 0.0517578125
1 0.0439453125 0.552734375 0.025390625 0.052734375
1 0.0458984375 0.6767578125 0.029296875 0.052734375
5 0.10400390625 0.29736328125 0.1611328125 0.0576171875
5 0.22900390625 0.42919921875 0.3193359375 0.0517578125
5 0.2763671875 0.55419921875 0.419921875 0.0498046875
5 0.24658203125 0.67919921875 0.3603515625 0.0498046875
5 0.73291015625 0.43115234375 0.3212890625 0.0556640625
5 0.77880859375 0.55322265625 0.4130859375 0.0517578125
5 0.58740234375 0.29736328125 0.1552734375 0.0537109375
5 0.75 0.67919921875 0.359375 0.0595703125
0 0.29931640625 0.865234375 0.1083984375 0.099609375
0 0.41845703125 0.865234375 0.1005859375 0.10546875
0 0.80078125 0.86181640625 0.10546875 0.0986328125
0 0.91748046875 0.86376953125 0.1064453125 0.1025390625