6 0.5498046875 0.4443359375 0.02734375 0.05078125
6 0.54833984375 0.55078125 0.0283203125 0.0546875
6 0.54833984375 0.6533203125 0.0322265625 0.0546875
1 0.77392578125 0.44482421875 0.0244140625 0.0380859375
1 0.7724609375 0.5166015625 0.021484375 0.044921875
1 0.77294921875 0.5859375 0.0224609375 0.037109375
1 0.77197265625 0.65771484375 0.0244140625 0.0458984375
5 0.59130859375 0.44482421875 0.0458984375 0.0361328125
5 0.6005859375 0.54541015625 0.068359375 0.0419921875
5 0.59619140625 0.65087890625 0.0556640625 0.0419921875
5 0.861328125 0.44580078125 0.130859375 0.0361328125
5 0.849609375 0.51513671875 0.099609375 0.0380859375
5 0.8583984375 0.58544921875 0.12109375 0.0380859375
5 0.84912109375 0.65966796875 0.1123046875 0.0419921875