1 0.15478515625 0.4658203125 0.0224609375 0.0234375
1 0.15576171875 0.54150390625 0.0283203125 0.0224609375
1 0.154296875 0.61669921875 0.01953125 0.0205078125
1 0.154296875 0.68994140625 0.025390625 0.0224609375
1 0.1572265625 0.767578125 0.021484375 0.015625
1 0.15576171875 0.84521484375 0.0205078125 0.0224609375
1 0.1572265625 0.92041015625 0.021484375 0.0185546875
6 0.1591796875 0.0830078125 0.033203125 0.025390625
6 0.15869140625 0.1533203125 0.0283203125 0.02734375
6 0.15869140625 0.22412109375 0.0283203125 0.0224609375
5 0.5244140625 0.0400390625 0.783203125 0.0390625
5 0.2109375 0.111328125 0.150390625 0.037109375
5 0.18408203125 0.18310546875 0.1103515625 0.0341796875
5 0.205078125 0.25244140625 0.138671875 0.0380859375
5 0.50634765625 0.4248046875 0.7392578125 0.03515625
5 0.28076171875 0.5 0.2939453125 0.037109375
5 0.27392578125 0.57470703125 0.2763671875 0.0341796875
5 0.27587890625 0.65087890625 0.2763671875 0.0341796875
5 0.22119140625 0.72607421875 0.1748046875 0.0380859375
5 0.3310546875 0.80322265625 0.39453125 0.0302734375
5 0.27490234375 0.87890625 0.2763671875 0.037109375
5 0.18798828125 0.95166015625 0.1162109375 0.0361328125