5 0.06494140625 0.1328125 0.07275390625 0.0234375
5 0.0830078125 0.2431640625 0.0986328125 0.02001953125
5 0.11474609375 0.5771484375 0.162109375 0.02099609375
5 0.1162109375 0.6865234375 0.1728515625 0.02685546875
5 0.11572265625 0.79443359375 0.16357421875 0.02880859375
5 0.60205078125 0.794921875 0.18505859375 0.025390625
5 0.6181640625 0.90380859375 0.22314453125 0.0322265625
5 0.130859375 0.90380859375 0.2109375 0.025390625
4 0.2587890625 0.18017578125 0.4580078125 0.06201171875
4 0.7373046875 0.18212890625 0.45556640625 0.064453125
4 0.498046875 0.29345703125 0.93115234375 0.0576171875
4 0.5 0.36376953125 0.9326171875 0.05908203125
4 0.26025390625 0.4423828125 0.45556640625 0.064453125
4 0.2587890625 0.51318359375 0.4580078125 0.06201171875
4 0.73779296875 0.43896484375 0.46484375 0.064453125
4 0.50048828125 0.6240234375 0.93359375 0.06103515625
4 0.49609375 0.73095703125 0.92724609375 0.05322265625
4 0.26025390625 0.84619140625 0.4501953125 0.06103515625
4 0.73828125 0.845703125 0.45263671875 0.0576171875
4 0.73974609375 0.9541015625 0.4609375 0.0634765625
4 0.263671875 0.95556640625 0.45654296875 0.0556640625
2 0.7392578125 0.513671875 0.451171875 0.06103515625