6 0.08349609375 0.2177734375 0.0283203125 0.041015625
6 0.21923828125 0.216796875 0.0322265625 0.046875
6 0.3544921875 0.2177734375 0.025390625 0.0390625
1 0.21826171875 0.16162109375 0.0283203125 0.0361328125
1 0.35595703125 0.1630859375 0.0283203125 0.0390625
2 0.1767578125 0.41552734375 0.208984375 0.0615234375
2 0.17578125 0.56591796875 0.20703125 0.0576171875
2 0.6796875 0.3857421875 0.130859375 0.05859375
1 0.0830078125 0.162109375 0.025390625 0.03125
4 0.4423828125 0.4169921875 0.205078125 0.064453125
4 0.44140625 0.71337890625 0.208984375 0.0654296875
4 0.42236328125 0.83544921875 0.1650390625 0.0595703125
5 0.37451171875 0.66259765625 0.0771484375 0.0205078125
5 0.373046875 0.515625 0.080078125 0.021484375
5 0.08837890625 0.51220703125 0.0380859375 0.0205078125
5 0.08935546875 0.36328125 0.0419921875 0.021484375
5 0.3740234375 0.3662109375 0.083984375 0.025390625
3 0.5283203125 0.162109375 0.015625 0.025390625
3 0.52685546875 0.21044921875 0.0126953125 0.0205078125
3 0.56982421875 0.16357421875 0.0126953125 0.0185546875
3 0.572265625 0.20947265625 0.009765625 0.0205078125
5 0.1240234375 0.16259765625 0.044921875 0.0185546875
5 0.1240234375 0.21484375 0.048828125 0.01953125
5 0.255859375 0.16455078125 0.0390625 0.0166015625
5 0.25732421875 0.21630859375 0.0380859375 0.0224609375
5 0.39599609375 0.162109375 0.0380859375 0.01953125
5 0.39697265625 0.21484375 0.0458984375 0.021484375
4 0.43994140625 0.564453125 0.2080078125 0.06640625
0 0.72509765625 0.5087890625 0.2177734375 0.05859375
0 0.1767578125 0.69921875 0.2109375 0.056640625