1 0.111328125 0.314453125 0.05859375 0.072265625
1 0.11083984375 0.46044921875 0.0576171875 0.0771484375
5 0.27587890625 0.3134765625 0.2255859375 0.044921875
5 0.26953125 0.4599609375 0.212890625 0.044921875
3 0.36328125 0.1943359375 0.0546875 0.0703125
3 0.1083984375 0.1943359375 0.0625 0.056640625
3 0.51611328125 0.41845703125 0.0693359375 0.0830078125
3 0.61865234375 0.4189453125 0.0615234375 0.083984375
3 0.720703125 0.41845703125 0.0703125 0.0830078125
3 0.86279296875 0.30078125 0.0419921875 0.05859375
3 0.77880859375 0.3017578125 0.0517578125 0.0625
3 0.94970703125 0.29833984375 0.0439453125 0.0556640625
3 0.822265625 0.41796875 0.0703125 0.0859375
3 0.92431640625 0.41943359375 0.0673828125 0.0888671875
3 0.521484375 0.5625 0.025390625 0.033203125
3 0.521484375 0.60693359375 0.02734375 0.0419921875
3 0.5556640625 0.56103515625 0.025390625 0.0341796875
3 0.59423828125 0.5625 0.0244140625 0.03515625
3 0.62841796875 0.56103515625 0.0244140625 0.0341796875
3 0.6650390625 0.564453125 0.03125 0.037109375
3 0.705078125 0.56494140625 0.033203125 0.0380859375
3 0.7451171875 0.56396484375 0.03515625 0.0400390625
3 0.779296875 0.56298828125 0.021484375 0.0341796875
3 0.5927734375 0.607421875 0.03515625 0.03515625
3 0.5576171875 0.60693359375 0.0234375 0.0361328125
3 0.62939453125 0.6064453125 0.0263671875 0.033203125
3 0.66552734375 0.60498046875 0.0283203125 0.0361328125
3 0.70361328125 0.6044921875 0.0283203125 0.037109375
3 0.73876953125 0.6044921875 0.0283203125 0.037109375
3 0.77587890625 0.607421875 0.0205078125 0.029296875
3 0.5224609375 0.6533203125 0.03125 0.03515625
3 0.521484375 0.69970703125 0.03515625 0.0380859375
3 0.5576171875 0.6552734375 0.033203125 0.041015625
3 0.55810546875 0.701171875 0.0302734375 0.03515625
3 0.59326171875 0.6552734375 0.0263671875 0.03515625
3 0.59423828125 0.701171875 0.0341796875 0.03515625
3 0.63037109375 0.654296875 0.0302734375 0.0390625
3 0.6328125 0.7021484375 0.037109375 0.0390625
3 0.6689453125 0.65869140625 0.029296875 0.0419921875
3 0.669921875 0.7021484375 0.03125 0.033203125
3 0.7041015625 0.65380859375 0.033203125 0.0361328125
3 0.70458984375 0.69873046875 0.0341796875 0.0322265625
3 0.7412109375 0.6572265625 0.03125 0.03125
3 0.73974609375 0.7021484375 0.0322265625 0.029296875
3 0.75927734375 0.63623046875 0.0009765625 0.0009765625