6 0.119140625 0.3125 0.02734375 0.087890625
6 0.119140625 0.43701171875 0.03125 0.0849609375
6 0.119140625 0.56201171875 0.033203125 0.0830078125
6 0.119140625 0.6884765625 0.03125 0.0859375
6 0.119140625 0.81640625 0.0390625 0.095703125
6 0.64697265625 0.36767578125 0.0205078125 0.0478515625
6 0.64697265625 0.46044921875 0.0205078125 0.0537109375
6 0.64697265625 0.556640625 0.0205078125 0.052734375
6 0.64697265625 0.650390625 0.0244140625 0.052734375
6 0.6474609375 0.74462890625 0.02734375 0.0537109375
5 0.20166015625 0.30810546875 0.1162109375 0.0537109375
5 0.2587890625 0.439453125 0.2265625 0.072265625
5 0.2060546875 0.5595703125 0.123046875 0.05859375
5 0.2685546875 0.69091796875 0.251953125 0.0732421875
5 0.23388671875 0.81201171875 0.1826171875 0.0537109375
5 0.70556640625 0.36279296875 0.0947265625 0.0478515625
5 0.7529296875 0.46142578125 0.185546875 0.0517578125
5 0.7080078125 0.5517578125 0.09375 0.046875
5 0.759765625 0.6513671875 0.197265625 0.05078125
5 0.736328125 0.74169921875 0.1484375 0.0478515625