4 0.375 0.13525390625 0.171875 0.03466796875
0 0.61376953125 0.13818359375 0.08203125 0.03271484375
3 0.67724609375 0.13916015625 0.015625 0.0224609375
3 0.52099609375 0.13720703125 0.01806640625 0.0263671875
2 0.42626953125 0.96826171875 0.17822265625 0.03466796875
5 0.435546875 0.91650390625 0.12890625 0.0205078125
5 0.43505859375 0.73486328125 0.16650390625 0.0263671875
5 0.388671875 0.78369140625 0.02734375 0.01025390625
5 0.466796875 0.78173828125 0.02197265625 0.01025390625
0 0.28564453125 0.56298828125 0.08447265625 0.0283203125
0 0.28125 0.603515625 0.07568359375 0.0283203125
0 0.361328125 0.603515625 0.06884765625 0.0283203125
0 0.35400390625 0.56298828125 0.04150390625 0.0283203125
0 0.43212890625 0.603515625 0.05712890625 0.0283203125
0 0.48583984375 0.603515625 0.03125 0.0283203125
0 0.49609375 0.56201171875 0.06787109375 0.0302734375
0 0.41845703125 0.56298828125 0.07177734375 0.0283203125
0 0.52783203125 0.6044921875 0.03759765625 0.0302734375
0 0.5703125 0.603515625 0.03125 0.0283203125
0 0.568359375 0.56298828125 0.06103515625 0.03271484375
5 0.42822265625 0.51611328125 0.1015625 0.0283203125
5 0.26806640625 0.4443359375 0.0234375 0.01025390625
5 0.33203125 0.4443359375 0.046875 0.01416015625
5 0.39453125 0.44287109375 0.04931640625 0.01220703125
5 0.45947265625 0.44921875 0.03369140625 0.0244140625
5 0.5234375 0.44921875 0.03369140625 0.0244140625
5 0.58837890625 0.44921875 0.04443359375 0.0205078125
5 0.70458984375 0.63427734375 0.13818359375 0.0205078125
5 0.71728515625 0.51513671875 0.16943359375 0.0302734375
5 0.70458984375 0.7197265625 0.13525390625 0.0244140625
5 0.66259765625 0.89013671875 0.02099609375 0.01611328125
5 0.72412109375 0.89111328125 0.04443359375 0.01806640625
5 0.7890625 0.88916015625 0.03125 0.01416015625
6 0.763671875 0.89111328125 0.01171875 0.0224609375
6 0.69091796875 0.89111328125 0.01171875 0.0224609375
6 0.64208984375 0.89111328125 0.01025390625 0.01416015625
0 0.74072265625 0.953125 0.2109375 0.052734375
5 0.43505859375 0.3203125 0.18505859375 0.01806640625