4 0.6884765625 0.25537109375 0.294921875 0.06005859375
5 0.57421875 0.20947265625 0.06689453125 0.01904296875
5 0.578125 0.32080078125 0.06689453125 0.0283203125
5 0.578125 0.43408203125 0.07080078125 0.03076171875
5 0.59814453125 0.5498046875 0.1181640625 0.0234375
5 0.6650390625 0.66259765625 0.1865234375 0.025390625
1 0.55224609375 0.66259765625 0.0224609375 0.025390625
4 0.68896484375 0.36767578125 0.29345703125 0.05908203125
4 0.6865234375 0.482421875 0.29345703125 0.05810546875
4 0.68798828125 0.59423828125 0.29248046875 0.05908203125
0 0.611328125 0.76806640625 0.1376953125 0.06005859375