2 0.27099609375 0.060546875 0.5419921875 0.12109375
1 0.11376953125 0.17431640625 0.0517578125 0.0478515625
1 0.11474609375 0.2705078125 0.0537109375 0.048828125
1 0.1142578125 0.3681640625 0.052734375 0.046875
1 0.11474609375 0.46533203125 0.0517578125 0.0517578125
1 0.1142578125 0.56201171875 0.05078125 0.0439453125
1 0.1171875 0.658203125 0.05078125 0.04296875
5 0.30517578125 0.173828125 0.2646484375 0.0546875
5 0.23779296875 0.26806640625 0.1416015625 0.0537109375
5 0.24072265625 0.3681640625 0.1337890625 0.052734375
5 0.23779296875 0.4638671875 0.1357421875 0.052734375
5 0.2724609375 0.5634765625 0.201171875 0.05078125
5 0.2744140625 0.65771484375 0.20703125 0.0556640625