1 0.73388671875 0.44287109375 0.0380859375 0.0869140625
1 0.73486328125 0.54345703125 0.0380859375 0.0888671875
6 0.2294921875 0.28759765625 0.02734375 0.0693359375
6 0.22998046875 0.40771484375 0.0283203125 0.0654296875
6 0.22900390625 0.5263671875 0.0263671875 0.0703125
6 0.228515625 0.65087890625 0.029296875 0.0712890625
6 0.05224609375 0.650390625 0.0244140625 0.0703125
6 0.05224609375 0.52685546875 0.0244140625 0.0712890625
6 0.05224609375 0.40771484375 0.0244140625 0.0673828125
6 0.0517578125 0.2880859375 0.0234375 0.072265625
5 0.115234375 0.28173828125 0.09375 0.0693359375
5 0.1142578125 0.404296875 0.083984375 0.06640625
5 0.1142578125 0.525390625 0.091796875 0.064453125
5 0.11865234375 0.65087890625 0.0888671875 0.0634765625
5 0.30517578125 0.28369140625 0.1103515625 0.0517578125
5 0.30712890625 0.404296875 0.1142578125 0.056640625
5 0.3037109375 0.529296875 0.111328125 0.068359375
5 0.30322265625 0.650390625 0.1123046875 0.0625
5 0.7998046875 0.4462890625 0.0703125 0.072265625
5 0.7958984375 0.546875 0.072265625 0.072265625
3 0.44140625 0.31591796875 0.03125 0.0830078125
3 0.4814453125 0.31591796875 0.0390625 0.0830078125
3 0.533203125 0.3154296875 0.03125 0.07421875
3 0.57421875 0.31787109375 0.025390625 0.0869140625
2 0.69482421875 0.06982421875 0.5576171875 0.1025390625
3 0.62744140625 0.31689453125 0.0361328125 0.0732421875