7 0.76220703125 0.421875 0.02978515625 0.0322265625
7 0.7646484375 0.60302734375 0.02978515625 0.0302734375
7 0.76220703125 0.6640625 0.02734375 0.0234375
7 0.76416015625 0.7197265625 0.0283203125 0.0322265625
7 0.7646484375 0.7587890625 0.02734375 0.02783203125
3 0.5390625 0.5986328125 0.01416015625 0.0302734375
3 0.556640625 0.5986328125 0.01318359375 0.02587890625
3 0.3837890625 0.24658203125 0.02099609375 0.02587890625
3 0.42724609375 0.25 0.01416015625 0.02783203125
3 0.47021484375 0.248046875 0.01708984375 0.0234375
3 0.51416015625 0.248046875 0.01953125 0.0234375
3 0.5634765625 0.248046875 0.01953125 0.02783203125
3 0.60498046875 0.2490234375 0.02197265625 0.0302734375
0 0.47216796875 0.2041015625 0.06982421875 0.05126953125