2 0.16650390625 0.2109375 0.2373046875 0.107421875
2 0.54052734375 0.21142578125 0.2373046875 0.1064453125
2 0.81201171875 0.20703125 0.2392578125 0.1015625
6 0.724609375 0.35791015625 0.025390625 0.0576171875
6 0.7255859375 0.44921875 0.01953125 0.056640625
6 0.724609375 0.5439453125 0.025390625 0.06640625
6 0.72509765625 0.6337890625 0.0224609375 0.05859375
1 0.45654296875 0.35986328125 0.0205078125 0.0576171875
1 0.45556640625 0.44921875 0.0224609375 0.056640625
1 0.45654296875 0.5419921875 0.0185546875 0.048828125
1 0.45556640625 0.6328125 0.0166015625 0.04296875
5 0.5244140625 0.361328125 0.103515625 0.04296875
5 0.5322265625 0.54052734375 0.115234375 0.0537109375
5 0.5263671875 0.45166015625 0.09765625 0.0478515625
5 0.52392578125 0.6328125 0.1103515625 0.05078125
5 0.79248046875 0.3564453125 0.1083984375 0.044921875
5 0.7900390625 0.45263671875 0.103515625 0.0478515625
5 0.80126953125 0.54296875 0.1220703125 0.048828125
5 0.794921875 0.63330078125 0.103515625 0.0498046875