0 0.5 0.9443359375 0.939453125 0.080078125
0 0.5 0.4853515625 1 0.109375
3 0.09423828125 0.15478515625 0.0712890625 0.0498046875
3 0.09375 0.2333984375 0.083984375 0.05078125
5 0.25146484375 0.15771484375 0.1376953125 0.0380859375
5 0.30322265625 0.2373046875 0.2392578125 0.0390625
5 0.31689453125 0.7734375 0.4775390625 0.044921875
5 0.3173828125 0.84765625 0.484375 0.04296875
3 0.0966796875 0.314453125 0.07421875 0.04296875
3 0.9404296875 0.3154296875 0.048828125 0.044921875
3 0.9208984375 0.48974609375 0.078125 0.0595703125
3 0.10986328125 0.486328125 0.0810546875 0.060546875