4 0.5009765625 0.32666015625 0.3115234375 0.05419921875
4 0.49951171875 0.431640625 0.3134765625 0.05517578125
4 0.49951171875 0.541015625 0.31298828125 0.05517578125
5 0.3701171875 0.27783203125 0.05517578125 0.0205078125
5 0.369140625 0.38525390625 0.05517578125 0.0224609375
5 0.36962890625 0.49267578125 0.060546875 0.0234375
6 0.3505859375 0.65380859375 0.01416015625 0.0263671875
6 0.3515625 0.6875 0.01708984375 0.0224609375
6 0.3505859375 0.720703125 0.015625 0.021484375
5 0.40380859375 0.72119140625 0.07421875 0.0205078125
5 0.40869140625 0.6865234375 0.087890625 0.0205078125
5 0.39990234375 0.6533203125 0.06884765625 0.021484375
0 0.50048828125 0.8037109375 0.31494140625 0.0673828125