5 0.03271484375 0.28369140625 0.0546875 0.0361328125
5 0.10009765625 0.12451171875 0.189453125 0.07080078125
5 0.056640625 0.46435546875 0.10791015625 0.0419921875
5 0.64990234375 0.08984375 0.16650390625 0.05615234375
5 0.666015625 0.15380859375 0.18017578125 0.03076171875
5 0.63623046875 0.330078125 0.12255859375 0.03466796875
5 0.6474609375 0.49267578125 0.15087890625 0.025390625
5 0.65869140625 0.6552734375 0.16552734375 0.03076171875
5 0.93212890625 0.65185546875 0.0986328125 0.03466796875
0 0.91259765625 0.86376953125 0.16650390625 0.080078125
0 0.16650390625 0.67626953125 0.328125 0.080078125
4 0.16796875 0.35205078125 0.33056640625 0.08544921875
4 0.16748046875 0.53369140625 0.32421875 0.08544921875
4 0.78955078125 0.3935546875 0.41845703125 0.08203125
4 0.74072265625 0.55615234375 0.3212890625 0.080078125
4 0.62744140625 0.7236328125 0.10546875 0.07275390625
4 0.75048828125 0.7216796875 0.1015625 0.08349609375
4 0.93994140625 0.71923828125 0.109375 0.078125
2 0.78515625 0.2255859375 0.41357421875 0.076171875