6 0.42138671875 0.50390625 0.0380859375 0.05859375
7 0.7041015625 0.6298828125 0.056640625 0.05859375
7 0.69140625 0.751953125 0.060546875 0.056640625
1 0.0703125 0.63525390625 0.03125 0.0478515625
1 0.07080078125 0.51220703125 0.0302734375 0.0498046875
1 0.0703125 0.76025390625 0.033203125 0.0517578125
1 0.06982421875 0.88427734375 0.0322265625 0.0498046875
0 0.279296875 0.5107421875 0.138671875 0.09765625
0 0.28076171875 0.63525390625 0.1357421875 0.0986328125
0 0.2802734375 0.759765625 0.138671875 0.099609375
0 0.27880859375 0.88427734375 0.1357421875 0.0966796875
6 0.421875 0.6279296875 0.03515625 0.056640625
6 0.421875 0.75244140625 0.0390625 0.0576171875
7 0.69091796875 0.50537109375 0.0576171875 0.0634765625
0 0.1513671875 0.34912109375 0.23828125 0.0927734375
0 0.38623046875 0.34912109375 0.2080078125 0.0927734375
0 0.6875 0.34912109375 0.373046875 0.0927734375
5 0.1318359375 0.513671875 0.0703125 0.05078125
5 0.13134765625 0.63623046875 0.0712890625 0.0458984375
5 0.138671875 0.76025390625 0.0859375 0.0478515625
5 0.12939453125 0.884765625 0.0654296875 0.04296875
5 0.47216796875 0.50439453125 0.0478515625 0.0419921875
5 0.4755859375 0.6279296875 0.052734375 0.044921875
5 0.4833984375 0.75244140625 0.07421875 0.0439453125
5 0.6083984375 0.5029296875 0.0703125 0.0390625
5 0.61572265625 0.62744140625 0.0888671875 0.0478515625
5 0.60693359375 0.751953125 0.0654296875 0.046875