5 0.11962890625 0.17724609375 0.060546875 0.03515625
5 0.1181640625 0.2802734375 0.05810546875 0.037109375
5 0.12109375 0.3779296875 0.05908203125 0.02734375
5 0.1201171875 0.47900390625 0.05615234375 0.03076171875
5 0.10302734375 0.57568359375 0.02880859375 0.0283203125
5 0.11572265625 0.67333984375 0.0517578125 0.03173828125
5 0.1162109375 0.77197265625 0.05224609375 0.029296875
5 0.1083984375 0.86865234375 0.0380859375 0.03515625
5 0.56689453125 0.181640625 0.05859375 0.03076171875
5 0.56787109375 0.2783203125 0.0546875 0.02734375
5 0.56591796875 0.37890625 0.05908203125 0.02294921875
5 0.5673828125 0.4765625 0.0595703125 0.025390625
5 0.58154296875 0.57421875 0.02587890625 0.03076171875
5 0.5693359375 0.6728515625 0.052734375 0.037109375
5 0.57177734375 0.77392578125 0.046875 0.029296875
5 0.57861328125 0.87255859375 0.033203125 0.029296875
2 0.3125 0.77001953125 0.2734375 0.07666015625
2 0.31201171875 0.8701171875 0.27197265625 0.07763671875
2 0.7451171875 0.76953125 0.2744140625 0.07763671875
2 0.74462890625 0.8681640625 0.27099609375 0.08203125
4 0.3125 0.1806640625 0.27685546875 0.0810546875
4 0.31103515625 0.279296875 0.27197265625 0.08203125
4 0.31201171875 0.37646484375 0.27392578125 0.07861328125
4 0.3125 0.474609375 0.27490234375 0.07666015625
4 0.31201171875 0.57177734375 0.27392578125 0.080078125
4 0.31298828125 0.67138671875 0.27392578125 0.07568359375
4 0.74365234375 0.17919921875 0.27490234375 0.07861328125
4 0.744140625 0.28076171875 0.27197265625 0.0732421875
4 0.744140625 0.3798828125 0.27490234375 0.07666015625
4 0.74365234375 0.4765625 0.27294921875 0.080078125
4 0.744140625 0.57421875 0.27490234375 0.06982421875
4 0.74365234375 0.66748046875 0.2734375 0.07421875