5 0.34423828125 0.1484375 0.21484375 0.02587890625
5 0.10986328125 0.19287109375 0.10009765625 0.01806640625
5 0.1083984375 0.23583984375 0.0966796875 0.0166015625
5 0.12060546875 0.2822265625 0.12158203125 0.01513671875
5 0.1083984375 0.32666015625 0.09326171875 0.0166015625
5 0.12841796875 0.36962890625 0.14013671875 0.01513671875
5 0.12841796875 0.4140625 0.13330078125 0.01953125
5 0.1083984375 0.4580078125 0.09326171875 0.0166015625
5 0.13818359375 0.50390625 0.15673828125 0.01513671875
5 0.3173828125 0.58154296875 0.16845703125 0.0224609375
5 0.130859375 0.62451171875 0.1416015625 0.02099609375
5 0.1025390625 0.669921875 0.08154296875 0.01806640625
5 0.08251953125 0.71484375 0.044921875 0.01513671875
5 0.08837890625 0.75634765625 0.056640625 0.0166015625
5 0.07763671875 0.80322265625 0.03515625 0.01953125
5 0.2548828125 0.91796875 0.31982421875 0.02587890625
0 0.658203125 0.89599609375 0.1435546875 0.060546875
0 0.8291015625 0.89892578125 0.181640625 0.060546875
1 0.07666015625 0.91650390625 0.033203125 0.03173828125
5 0.15576171875 0.0703125 0.19189453125 0.0439453125
4 0.57763671875 0.1962890625 0.681640625 0.0419921875
4 0.57666015625 0.2392578125 0.68310546875 0.04052734375
4 0.57763671875 0.3271484375 0.68505859375 0.04541015625
4 0.57763671875 0.36962890625 0.68505859375 0.0390625
4 0.64892578125 0.4140625 0.16162109375 0.046875
4 0.4833984375 0.41162109375 0.16357421875 0.04541015625
4 0.318359375 0.41259765625 0.16357421875 0.04052734375
4 0.578125 0.4580078125 0.68310546875 0.0439453125
4 0.57568359375 0.50146484375 0.681640625 0.04052734375
2 0.3193359375 0.2822265625 0.1650390625 0.0361328125
2 0.4833984375 0.2822265625 0.16650390625 0.0419921875
4 0.57666015625 0.62890625 0.68017578125 0.04541015625
4 0.57666015625 0.669921875 0.6767578125 0.0390625
4 0.57568359375 0.7158203125 0.6748046875 0.04052734375
2 0.40185546875 0.7607421875 0.330078125 0.04052734375
4 0.31982421875 0.80322265625 0.16650390625 0.0439453125