1 0.11767578125 0.45751953125 0.0361328125 0.0419921875
7 0.626953125 0.4580078125 0.072265625 0.041015625
7 0.625 0.65283203125 0.068359375 0.0439453125
7 0.572265625 0.3466796875 0.07421875 0.044921875
1 0.11962890625 0.556640625 0.0322265625 0.044921875
1 0.1181640625 0.65185546875 0.03515625 0.0439453125
1 0.11865234375 0.7421875 0.0380859375 0.04296875
1 0.1171875 0.83935546875 0.033203125 0.0380859375
7 0.623046875 0.55810546875 0.068359375 0.0439453125
7 0.62548828125 0.7431640625 0.0673828125 0.04296875
7 0.625 0.837890625 0.06640625 0.048828125
5 0.1298828125 0.34765625 0.04296875 0.04296875
5 0.19287109375 0.4599609375 0.0830078125 0.044921875
5 0.23046875 0.55908203125 0.166015625 0.0419921875
5 0.2294921875 0.6474609375 0.150390625 0.041015625
5 0.22509765625 0.74072265625 0.1513671875 0.0439453125
5 0.2216796875 0.8408203125 0.134765625 0.037109375
5 0.6396484375 0.3525390625 0.046875 0.044921875
5 0.71630859375 0.45751953125 0.0869140625 0.0400390625
5 0.5791015625 0.24169921875 0.10546875 0.0498046875
5 0.0966796875 0.24853515625 0.09375 0.0439453125
5 0.7509765625 0.5576171875 0.16796875 0.044921875
5 0.74658203125 0.64990234375 0.1552734375 0.0439453125
5 0.748046875 0.74462890625 0.150390625 0.0478515625
5 0.73974609375 0.8369140625 0.1298828125 0.044921875