5 0.18896484375 0.1083984375 0.09326171875 0.037109375
5 0.3740234375 0.10693359375 0.09814453125 0.0400390625
5 0.681640625 0.10498046875 0.107421875 0.04345703125
5 0.89111328125 0.107421875 0.12939453125 0.04150390625
3 0.0771484375 0.0908203125 0.03271484375 0.04638671875
3 0.068359375 0.2158203125 0.03125 0.04638671875
3 0.068359375 0.41650390625 0.02685546875 0.04345703125
3 0.06884765625 0.61962890625 0.02783203125 0.04833984375
3 0.06884765625 0.75439453125 0.02587890625 0.044921875
0 0.49951171875 0.89990234375 0.21337890625 0.09130859375
3 0.8544921875 0.212890625 0.02783203125 0.04638671875
3 0.916015625 0.21728515625 0.037109375 0.052734375
3 0.91796875 0.419921875 0.03857421875 0.04638671875
3 0.85595703125 0.41650390625 0.03369140625 0.04345703125
3 0.857421875 0.62060546875 0.0361328125 0.04638671875
3 0.91796875 0.6220703125 0.03857421875 0.052734375
3 0.8564453125 0.7529296875 0.0302734375 0.04833984375
3 0.91845703125 0.7529296875 0.037109375 0.04833984375
4 0.712890625 0.224609375 0.173828125 0.09619140625
4 0.712890625 0.427734375 0.17578125 0.09814453125
4 0.71337890625 0.62939453125 0.17724609375 0.099609375
4 0.7138671875 0.76416015625 0.17578125 0.099609375
4 0.46484375 0.76416015625 0.2705078125 0.099609375
4 0.46337890625 0.6298828125 0.26904296875 0.09814453125
4 0.22265625 0.626953125 0.16064453125 0.09814453125
4 0.2216796875 0.76220703125 0.1630859375 0.09619140625
4 0.2236328125 0.42529296875 0.16064453125 0.09619140625
4 0.22314453125 0.224609375 0.15966796875 0.099609375
4 0.46630859375 0.2265625 0.26806640625 0.09326171875
4 0.46484375 0.4287109375 0.26806640625 0.09619140625