5 0.26123046875 0.3720703125 0.03564453125 0.025390625
5 0.5517578125 0.37109375 0.029296875 0.02392578125
5 0.5537109375 0.4853515625 0.03076171875 0.01904296875
5 0.26123046875 0.48583984375 0.03125 0.02294921875
4 0.35498046875 0.42578125 0.21435546875 0.07470703125
4 0.3544921875 0.541015625 0.2119140625 0.072265625
4 0.64453125 0.42529296875 0.21337890625 0.07373046875
4 0.6455078125 0.5439453125 0.21337890625 0.072265625
4 0.64404296875 0.654296875 0.212890625 0.07470703125
5 0.56591796875 0.599609375 0.05712890625 0.021484375
5 0.26953125 0.60107421875 0.05224609375 0.0166015625
4 0.3544921875 0.65478515625 0.2158203125 0.0712890625
0 0.35498046875 0.7578125 0.21728515625 0.07373046875
0 0.64453125 0.8095703125 0.21484375 0.07861328125
3 0.54345703125 0.71044921875 0.0107421875 0.02783203125
5 0.64306640625 0.7216796875 0.181640625 0.046875