5 0.29931640625 0.50048828125 0.0595703125 0.02001953125
5 0.51953125 0.49951171875 0.05908203125 0.02001953125
5 0.505859375 0.60107421875 0.025390625 0.0185546875
5 0.3125 0.60205078125 0.08203125 0.02099609375
5 0.31298828125 0.71533203125 0.08154296875 0.0234375
5 0.322265625 0.7578125 0.0400390625 0.01318359375
5 0.43359375 0.755859375 0.03759765625 0.015625
5 0.54150390625 0.75537109375 0.03564453125 0.01318359375
6 0.50048828125 0.755859375 0.01416015625 0.0224609375
6 0.39306640625 0.7548828125 0.0146484375 0.0234375
6 0.2802734375 0.7568359375 0.01416015625 0.02099609375
4 0.38037109375 0.54345703125 0.2060546875 0.04150390625
4 0.380859375 0.64404296875 0.205078125 0.03564453125
4 0.60205078125 0.64453125 0.205078125 0.03662109375
4 0.60205078125 0.54248046875 0.205078125 0.03466796875
5 0.41552734375 0.25927734375 0.29150390625 0.04541015625
0 0.763671875 0.794921875 0.10888671875 0.04052734375
5 0.76220703125 0.0869140625 0.13623046875 0.03076171875
5 0.7578125 0.146484375 0.07177734375 0.0146484375
5 0.763671875 0.19384765625 0.0849609375 0.013671875
5 0.75 0.24169921875 0.05419921875 0.01318359375
5 0.7509765625 0.28857421875 0.05712890625 0.01611328125
5 0.74658203125 0.33447265625 0.04736328125 0.01220703125
5 0.7490234375 0.38427734375 0.0556640625 0.01318359375
5 0.7294921875 0.4306640625 0.01708984375 0.013671875
5 0.73193359375 0.4775390625 0.02099609375 0.01220703125
5 0.8916015625 0.47998046875 0.052734375 0.01318359375
5 0.880859375 0.4296875 0.03271484375 0.013671875
5 0.88623046875 0.3828125 0.0439453125 0.013671875
5 0.88916015625 0.3359375 0.048828125 0.013671875
5 0.89306640625 0.2880859375 0.05615234375 0.01220703125
5 0.8818359375 0.2412109375 0.03466796875 0.01220703125
5 0.88134765625 0.1953125 0.03271484375 0.01318359375
5 0.8935546875 0.1474609375 0.05810546875 0.01318359375
3 0.7060546875 0.14599609375 0.01220703125 0.01123046875
3 0.70751953125 0.1943359375 0.01025390625 0.01318359375
6 0.7080078125 0.24072265625 0.01123046875 0.0146484375
3 0.70751953125 0.28759765625 0.00927734375 0.0146484375
1 0.7080078125 0.33447265625 0.01025390625 0.01611328125
3 0.7080078125 0.38232421875 0.0087890625 0.01318359375
3 0.849609375 0.38232421875 0.01318359375 0.0146484375
3 0.84912109375 0.3349609375 0.01025390625 0.01220703125
3 0.84912109375 0.43115234375 0.00537109375 0.01953125
3 0.70751953125 0.42919921875 0.0107421875 0.015625
3 0.7080078125 0.4775390625 0.01123046875 0.01611328125
3 0.849609375 0.47802734375 0.0126953125 0.0146484375
3 0.849609375 0.287109375 0.0078125 0.01708984375
3 0.849609375 0.23974609375 0.0126953125 0.01318359375
3 0.849609375 0.1923828125 0.01171875 0.01708984375
3 0.84912109375 0.14697265625 0.0107421875 0.015625