5 0.13427734375 0.1708984375 0.146484375 0.02734375
5 0.10693359375 0.29736328125 0.08544921875 0.037109375
5 0.53955078125 0.30078125 0.06787109375 0.03173828125
5 0.1494140625 0.36328125 0.12548828125 0.0341796875
5 0.24951171875 0.552734375 0.34228515625 0.03173828125
5 0.361328125 0.7177734375 0.57275390625 0.02734375
4 0.50048828125 0.61962890625 0.8330078125 0.0654296875
4 0.49951171875 0.42822265625 0.83056640625 0.0634765625
4 0.27587890625 0.23779296875 0.37890625 0.06103515625
4 0.68994140625 0.23779296875 0.38037109375 0.064453125
4 0.28125 0.7822265625 0.3916015625 0.0654296875
3 0.5361328125 0.78466796875 0.08203125 0.072265625
0 0.25927734375 0.89599609375 0.36181640625 0.072265625