1 0.39697265625 0.48388671875 0.02734375 0.0419921875
0 0.3779296875 0.9521484375 0.11865234375 0.06005859375
0 0.81884765625 0.953125 0.11669921875 0.06298828125
1 0.8447265625 0.53857421875 0.025390625 0.041015625
1 0.8427734375 0.63916015625 0.02734375 0.04931640625
1 0.84521484375 0.734375 0.02392578125 0.0439453125
1 0.84375 0.830078125 0.02490234375 0.046875
3 0.3984375 0.35888671875 0.0205078125 0.0341796875
5 0.634765625 0.6357421875 0.091796875 0.033203125
5 0.6767578125 0.73193359375 0.171875 0.03515625
5 0.64990234375 0.82568359375 0.1181640625 0.02880859375