4 0.2314453125 0.763671875 0.20166015625 0.0849609375
4 0.6923828125 0.32080078125 0.615234375 0.0986328125
5 0.2060546875 0.3232421875 0.15576171875 0.05419921875
3 0.03662109375 0.19580078125 0.0322265625 0.0712890625
0 0.232421875 0.90283203125 0.2001953125 0.0712890625
3 0.03759765625 0.35009765625 0.03369140625 0.06103515625
3 0.0361328125 0.50830078125 0.03076171875 0.064453125
3 0.03759765625 0.6650390625 0.03369140625 0.064453125
3 0.03662109375 0.81298828125 0.029296875 0.07470703125
5 0.0361328125 0.26025390625 0.03955078125 0.04443359375
5 0.0380859375 0.40966796875 0.0439453125 0.04443359375
5 0.03759765625 0.564453125 0.05126953125 0.041015625
5 0.03662109375 0.72119140625 0.0615234375 0.0341796875
5 0.0361328125 0.87255859375 0.06005859375 0.04443359375
5 0.44189453125 0.78759765625 0.0810546875 0.04443359375
5 0.783203125 0.78759765625 0.1396484375 0.04443359375