1 0.52490234375 0.7939453125 0.0263671875 0.0390625
2 0.7412109375 0.67919921875 0.46484375 0.0771484375
1 0.5244140625 0.89208984375 0.025390625 0.0361328125
5 0.5986328125 0.7900390625 0.10546875 0.04296875
5 0.59814453125 0.892578125 0.1005859375 0.0390625
0 0.9150390625 0.2607421875 0.11328125 0.060546875
5 0.5712890625 0.05712890625 0.06640625 0.0380859375
5 0.74609375 0.05615234375 0.142578125 0.0419921875
5 0.93408203125 0.0546875 0.0732421875 0.0390625
3 0.52392578125 0.0556640625 0.0322265625 0.041015625
3 0.66259765625 0.0546875 0.0224609375 0.037109375
3 0.88134765625 0.05517578125 0.0322265625 0.0400390625
3 0.52685546875 0.43115234375 0.0400390625 0.0478515625
3 0.52880859375 0.50439453125 0.0244140625 0.0322265625
2 0.240234375 0.02734375 0.48046875 0.0546875