5 0.234375 0.158203125 0.31640625 0.0390625
5 0.30517578125 0.326171875 0.45263671875 0.080078125
5 0.30859375 0.50439453125 0.4716796875 0.04638671875
5 0.265625 0.66064453125 0.392578125 0.0390625
5 0.26123046875 0.71240234375 0.36376953125 0.04248046875
5 0.3212890625 0.92431640625 0.46533203125 0.05126953125
7 0.58056640625 0.65625 0.142578125 0.04443359375
7 0.66748046875 0.91552734375 0.1328125 0.041015625
4 0.49853515625 0.22998046875 0.81982421875 0.06591796875
4 0.49853515625 0.42431640625 0.81982421875 0.0673828125
4 0.5 0.57568359375 0.81640625 0.0712890625
4 0.50146484375 0.77783203125 0.81982421875 0.0673828125
4 0.49853515625 0.85546875 0.81982421875 0.06201171875