5 0.1806640625 0.1533203125 0.28466796875 0.0224609375
5 0.17333984375 0.27587890625 0.27392578125 0.02783203125
5 0.208984375 0.47216796875 0.3486328125 0.02880859375
5 0.1826171875 0.59130859375 0.29541015625 0.0263671875
4 0.50439453125 0.205078125 0.92529296875 0.06298828125
4 0.50634765625 0.32568359375 0.92529296875 0.0615234375
3 0.32958984375 0.39794921875 0.1220703125 0.03515625
3 0.47705078125 0.39892578125 0.1220703125 0.0341796875
3 0.626953125 0.39794921875 0.12939453125 0.0361328125
4 0.18505859375 0.52197265625 0.2900390625 0.0693359375
4 0.19091796875 0.6435546875 0.2939453125 0.0654296875
1 0.07373046875 0.8427734375 0.0673828125 0.02734375
0 0.50927734375 0.94189453125 0.9306640625 0.07275390625