1 0.15234375 0.12548828125 0.03125 0.0732421875
1 0.15283203125 0.291015625 0.0380859375 0.068359375
1 0.8701171875 0.13232421875 0.04296875 0.0947265625
1 0.15283203125 0.45263671875 0.0322265625 0.0693359375
1 0.1533203125 0.619140625 0.03515625 0.068359375
1 0.15185546875 0.779296875 0.0400390625 0.072265625
1 0.15234375 0.9375 0.033203125 0.0546875
4 0.49853515625 0.13916015625 0.5517578125 0.1396484375
4 0.49462890625 0.30126953125 0.5517578125 0.1435546875
4 0.49462890625 0.4638671875 0.5517578125 0.13671875
4 0.49267578125 0.6259765625 0.5517578125 0.146484375
4 0.49462890625 0.78857421875 0.5517578125 0.1396484375
4 0.49658203125 0.92138671875 0.5478515625 0.0869140625
1 0.93359375 0.298828125 0.05078125 0.099609375
1 0.931640625 0.45654296875 0.046875 0.0869140625
1 0.93359375 0.6171875 0.05078125 0.08984375
1 0.931640625 0.78271484375 0.048828125 0.0791015625
1 0.93212890625 0.93212890625 0.0419921875 0.0654296875