4 0.55712890625 0.3818359375 0.5205078125 0.123046875
4 0.5576171875 0.5087890625 0.521484375 0.1171875
4 0.55908203125 0.63623046875 0.5166015625 0.1162109375
3 0.88916015625 0.376953125 0.0693359375 0.07421875
3 0.892578125 0.49658203125 0.060546875 0.0693359375
3 0.890625 0.63037109375 0.06640625 0.0712890625
0 0.53369140625 0.91943359375 0.2998046875 0.1083984375
5 0.84375 0.90966796875 0.134765625 0.0537109375
5 0.26123046875 0.76318359375 0.2822265625 0.0576171875
3 0.06298828125 0.37548828125 0.0517578125 0.0751953125
3 0.0673828125 0.5068359375 0.060546875 0.076171875
3 0.0615234375 0.62548828125 0.048828125 0.0654296875
4 0.4697265625 0.20849609375 0.689453125 0.1279296875