1 0.32470703125 0.111328125 0.0458984375 0.0703125
6 0.32568359375 0.45263671875 0.0478515625 0.0947265625
6 0.328125 0.55859375 0.056640625 0.0859375
4 0.67236328125 0.77392578125 0.6240234375 0.1162109375
4 0.67431640625 0.9140625 0.6201171875 0.10546875
5 0.1845703125 0.77197265625 0.32421875 0.0712890625
5 0.1796875 0.91455078125 0.333984375 0.0830078125
5 0.677734375 0.4921875 0.6171875 0.37890625
5 0.6728515625 0.125 0.580078125 0.220703125
5 0.205078125 0.115234375 0.146484375 0.06640625
5 0.2529296875 0.45166015625 0.06640625 0.0654296875
5 0.26171875 0.5517578125 0.0546875 0.072265625