7 0.91015625 0.24267578125 0.1015625 0.0341796875
7 0.91162109375 0.3154296875 0.0986328125 0.033203125
0 0.5126953125 0.45068359375 0.861328125 0.0517578125
0 0.890625 0.10791015625 0.181640625 0.0478515625
3 0.06689453125 0.2373046875 0.0556640625 0.033203125
3 0.0791015625 0.31640625 0.052734375 0.04296875
3 0.0634765625 0.0361328125 0.0390625 0.029296875
3 0.82958984375 0.0400390625 0.0576171875 0.0390625
3 0.94140625 0.03759765625 0.021484375 0.0380859375
3 0.46630859375 0.17822265625 0.0615234375 0.0380859375
3 0.16162109375 0.0390625 0.0380859375 0.02734375