5 0.3095703125 0.22119140625 0.1982421875 0.021484375
5 0.2919921875 0.28955078125 0.0380859375 0.021484375
5 0.3544921875 0.2919921875 0.04931640625 0.02587890625
5 0.2412109375 0.36962890625 0.0654296875 0.02294921875
5 0.2314453125 0.45263671875 0.04150390625 0.021484375
5 0.5947265625 0.369140625 0.09130859375 0.02734375
5 0.7412109375 0.2958984375 0.09765625 0.03662109375
4 0.28466796875 0.40771484375 0.15087890625 0.04443359375
4 0.4423828125 0.4091796875 0.1513671875 0.04443359375
4 0.6201171875 0.40869140625 0.0908203125 0.03955078125
4 0.740234375 0.40771484375 0.09912109375 0.0380859375
5 0.24609375 0.486328125 0.03759765625 0.02734375
5 0.2978515625 0.48779296875 0.0283203125 0.03369140625
5 0.3505859375 0.48779296875 0.03515625 0.0302734375
6 0.21826171875 0.486328125 0.0146484375 0.0302734375
6 0.27490234375 0.48876953125 0.01416015625 0.0322265625
6 0.32275390625 0.486328125 0.015625 0.03369140625
0 0.67529296875 0.5556640625 0.0478515625 0.02880859375
0 0.7470703125 0.5546875 0.0869140625 0.0302734375
3 0.7626953125 0.6591796875 0.015625 0.0322265625
3 0.78076171875 0.65869140625 0.0166015625 0.03369140625
3 0.78125 0.71435546875 0.01416015625 0.02880859375
3 0.78173828125 0.771484375 0.0146484375 0.0302734375
3 0.7802734375 0.82763671875 0.0146484375 0.0302734375
3 0.78076171875 0.8828125 0.0166015625 0.0302734375
3 0.7802734375 0.93603515625 0.01416015625 0.03369140625
3 0.76220703125 0.71337890625 0.01953125 0.03369140625
3 0.76123046875 0.7705078125 0.01806640625 0.03515625
3 0.7626953125 0.826171875 0.015625 0.03369140625
3 0.7626953125 0.8828125 0.01708984375 0.0302734375
3 0.76123046875 0.93505859375 0.01953125 0.03515625