7 0.2021484375 0.16650390625 0.126953125 0.1142578125
7 0.39990234375 0.337890625 0.1279296875 0.107421875
7 0.40087890625 0.54052734375 0.1298828125 0.1123046875
7 0.2021484375 0.541015625 0.125 0.111328125
7 0.203125 0.71435546875 0.126953125 0.1181640625
7 0.40234375 0.71240234375 0.125 0.1162109375
7 0.60205078125 0.71484375 0.1220703125 0.111328125
7 0.60107421875 0.5400390625 0.1259765625 0.109375
7 0.599609375 0.33984375 0.125 0.109375
7 0.5986328125 0.16748046875 0.12890625 0.1142578125
7 0.798828125 0.16650390625 0.126953125 0.1142578125
7 0.796875 0.33935546875 0.125 0.1103515625
7 0.79931640625 0.541015625 0.1279296875 0.109375
7 0.80078125 0.7119140625 0.125 0.115234375
7 0.400390625 0.16455078125 0.125 0.1123046875
7 0.2021484375 0.3388671875 0.125 0.109375