4 0.23583984375 0.3818359375 0.46923828125 0.0830078125
4 0.23583984375 0.64990234375 0.466796875 0.32568359375
0 0.71923828125 0.107421875 0.34814453125 0.08740234375
1 0.55810546875 0.24169921875 0.0224609375 0.04052734375
1 0.55810546875 0.3076171875 0.025390625 0.04052734375
1 0.556640625 0.37109375 0.02783203125 0.0361328125
1 0.55712890625 0.4296875 0.02392578125 0.04248046875
1 0.55859375 0.49365234375 0.02392578125 0.0380859375
4 0.86376953125 0.6650390625 0.14404296875 0.0830078125
3 0.97314453125 0.66259765625 0.05078125 0.07470703125
2 0.64208984375 0.6640625 0.18017578125 0.0810546875
6 0.83251953125 0.24267578125 0.02783203125 0.046875
6 0.83251953125 0.31494140625 0.03076171875 0.046875
6 0.83251953125 0.38818359375 0.02783203125 0.044921875
6 0.83349609375 0.4658203125 0.0322265625 0.0595703125
7 0.962890625 0.07470703125 0.05322265625 0.0380859375
7 0.96337890625 0.13427734375 0.0517578125 0.04248046875
5 0.8837890625 0.248046875 0.0693359375 0.04052734375
5 0.88720703125 0.31591796875 0.0732421875 0.044921875
5 0.890625 0.3916015625 0.07470703125 0.0341796875
5 0.92529296875 0.47021484375 0.1494140625 0.04248046875
5 0.65380859375 0.501953125 0.15087890625 0.0380859375
5 0.6181640625 0.43701171875 0.08154296875 0.03173828125
5 0.63720703125 0.37548828125 0.12255859375 0.04052734375
5 0.6171875 0.3076171875 0.080078125 0.04052734375
5 0.6298828125 0.248046875 0.11328125 0.04052734375
0 0.6240234375 0.86572265625 0.146484375 0.0810546875
0 0.7734375 0.8681640625 0.1494140625 0.0810546875
0 0.92529296875 0.86474609375 0.1494140625 0.07861328125