0 0.4912109375 0.87548828125 0.80615234375 0.0751953125
5 0.19970703125 0.0537109375 0.31103515625 0.0302734375
5 0.13134765625 0.14794921875 0.0908203125 0.0244140625
5 0.24365234375 0.14599609375 0.0712890625 0.0244140625
5 0.375 0.14697265625 0.13720703125 0.0224609375
5 0.50146484375 0.14599609375 0.05615234375 0.0244140625
5 0.12890625 0.208984375 0.0908203125 0.0244140625
5 0.63623046875 0.14697265625 0.1396484375 0.0263671875
5 0.783203125 0.14697265625 0.0712890625 0.0224609375
5 0.16796875 0.30810546875 0.0859375 0.0244140625
5 0.3173828125 0.40576171875 0.39453125 0.0283203125
2 0.486328125 0.46240234375 0.73291015625 0.06494140625
2 0.48876953125 0.59716796875 0.73291015625 0.06298828125
4 0.490234375 0.736328125 0.7353515625 0.06494140625
5 0.2109375 0.6796875 0.17626953125 0.0244140625
5 0.29296875 0.54345703125 0.345703125 0.0244140625