4 0.13427734375 0.22119140625 0.2158203125 0.0341796875
4 0.05517578125 0.3408203125 0.0595703125 0.04296875
4 0.140625 0.33740234375 0.05712890625 0.0361328125
4 0.21630859375 0.34033203125 0.0517578125 0.03955078125
4 0.13330078125 0.41845703125 0.216796875 0.0458984375
4 0.134765625 0.74267578125 0.21435546875 0.0791015625
4 0.1337890625 0.845703125 0.21240234375 0.03515625
4 0.0791015625 0.9228515625 0.10693359375 0.04296875
4 0.1884765625 0.92138671875 0.10400390625 0.03955078125
4 0.6259765625 0.1474609375 0.68408203125 0.046875
4 0.62548828125 0.4228515625 0.6826171875 0.044921875
4 0.62353515625 0.52197265625 0.68115234375 0.0478515625
4 0.62548828125 0.6298828125 0.68603515625 0.0439453125
4 0.62451171875 0.73193359375 0.681640625 0.046875
2 0.89697265625 0.0302734375 0.0517578125 0.03759765625
0 0.94677734375 0.03369140625 0.04052734375 0.03759765625
5 0.322265625 0.23779296875 0.05517578125 0.0205078125
5 0.32373046875 0.2607421875 0.056640625 0.0234375
5 0.30322265625 0.2119140625 0.04443359375 0.01806640625
6 0.28759765625 0.236328125 0.01123046875 0.021484375
6 0.28662109375 0.26171875 0.01220703125 0.021484375
5 0.29541015625 0.38427734375 0.03271484375 0.0205078125
5 0.291015625 0.48681640625 0.01904296875 0.01611328125
5 0.30224609375 0.5908203125 0.03857421875 0.01513671875
5 0.29736328125 0.697265625 0.029296875 0.0224609375
5 0.05322265625 0.6884765625 0.0576171875 0.01611328125
5 0.0537109375 0.61376953125 0.05517578125 0.01611328125
4 0.13330078125 0.64599609375 0.2177734375 0.04150390625
5 0.0595703125 0.8125 0.068359375 0.01611328125
5 0.0517578125 0.89111328125 0.0517578125 0.01904296875
5 0.15478515625 0.89111328125 0.04052734375 0.01904296875
5 0.1591796875 0.96826171875 0.04931640625 0.0244140625
0 0.302734375 0.90380859375 0.0400390625 0.0341796875
0 0.298828125 0.80322265625 0.03173828125 0.0341796875
0 0.33642578125 0.8056640625 0.0390625 0.0361328125
5 0.0576171875 0.38525390625 0.06201171875 0.01806640625
5 0.05029296875 0.3076171875 0.05126953125 0.01708984375
5 0.19775390625 0.30712890625 0.0166015625 0.013671875
5 0.15380859375 0.2685546875 0.033203125 0.01806640625
5 0.10400390625 0.26904296875 0.025390625 0.01904296875
5 0.05517578125 0.2685546875 0.0302734375 0.01806640625
5 0.0439453125 0.189453125 0.037109375 0.01806640625
1 0.03271484375 0.26806640625 0.009765625 0.01904296875
1 0.0830078125 0.267578125 0.00927734375 0.01611328125
1 0.1279296875 0.26708984375 0.00830078125 0.021484375
5 0.05859375 0.1435546875 0.06494140625 0.0244140625
5 0.30126953125 0.1064453125 0.04345703125 0.0205078125
5 0.0517578125 0.48291015625 0.05517578125 0.0322265625
5 0.0439453125 0.96484375 0.03857421875 0.0234375
3 0.92724609375 0.59228515625 0.0126953125 0.0244140625
3 0.9453125 0.59130859375 0.01123046875 0.0224609375
3 0.96142578125 0.591796875 0.0087890625 0.0234375
3 0.96044921875 0.69482421875 0.01123046875 0.0224609375
3 0.9453125 0.6962890625 0.01025390625 0.0205078125
3 0.9267578125 0.69482421875 0.01416015625 0.0224609375