5 0.11328125 0.1904296875 0.185546875 0.0625
0 0.15771484375 0.3203125 0.25830078125 0.1142578125
0 0.44091796875 0.32080078125 0.259765625 0.10986328125
0 0.158203125 0.47314453125 0.2607421875 0.1083984375
0 0.44189453125 0.474609375 0.25634765625 0.111328125
0 0.1572265625 0.626953125 0.2587890625 0.10986328125
0 0.4423828125 0.6240234375 0.2587890625 0.11279296875
0 0.1572265625 0.779296875 0.25732421875 0.1083984375
0 0.44091796875 0.779296875 0.25830078125 0.111328125
0 0.15625 0.92919921875 0.25732421875 0.111328125
0 0.4404296875 0.9306640625 0.2587890625 0.1083984375
5 0.76416015625 0.05712890625 0.19189453125 0.048828125
5 0.76904296875 0.14794921875 0.10400390625 0.05517578125
5 0.7841796875 0.21337890625 0.1328125 0.0458984375
5 0.77294921875 0.28173828125 0.11181640625 0.0458984375
1 0.6884765625 0.14697265625 0.02783203125 0.05029296875
1 0.689453125 0.20751953125 0.02978515625 0.048828125
1 0.68798828125 0.2763671875 0.02880859375 0.04736328125
5 0.7001953125 0.43896484375 0.0634765625 0.05810546875
5 0.7060546875 0.52734375 0.064453125 0.04736328125
5 0.80078125 0.6748046875 0.25341796875 0.04150390625
0 0.15576171875 0.06298828125 0.3095703125 0.1259765625
0 0.45751953125 0.0654296875 0.29296875 0.125