4 0.5068359375 0.0498046875 0.2822265625 0.05419921875
4 0.80419921875 0.0498046875 0.2822265625 0.04541015625
4 0.43310546875 0.31884765625 0.12939453125 0.04541015625
4 0.74755859375 0.3203125 0.3955078125 0.04541015625
4 0.6533203125 0.466796875 0.57568359375 0.04833984375
4 0.65283203125 0.59765625 0.5771484375 0.0439453125
4 0.6533203125 0.7060546875 0.57275390625 0.046875
4 0.5068359375 0.8095703125 0.2822265625 0.04541015625
4 0.80078125 0.80810546875 0.2783203125 0.04248046875
4 0.50634765625 0.9130859375 0.28125 0.0498046875
2 0.43701171875 0.189453125 0.1376953125 0.041015625
2 0.54931640625 0.189453125 0.06689453125 0.0439453125
2 0.63427734375 0.189453125 0.08740234375 0.03759765625
5 0.099609375 0.04736328125 0.0927734375 0.0439453125
5 0.10986328125 0.19482421875 0.11572265625 0.04833984375
5 0.13525390625 0.3173828125 0.1748046875 0.0576171875
5 0.13232421875 0.46533203125 0.1748046875 0.0576171875
5 0.10986328125 0.59228515625 0.12158203125 0.05419921875
5 0.396484375 0.2294921875 0.05322265625 0.02734375
5 0.53271484375 0.22802734375 0.044921875 0.02392578125
5 0.60986328125 0.22900390625 0.0380859375 0.02587890625
5 0.4052734375 0.09228515625 0.08984375 0.0302734375
5 0.69970703125 0.09423828125 0.0791015625 0.02880859375
5 0.40869140625 0.36474609375 0.0751953125 0.03173828125
5 0.59765625 0.36328125 0.1064453125 0.02880859375
5 0.41455078125 0.64404296875 0.1171875 0.03759765625
5 0.43798828125 0.75 0.15576171875 0.0224609375
5 0.38671875 0.85595703125 0.05029296875 0.03173828125
5 0.72119140625 0.85400390625 0.11572265625 0.02880859375
5 0.4248046875 0.962890625 0.13232421875 0.02880859375