6 0.09716796875 0.5009765625 0.0751953125 0.044921875
6 0.09619140625 0.587890625 0.0791015625 0.04296875
6 0.0966796875 0.6748046875 0.07421875 0.04296875
6 0.09765625 0.87841796875 0.0703125 0.0439453125
6 0.09716796875 0.96240234375 0.0732421875 0.0439453125
3 0.12841796875 0.13427734375 0.0986328125 0.0517578125
3 0.37451171875 0.13037109375 0.0771484375 0.0419921875
3 0.62841796875 0.13330078125 0.0947265625 0.0517578125
5 0.28955078125 0.49853515625 0.2646484375 0.0341796875
5 0.2314453125 0.58544921875 0.14453125 0.0400390625
5 0.26123046875 0.67431640625 0.2177734375 0.0341796875
5 0.89990234375 0.58740234375 0.0830078125 0.0263671875
5 0.9013671875 0.67236328125 0.08203125 0.0341796875
5 0.88818359375 0.49658203125 0.1005859375 0.0380859375
5 0.51123046875 0.8759765625 0.7021484375 0.052734375
5 0.48095703125 0.9609375 0.6337890625 0.060546875
5 0.23291015625 0.41064453125 0.3564453125 0.0419921875
5 0.1376953125 0.78076171875 0.15625 0.0458984375