2 0.19091796875 0.22802734375 0.3173828125 0.1435546875
2 0.50927734375 0.228515625 0.3134765625 0.146484375
2 0.8232421875 0.228515625 0.302734375 0.140625
2 0.18994140625 0.45751953125 0.3134765625 0.1591796875
2 0.50927734375 0.45849609375 0.3134765625 0.1552734375
2 0.8271484375 0.45703125 0.3046875 0.146484375
2 0.193359375 0.685546875 0.30859375 0.14453125
2 0.50732421875 0.6865234375 0.3076171875 0.14453125
2 0.82421875 0.68701171875 0.314453125 0.1455078125
2 0.189453125 0.9130859375 0.31640625 0.150390625
2 0.50927734375 0.91552734375 0.3056640625 0.1435546875
2 0.8271484375 0.9140625 0.306640625 0.15234375