0 0.30419921875 0.19384765625 0.0439453125 0.03125
0 0.57958984375 0.19580078125 0.04296875 0.03564453125
2 0.77197265625 0.2509765625 0.22998046875 0.04296875
2 0.4921875 0.24951171875 0.23388671875 0.044921875
5 0.42529296875 0.30517578125 0.06884765625 0.015625
5 0.69970703125 0.30322265625 0.0615234375 0.0146484375
5 0.1376953125 0.30517578125 0.06689453125 0.017578125
5 0.490234375 0.55517578125 0.1025390625 0.046875
5 0.490234375 0.63037109375 0.09619140625 0.04296875
5 0.494140625 0.70556640625 0.10009765625 0.048828125
5 0.7958984375 0.66162109375 0.0908203125 0.04296875
5 0.79345703125 0.5625 0.0908203125 0.05126953125
4 0.22119140625 0.33544921875 0.23291015625 0.044921875
4 0.4951171875 0.3310546875 0.21923828125 0.03857421875
4 0.76708984375 0.3369140625 0.2255859375 0.0439453125
4 0.7666015625 0.1982421875 0.22900390625 0.05224609375
4 0.224609375 0.24951171875 0.236328125 0.04052734375
4 0.22265625 0.19677734375 0.22998046875 0.04052734375
4 0.4951171875 0.19384765625 0.23193359375 0.0458984375
3 0.13671875 0.19140625 0.03125 0.02197265625
3 0.40966796875 0.1904296875 0.02734375 0.0302734375