5 0.33935546875 0.09033203125 0.06396484375 0.03857421875
5 0.35302734375 0.14208984375 0.10107421875 0.0458984375
5 0.3671875 0.384765625 0.1259765625 0.0439453125
5 0.34716796875 0.65185546875 0.072265625 0.03662109375
5 0.35107421875 0.78515625 0.08056640625 0.03076171875
5 0.369140625 0.896484375 0.12255859375 0.03857421875
0 0.35791015625 0.9501953125 0.107421875 0.0458984375
4 0.5771484375 0.09765625 0.29052734375 0.0498046875
4 0.5771484375 0.63818359375 0.28759765625 0.0517578125
2 0.541015625 0.14306640625 0.21826171875 0.04052734375
2 0.49072265625 0.8984375 0.1142578125 0.03857421875
3 0.126953125 0.03564453125 0.03515625 0.0439453125
3 0.03173828125 0.03564453125 0.0302734375 0.03271484375
3 0.07666015625 0.03466796875 0.03857421875 0.03857421875
3 0.1796875 0.03662109375 0.03369140625 0.03857421875