4 0.32763671875 0.2568359375 0.36572265625 0.0654296875
4 0.72021484375 0.2548828125 0.36572265625 0.060546875
4 0.72216796875 0.6083984375 0.3701171875 0.06689453125
4 0.3251953125 0.607421875 0.3671875 0.0654296875
4 0.32666015625 0.9501953125 0.3671875 0.0625
5 0.29833984375 0.12939453125 0.34716796875 0.0498046875
5 0.345703125 0.48193359375 0.45068359375 0.0576171875
5 0.2978515625 0.83935546875 0.34033203125 0.052734375
5 0.21240234375 0.66748046875 0.15869140625 0.03271484375
5 0.62353515625 0.66455078125 0.18701171875 0.03564453125
5 0.5712890625 0.3154296875 0.07373046875 0.0419921875
5 0.173828125 0.31298828125 0.0751953125 0.03759765625