6 0.03662109375 0.7275390625 0.0458984375 0.056640625
6 0.0380859375 0.83251953125 0.041015625 0.0576171875
6 0.03662109375 0.93505859375 0.0439453125 0.0537109375
1 0.03662109375 0.16650390625 0.0478515625 0.0556640625
1 0.03564453125 0.26708984375 0.0458984375 0.0576171875
1 0.03466796875 0.3720703125 0.0439453125 0.060546875
1 0.03515625 0.470703125 0.04296875 0.05859375
5 0.15625 0.1611328125 0.16015625 0.060546875
5 0.13427734375 0.26611328125 0.1220703125 0.0634765625
5 0.13134765625 0.365234375 0.1064453125 0.0625
5 0.18505859375 0.4677734375 0.2080078125 0.068359375
5 0.4404296875 0.63427734375 0.837890625 0.0732421875
5 0.3955078125 0.0634765625 0.759765625 0.0859375
5 0.25927734375 0.73779296875 0.3740234375 0.0693359375
5 0.26708984375 0.83349609375 0.3818359375 0.0732421875
5 0.28369140625 0.93701171875 0.4033203125 0.0673828125