1 0.08251953125 0.6494140625 0.0283203125 0.029296875
1 0.1142578125 0.697265625 0.02734375 0.033203125
1 0.115234375 0.74853515625 0.02734375 0.0380859375
1 0.08154296875 0.79833984375 0.0283203125 0.0361328125
1 0.11376953125 0.8447265625 0.0263671875 0.037109375
1 0.11474609375 0.892578125 0.0283203125 0.03515625
5 0.158203125 0.6513671875 0.115234375 0.03515625
5 0.18603515625 0.69580078125 0.1083984375 0.0341796875
5 0.1650390625 0.74755859375 0.060546875 0.0244140625
5 0.13232421875 0.79541015625 0.0595703125 0.0302734375
5 0.16455078125 0.84521484375 0.0576171875 0.0283203125
5 0.17333984375 0.89208984375 0.0751953125 0.0283203125