6 0.03125 0.02880859375 0.03125 0.0361328125
6 0.033203125 0.095703125 0.02734375 0.0390625
6 0.03271484375 0.1640625 0.0341796875 0.041015625
6 0.03173828125 0.23486328125 0.0283203125 0.0361328125
1 0.51171875 0.0205078125 0.02734375 0.029296875
1 0.51025390625 0.083984375 0.0263671875 0.03515625
1 0.51171875 0.1494140625 0.02734375 0.033203125
1 0.51220703125 0.21533203125 0.0263671875 0.0322265625
5 0.11083984375 0.02685546875 0.1083984375 0.0439453125
5 0.11083984375 0.09814453125 0.1123046875 0.0380859375
5 0.107421875 0.1650390625 0.107421875 0.0390625
5 0.1103515625 0.2314453125 0.11328125 0.04296875
5 0.5703125 0.02392578125 0.078125 0.0400390625
5 0.56787109375 0.0849609375 0.0830078125 0.037109375
5 0.56689453125 0.1494140625 0.0751953125 0.0390625
5 0.568359375 0.21435546875 0.08203125 0.0361328125
0 0.56787109375 0.29833984375 0.1357421875 0.0771484375
0 0.08837890625 0.31640625 0.1396484375 0.076171875