5 0.61669921875 0.3232421875 0.05322265625 0.02734375
5 0.615234375 0.47119140625 0.0478515625 0.02734375
5 0.78271484375 0.5888671875 0.08056640625 0.02734375
0 0.70849609375 0.69873046875 0.2236328125 0.0439453125
4 0.70703125 0.52197265625 0.2314453125 0.0576171875
4 0.71044921875 0.376953125 0.23583984375 0.05224609375
3 0.646484375 0.7998046875 0.01513671875 0.03857421875
3 0.67578125 0.80126953125 0.01611328125 0.03564453125
3 0.70849609375 0.80126953125 0.01611328125 0.0302734375
3 0.73779296875 0.798828125 0.01220703125 0.03564453125
3 0.76904296875 0.80126953125 0.017578125 0.041015625
3 0.80322265625 0.8056640625 0.017578125 0.02734375