7 0.31884765625 0.85302734375 0.0810546875 0.0478515625
2 0.5859375 0.25439453125 0.794921875 0.0869140625
3 0.578125 0.39794921875 0.091796875 0.0830078125
3 0.09814453125 0.6494140625 0.0771484375 0.080078125
3 0.09521484375 0.10693359375 0.0751953125 0.0966796875
3 0.3173828125 0.3935546875 0.078125 0.076171875
3 0.84912109375 0.396484375 0.0751953125 0.068359375
3 0.32177734375 0.625 0.0673828125 0.05859375
3 0.57958984375 0.6259765625 0.0634765625 0.0703125
3 0.8427734375 0.63037109375 0.07421875 0.0693359375
3 0.09375 0.3857421875 0.080078125 0.068359375
3 0.24267578125 0.15380859375 0.0595703125 0.0576171875