4 0.5126953125 0.35546875 0.19384765625 0.06884765625
5 0.4423828125 0.302734375 0.05126953125 0.0234375
5 0.529296875 0.185546875 0.12548828125 0.03564453125
5 0.43212890625 0.44775390625 0.033203125 0.02001953125
5 0.44189453125 0.58984375 0.052734375 0.02685546875
5 0.65234375 0.4453125 0.0625 0.02001953125
5 0.65771484375 0.302734375 0.07421875 0.01904296875
4 0.7158203125 0.35546875 0.19189453125 0.06884765625
4 0.7158203125 0.49951171875 0.193359375 0.06787109375
4 0.61376953125 0.66357421875 0.396484375 0.1064453125
4 0.51318359375 0.4990234375 0.19384765625 0.0712890625
4 0.455078125 0.80126953125 0.07763671875 0.0556640625
3 0.24560546875 0.353515625 0.0126953125 0.0244140625
3 0.2626953125 0.35400390625 0.01171875 0.0234375
3 0.244140625 0.41064453125 0.01318359375 0.02783203125
3 0.26171875 0.41064453125 0.013671875 0.025390625
3 0.24609375 0.470703125 0.013671875 0.02783203125
3 0.26171875 0.46875 0.01123046875 0.0224609375
3 0.24462890625 0.52685546875 0.01171875 0.0244140625
3 0.2626953125 0.52783203125 0.01123046875 0.0224609375
3 0.2626953125 0.58447265625 0.009765625 0.0244140625
3 0.24462890625 0.58447265625 0.0107421875 0.0244140625