0 0.46630859375 0.02587890625 0.056640625 0.05126953125
5 0.5283203125 0.0263671875 0.052734375 0.03564453125
0 0.39208984375 0.080078125 0.029296875 0.05712890625
5 0.42529296875 0.0947265625 0.02783203125 0.015625
5 0.46630859375 0.09423828125 0.03125 0.0166015625
5 0.51220703125 0.095703125 0.03955078125 0.01904296875
5 0.5625 0.0947265625 0.0361328125 0.01318359375
5 0.6064453125 0.09423828125 0.0234375 0.0166015625
3 0.4248046875 0.07080078125 0.01953125 0.0322265625
3 0.46484375 0.07177734375 0.0166015625 0.02880859375
3 0.51220703125 0.07275390625 0.01220703125 0.0263671875
3 0.56201171875 0.07177734375 0.02001953125 0.02880859375
3 0.60498046875 0.07080078125 0.0205078125 0.02978515625
3 0.88134765625 0.0810546875 0.02392578125 0.0380859375
3 0.91064453125 0.08056640625 0.021484375 0.037109375
0 0.95947265625 0.07958984375 0.0595703125 0.0419921875
5 0.49560546875 0.171875 0.1484375 0.02392578125
5 0.3017578125 0.2578125 0.0634765625 0.0263671875
5 0.29296875 0.4365234375 0.0498046875 0.033203125
5 0.3154296875 0.6181640625 0.09521484375 0.033203125
4 0.38427734375 0.3359375 0.2314453125 0.05859375
4 0.6162109375 0.33642578125 0.23046875 0.06689453125
4 0.50048828125 0.51806640625 0.4599609375 0.0546875
4 0.50048828125 0.6982421875 0.4580078125 0.05712890625
4 0.50048828125 0.7958984375 0.46044921875 0.06201171875
3 0.50048828125 0.90966796875 0.0341796875 0.0654296875