5 0.07568359375 0.17431640625 0.07177734375 0.05419921875
5 0.0556640625 0.2958984375 0.03515625 0.02880859375
5 0.0576171875 0.40380859375 0.0390625 0.02978515625
5 0.06298828125 0.52001953125 0.05322265625 0.02880859375
5 0.07958984375 0.62451171875 0.08837890625 0.02587890625
5 0.52490234375 0.2919921875 0.0361328125 0.02734375
5 0.52734375 0.40625 0.03369140625 0.03271484375
5 0.52587890625 0.515625 0.0380859375 0.02880859375
5 0.53271484375 0.62158203125 0.0419921875 0.03125
5 0.7314453125 0.73095703125 0.1201171875 0.0244140625
5 0.40771484375 0.72705078125 0.1015625 0.02880859375
5 0.07470703125 0.72705078125 0.06982421875 0.02880859375
5 0.0703125 0.83935546875 0.0625 0.021484375
2 0.49462890625 0.23583984375 0.91259765625 0.05419921875
2 0.26220703125 0.33837890625 0.431640625 0.05419921875
2 0.26025390625 0.5634765625 0.43359375 0.0556640625
2 0.26220703125 0.6728515625 0.43359375 0.05419921875
2 0.4970703125 0.88720703125 0.9052734375 0.05419921875
2 0.73095703125 0.67138671875 0.43359375 0.04833984375
4 0.72119140625 0.5615234375 0.4140625 0.06298828125
4 0.177734375 0.77783203125 0.26806640625 0.0615234375
4 0.49658203125 0.7763671875 0.26953125 0.064453125
4 0.8125 0.779296875 0.26904296875 0.064453125
4 0.2607421875 0.45166015625 0.4345703125 0.06005859375
4 0.7294921875 0.45068359375 0.435546875 0.05859375
4 0.720703125 0.34423828125 0.4111328125 0.06005859375
3 0.9384765625 0.33984375 0.0185546875 0.04296875
3 0.943359375 0.56298828125 0.0224609375 0.0400390625