0 0.1572265625 0.52685546875 0.17919921875 0.0751953125
0 0.361328125 0.525390625 0.22119140625 0.072265625
0 0.59130859375 0.5244140625 0.22265625 0.07080078125
7 0.359375 0.90380859375 0.03271484375 0.02099609375
5 0.27587890625 0.78125 0.0341796875 0.0224609375
5 0.27734375 0.822265625 0.0361328125 0.0185546875
5 0.28759765625 0.86474609375 0.056640625 0.02099609375
5 0.27392578125 0.9052734375 0.0341796875 0.01904296875
0 0.10888671875 0.75341796875 0.0517578125 0.0283203125
0 0.177734375 0.7529296875 0.06689453125 0.03564453125
0 0.201171875 0.794921875 0.0712890625 0.033203125
0 0.11962890625 0.7939453125 0.07666015625 0.0341796875
0 0.11279296875 0.8310546875 0.068359375 0.03076171875
0 0.10791015625 0.916015625 0.0537109375 0.03173828125
0 0.16455078125 0.916015625 0.04638671875 0.03564453125
0 0.23291015625 0.958984375 0.06640625 0.033203125
0 0.162109375 0.95458984375 0.06396484375 0.0341796875
0 0.10302734375 0.95849609375 0.04833984375 0.03173828125