5 0.06640625 0.02197265625 0.107421875 0.0302734375
5 0.080078125 0.11328125 0.10302734375 0.02685546875
2 0.49951171875 0.19287109375 0.90478515625 0.03369140625
5 0.90869140625 0.1572265625 0.08203125 0.0185546875
5 0.06787109375 0.36181640625 0.10498046875 0.02783203125
5 0.0654296875 0.4189453125 0.1015625 0.02099609375
5 0.27099609375 0.4169921875 0.10888671875 0.0234375
5 0.119140625 0.5048828125 0.18115234375 0.01513671875
5 0.07763671875 0.5654296875 0.1015625 0.02685546875
5 0.087890625 0.7109375 0.14599609375 0.04052734375
5 0.08447265625 0.7958984375 0.08203125 0.02197265625
5 0.12841796875 0.84130859375 0.173828125 0.02197265625
5 0.15087890625 0.888671875 0.21875 0.029296875
0 0.0576171875 0.96484375 0.08642578125 0.02783203125
3 0.97607421875 0.79736328125 0.015625 0.02783203125
3 0.97705078125 0.84130859375 0.015625 0.0244140625
3 0.9755859375 0.8916015625 0.01806640625 0.0234375
2 0.1025390625 0.45458984375 0.1748046875 0.03857421875
2 0.30419921875 0.45458984375 0.1767578125 0.04052734375
1 0.0205078125 0.50341796875 0.0146484375 0.0244140625
3 0.9638671875 0.56689453125 0.0107421875 0.02099609375