0 0.25830078125 0.294921875 0.11669921875 0.05224609375
0 0.3251953125 0.62451171875 0.306640625 0.05322265625
0 0.8056640625 0.2958984375 0.13330078125 0.056640625
0 0.740234375 0.763671875 0.328125 0.05908203125
1 0.5869140625 0.69775390625 0.02392578125 0.02685546875
4 0.3251953125 0.4580078125 0.306640625 0.05322265625
4 0.32421875 0.384765625 0.306640625 0.05224609375
4 0.73974609375 0.39111328125 0.3291015625 0.0576171875
4 0.740234375 0.470703125 0.3291015625 0.05224609375
4 0.740234375 0.552734375 0.328125 0.056640625
4 0.7412109375 0.6318359375 0.3291015625 0.056640625
1 0.1806640625 0.56298828125 0.0185546875 0.02978515625
5 0.23583984375 0.56298828125 0.08154296875 0.02099609375
3 0.67919921875 0.69873046875 0.1533203125 0.02001953125
3 0.35986328125 0.294921875 0.0185546875 0.01904296875
3 0.64697265625 0.294921875 0.015625 0.02099609375
0 0.3251953125 0.72705078125 0.31005859375 0.0634765625