0 0.94287109375 0.10400390625 0.087890625 0.03857421875
0 0.07373046875 0.0908203125 0.138671875 0.044921875
0 0.07275390625 0.42578125 0.087890625 0.03515625
5 0.05322265625 0.1416015625 0.03564453125 0.02001953125
5 0.05078125 0.18994140625 0.02978515625 0.02001953125
5 0.0478515625 0.2373046875 0.0244140625 0.0185546875
5 0.05078125 0.28662109375 0.02978515625 0.0166015625
5 0.05810546875 0.3349609375 0.04541015625 0.02001953125
3 0.0244140625 0.13916015625 0.01318359375 0.021484375
3 0.0234375 0.1884765625 0.017578125 0.0234375
3 0.02392578125 0.2373046875 0.0146484375 0.0185546875
3 0.02294921875 0.28759765625 0.0166015625 0.0185546875
3 0.02392578125 0.333984375 0.0146484375 0.02490234375
5 0.21337890625 0.09228515625 0.08447265625 0.0283203125
5 0.236328125 0.2109375 0.1142578125 0.03173828125
5 0.78076171875 0.21435546875 0.0791015625 0.02490234375
0 0.4794921875 0.7001953125 0.06103515625 0.05322265625
5 0.53662109375 0.69580078125 0.03564453125 0.0283203125
5 0.59814453125 0.69921875 0.04541015625 0.021484375
5 0.9521484375 0.02392578125 0.08447265625 0.0283203125
3 0.169921875 0.0234375 0.0224609375 0.02685546875