2 0.060546875 0.11767578125 0.10546875 0.06591796875
5 0.14794921875 0.041015625 0.2880859375 0.068359375
0 0.17919921875 0.11669921875 0.09375 0.068359375
0 0.4248046875 0.1142578125 0.32275390625 0.0634765625
0 0.66650390625 0.11767578125 0.12451171875 0.07080078125
5 0.037109375 0.22119140625 0.06689453125 0.03271484375
5 0.017578125 0.33984375 0.02685546875 0.044921875
5 0.0224609375 0.4423828125 0.04248046875 0.03759765625
5 0.04052734375 0.5390625 0.07568359375 0.03271484375
5 0.06982421875 0.64013671875 0.0732421875 0.03271484375
2 0.0595703125 0.95654296875 0.1064453125 0.068359375
0 0.1787109375 0.9541015625 0.08740234375 0.068359375
0 0.42333984375 0.953125 0.31982421875 0.06591796875
0 0.6640625 0.9541015625 0.1220703125 0.068359375
1 0.0185546875 0.63427734375 0.02197265625 0.044921875
4 0.27490234375 0.26953125 0.5400390625 0.0634765625