4 0.23193359375 0.33935546875 0.3212890625 0.1083984375
4 0.587890625 0.3408203125 0.318359375 0.111328125
4 0.23046875 0.49755859375 0.322265625 0.1064453125
4 0.587890625 0.49658203125 0.318359375 0.1103515625
4 0.23193359375 0.65673828125 0.3193359375 0.1123046875
4 0.58837890625 0.65478515625 0.3212890625 0.1103515625
0 0.50390625 0.90234375 0.8671875 0.111328125
3 0.80615234375 0.34326171875 0.0478515625 0.0654296875
3 0.869140625 0.341796875 0.05078125 0.06640625
3 0.9306640625 0.3427734375 0.02734375 0.064453125
3 0.80517578125 0.49951171875 0.0517578125 0.0693359375
3 0.8681640625 0.50146484375 0.048828125 0.0615234375
3 0.9326171875 0.50439453125 0.02734375 0.0673828125
3 0.93115234375 0.6591796875 0.0205078125 0.072265625
3 0.806640625 0.6572265625 0.044921875 0.056640625
3 0.86767578125 0.6591796875 0.0517578125 0.068359375