0 0.23974609375 0.6904296875 0.25244140625 0.046875
0 0.2421875 0.79443359375 0.30029296875 0.0546875
0 0.24169921875 0.8525390625 0.30419921875 0.0517578125
0 0.86962890625 0.79296875 0.16943359375 0.06103515625
5 0.59814453125 0.3984375 0.05322265625 0.02490234375
5 0.5966796875 0.46875 0.0478515625 0.015625
5 0.6328125 0.5390625 0.11474609375 0.02490234375
5 0.6103515625 0.61572265625 0.0830078125 0.03125
5 0.8583984375 0.61181640625 0.138671875 0.0390625
3 0.40869140625 0.58349609375 0.04541015625 0.03271484375
4 0.759765625 0.56640625 0.39501953125 0.0361328125
4 0.6484375 0.65771484375 0.16943359375 0.0341796875
4 0.87255859375 0.65380859375 0.17236328125 0.03271484375
4 0.76171875 0.4970703125 0.39404296875 0.03759765625