7 0.5 0.47802734375 0.439453125 0.2373046875
1 0.37451171875 0.11767578125 0.1318359375 0.1298828125
1 0.62548828125 0.11669921875 0.1357421875 0.1298828125
6 0.62744140625 0.83056640625 0.1240234375 0.1298828125
3 0.12109375 0.119140625 0.154296875 0.13671875
3 0.1259765625 0.3564453125 0.15625 0.07421875
3 0.12646484375 0.5966796875 0.1650390625 0.150390625
3 0.12060546875 0.8291015625 0.1513671875 0.12890625
3 0.3828125 0.83251953125 0.142578125 0.1474609375
3 0.875 0.826171875 0.13671875 0.130859375
3 0.86767578125 0.5908203125 0.1337890625 0.13671875
3 0.8759765625 0.35302734375 0.140625 0.0947265625
3 0.87548828125 0.1171875 0.1455078125 0.134765625