2 0.25732421875 0.0751953125 0.4736328125 0.06640625
6 0.1611328125 0.2900390625 0.0625 0.048828125
6 0.16015625 0.35009765625 0.056640625 0.0498046875
6 0.15771484375 0.4130859375 0.0595703125 0.046875
6 0.15966796875 0.47216796875 0.0478515625 0.0458984375
6 0.15966796875 0.52978515625 0.0517578125 0.0439453125
6 0.162109375 0.5908203125 0.064453125 0.046875
6 0.15771484375 0.650390625 0.0419921875 0.0625
6 0.15869140625 0.70654296875 0.0537109375 0.0517578125
6 0.1572265625 0.77294921875 0.064453125 0.0517578125
6 0.15966796875 0.82763671875 0.0458984375 0.0478515625
6 0.1630859375 0.8916015625 0.05859375 0.048828125
6 0.162109375 0.95263671875 0.0546875 0.0576171875
6 0.59423828125 0.287109375 0.0537109375 0.0546875
6 0.59765625 0.34716796875 0.056640625 0.0517578125
6 0.59521484375 0.40966796875 0.0517578125 0.0458984375
6 0.59716796875 0.47119140625 0.0478515625 0.0478515625
6 0.59814453125 0.52880859375 0.0498046875 0.0498046875
5 0.25537109375 0.28955078125 0.1240234375 0.0341796875
5 0.2607421875 0.34814453125 0.140625 0.0400390625
5 0.2421875 0.41064453125 0.1015625 0.0341796875
5 0.23388671875 0.47119140625 0.0751953125 0.0322265625
5 0.2294921875 0.53125 0.072265625 0.037109375
5 0.22998046875 0.591796875 0.0791015625 0.033203125
5 0.22314453125 0.65283203125 0.0634765625 0.0380859375
5 0.25 0.71142578125 0.11328125 0.0380859375
5 0.27880859375 0.76953125 0.1708984375 0.0390625
5 0.25830078125 0.83154296875 0.1279296875 0.0439453125
5 0.27783203125 0.89111328125 0.1611328125 0.0400390625
5 0.27880859375 0.953125 0.1669921875 0.041015625
5 0.703125 0.2900390625 0.1484375 0.037109375
5 0.69140625 0.35205078125 0.130859375 0.0341796875
5 0.6826171875 0.41015625 0.107421875 0.041015625
5 0.701171875 0.4697265625 0.14453125 0.04296875