5 0.4921875 0.169921875 0.5966796875 0.06640625
5 0.0869140625 0.3349609375 0.0693359375 0.0400390625
5 0.08056640625 0.51904296875 0.072265625 0.0361328125
5 0.09130859375 0.7041015625 0.0908203125 0.0380859375
5 0.08154296875 0.89111328125 0.0771484375 0.04345703125
5 0.40869140625 0.88818359375 0.1337890625 0.04150390625
5 0.70947265625 0.892578125 0.11376953125 0.04345703125
4 0.50146484375 0.400390625 0.8955078125 0.064453125
4 0.50244140625 0.58447265625 0.89404296875 0.064453125
4 0.5009765625 0.7744140625 0.89404296875 0.068359375
4 0.1962890625 0.95654296875 0.29052734375 0.060546875
2 0.42236328125 0.95654296875 0.130859375 0.064453125
2 0.58056640625 0.95849609375 0.130859375 0.060546875
2 0.7236328125 0.95654296875 0.130859375 0.060546875
2 0.88330078125 0.95849609375 0.13232421875 0.068359375