4 0.552734375 0.0888671875 0.392578125 0.07861328125
4 0.552734375 0.189453125 0.38916015625 0.06982421875
2 0.552734375 0.287109375 0.38916015625 0.07275390625
4 0.552734375 0.3876953125 0.38916015625 0.07568359375
4 0.552734375 0.48681640625 0.392578125 0.07568359375
4 0.552734375 0.58740234375 0.392578125 0.07275390625
4 0.5537109375 0.68798828125 0.39111328125 0.07568359375
4 0.552734375 0.787109375 0.392578125 0.06982421875
0 0.47998046875 0.92578125 0.20703125 0.07861328125
5 0.2236328125 0.09033203125 0.10205078125 0.03515625
5 0.2236328125 0.1923828125 0.09814453125 0.041015625
5 0.1845703125 0.29296875 0.1728515625 0.0322265625
5 0.21923828125 0.787109375 0.11083984375 0.03515625
5 0.24560546875 0.68505859375 0.05810546875 0.0234375
5 0.22900390625 0.4853515625 0.0908203125 0.0439453125
5 0.18994140625 0.5830078125 0.1689453125 0.03515625
5 0.224609375 0.38623046875 0.0927734375 0.0439453125
3 0.33447265625 0.0947265625 0.029296875 0.0498046875
3 0.33251953125 0.1865234375 0.025390625 0.041015625
3 0.33544921875 0.29150390625 0.03076171875 0.046875
3 0.33349609375 0.3935546875 0.0234375 0.046875
3 0.33447265625 0.48681640625 0.029296875 0.05224609375
3 0.33740234375 0.5888671875 0.0234375 0.05224609375
3 0.33447265625 0.689453125 0.03271484375 0.0380859375
3 0.33544921875 0.78564453125 0.02734375 0.0498046875