7 0.8427734375 0.1484375 0.09375 0.087890625
6 0.0537109375 0.29052734375 0.060546875 0.0830078125
6 0.0546875 0.44384765625 0.0546875 0.0849609375
6 0.052734375 0.5966796875 0.05859375 0.080078125
6 0.05419921875 0.7509765625 0.0595703125 0.083984375
3 0.953125 0.142578125 0.0546875 0.0546875
3 0.8271484375 0.28662109375 0.04296875 0.0576171875
3 0.83251953125 0.44287109375 0.0322265625 0.0654296875
3 0.8349609375 0.599609375 0.037109375 0.060546875
3 0.83349609375 0.7529296875 0.0361328125 0.060546875
3 0.8935546875 0.7548828125 0.048828125 0.0546875
3 0.89794921875 0.6005859375 0.0380859375 0.056640625
3 0.89404296875 0.4462890625 0.0458984375 0.0546875
3 0.90087890625 0.29541015625 0.0517578125 0.0615234375