1 0.2138671875 0.22021484375 0.103515625 0.0869140625
1 0.40771484375 0.21728515625 0.0966796875 0.0830078125
1 0.599609375 0.2158203125 0.087890625 0.0859375
1 0.7890625 0.21533203125 0.08203125 0.0771484375
1 0.7900390625 0.390625 0.0859375 0.078125
1 0.60009765625 0.3935546875 0.0869140625 0.087890625
1 0.40966796875 0.39111328125 0.0927734375 0.0869140625
1 0.21826171875 0.39697265625 0.0947265625 0.0771484375
6 0.21142578125 0.55908203125 0.0986328125 0.0927734375
6 0.40673828125 0.5576171875 0.1044921875 0.10546875
6 0.59716796875 0.5546875 0.0966796875 0.09765625
6 0.79296875 0.56005859375 0.111328125 0.1083984375
6 0.7919921875 0.7294921875 0.109375 0.099609375
6 0.599609375 0.72314453125 0.103515625 0.1005859375
6 0.40673828125 0.7255859375 0.1044921875 0.091796875
6 0.2099609375 0.72607421875 0.11328125 0.1044921875