5 0.048828125 0.1826171875 0.0498046875 0.0166015625
5 0.05615234375 0.25927734375 0.076171875 0.01416015625
5 0.0498046875 0.41943359375 0.06005859375 0.01416015625
5 0.5400390625 0.42041015625 0.05615234375 0.0166015625
5 0.06884765625 0.49365234375 0.10205078125 0.0126953125
5 0.087890625 0.52099609375 0.06396484375 0.01123046875
5 0.19580078125 0.51904296875 0.06396484375 0.01513671875
5 0.10693359375 0.619140625 0.06201171875 0.01806640625
5 0.1640625 0.64697265625 0.18408203125 0.0126953125
5 0.1630859375 0.67041015625 0.1181640625 0.01513671875
5 0.1630859375 0.6982421875 0.1181640625 0.01806640625
5 0.34619140625 0.67041015625 0.16796875 0.01513671875
5 0.64404296875 0.6484375 0.240234375 0.01806640625
5 0.16015625 0.7744140625 0.16796875 0.0166015625
0 0.087890625 0.890625 0.1279296875 0.029296875
0 0.0751953125 0.96435546875 0.09814453125 0.0322265625
4 0.5068359375 0.81005859375 0.86181640625 0.0458984375
2 0.73583984375 0.6767578125 0.416015625 0.033203125
6 0.08984375 0.67041015625 0.02001953125 0.0126953125
6 0.08984375 0.697265625 0.02392578125 0.01513671875
6 0.2470703125 0.67041015625 0.02197265625 0.01513671875
6 0.037109375 0.51904296875 0.02197265625 0.01806640625
6 0.14697265625 0.51904296875 0.02197265625 0.01806640625
4 0.25390625 0.44970703125 0.4599609375 0.03076171875
4 0.74609375 0.44921875 0.4599609375 0.029296875
4 0.2109375 0.3740234375 0.3701171875 0.029296875
4 0.88720703125 0.37451171875 0.173828125 0.03076171875
4 0.2578125 0.2138671875 0.4677734375 0.0322265625
4 0.740234375 0.2138671875 0.4677734375 0.0322265625
4 0.4990234375 0.2880859375 0.9501953125 0.03076171875
4 0.5 0.32958984375 0.9482421875 0.029296875
2 0.59619140625 0.373046875 0.3681640625 0.02783203125
3 0.05810546875 0.61962890625 0.02783203125 0.01953125