5 0.60107421875 0.19677734375 0.12255859375 0.0400390625
5 0.62646484375 0.24658203125 0.16748046875 0.02685546875
5 0.572265625 0.3251953125 0.06005859375 0.0234375
5 0.56103515625 0.44482421875 0.03759765625 0.0234375
5 0.8701171875 0.568359375 0.044921875 0.0234375
5 0.57373046875 0.568359375 0.0625 0.0166015625
5 0.71630859375 0.8349609375 0.17236328125 0.0234375
0 0.71875 0.71826171875 0.34765625 0.0634765625
4 0.71875 0.37353515625 0.34765625 0.06689453125
4 0.72021484375 0.4951171875 0.35009765625 0.0634765625
4 0.71728515625 0.61669921875 0.35009765625 0.06689453125