0 0.42626953125 0.0263671875 0.0615234375 0.052734375
0 0.49365234375 0.0263671875 0.0732421875 0.052734375
0 0.5673828125 0.0263671875 0.072265625 0.052734375
0 0.1025390625 0.21484375 0.142578125 0.06884765625
0 0.10205078125 0.28369140625 0.14111328125 0.0634765625
0 0.1025390625 0.35546875 0.14013671875 0.07421875
0 0.10205078125 0.42724609375 0.14111328125 0.0634765625
0 0.10205078125 0.4931640625 0.138671875 0.06884765625
0 0.1025390625 0.56103515625 0.14013671875 0.06640625
0 0.1025390625 0.62744140625 0.14013671875 0.06640625
0 0.10302734375 0.69384765625 0.14111328125 0.06640625
0 0.1025390625 0.796875 0.14013671875 0.06640625
0 0.10205078125 0.8671875 0.138671875 0.07421875
0 0.10107421875 0.9375 0.14013671875 0.07177734375
3 0.015625 0.93359375 0.0185546875 0.0263671875
3 0.015625 0.86865234375 0.01611328125 0.03466796875
3 0.015625 0.80126953125 0.01611328125 0.03173828125
3 0.015625 0.69482421875 0.01611328125 0.03173828125
3 0.015625 0.6259765625 0.01611328125 0.037109375
3 0.015625 0.55859375 0.01611328125 0.03466796875
3 0.01611328125 0.49072265625 0.01513671875 0.03173828125
3 0.015625 0.421875 0.013671875 0.03173828125
3 0.015625 0.35009765625 0.01611328125 0.03173828125
3 0.015625 0.28271484375 0.01611328125 0.03466796875
3 0.01513671875 0.21484375 0.01513671875 0.04248046875
3 0.97314453125 0.1484375 0.03369140625 0.07421875
4 0.3876953125 0.15380859375 0.1474609375 0.03173828125
4 0.36669921875 0.28759765625 0.1064453125 0.03466796875
4 0.470703125 0.39501953125 0.31640625 0.03173828125
4 0.470703125 0.50537109375 0.31640625 0.03466796875
5 0.3251953125 0.1142578125 0.0224609375 0.02099609375
5 0.33544921875 0.25048828125 0.04638671875 0.02392578125
5 0.33935546875 0.359375 0.0537109375 0.02392578125
5 0.3544921875 0.466796875 0.08642578125 0.0263671875
0 0.42822265625 0.60498046875 0.0439453125 0.0478515625
0 0.37255859375 0.744140625 0.03271484375 0.044921875
0 0.49560546875 0.8671875 0.0986328125 0.0478515625
3 0.68603515625 0.72265625 0.02001953125 0.044921875
3 0.68603515625 0.7666015625 0.02001953125 0.04248046875
3 0.95263671875 0.8662109375 0.0224609375 0.0556640625