5 0.3349609375 0.28955078125 0.04443359375 0.0234375
5 0.34375 0.57763671875 0.06884765625 0.0390625
5 0.337890625 0.34716796875 0.0849609375 0.02783203125
5 0.33544921875 0.3896484375 0.08349609375 0.03466796875
5 0.3134765625 0.43115234375 0.0400390625 0.029296875
5 0.32470703125 0.46923828125 0.05859375 0.03076171875
5 0.3427734375 0.513671875 0.1015625 0.03076171875
5 0.32421875 0.63818359375 0.0595703125 0.0263671875
5 0.3349609375 0.6796875 0.07958984375 0.0263671875
7 0.4736328125 0.63818359375 0.02490234375 0.0263671875
7 0.47314453125 0.677734375 0.0244140625 0.02490234375
7 0.47314453125 0.720703125 0.0244140625 0.02490234375
3 0.3017578125 0.57861328125 0.015625 0.03466796875
5 0.30126953125 0.28759765625 0.01318359375 0.033203125
5 0.32421875 0.21875 0.0595703125 0.0400390625
0 0.3896484375 0.8291015625 0.08056640625 0.0361328125
0 0.20654296875 0.87060546875 0.08349609375 0.033203125
3 0.1044921875 0.87158203125 0.08203125 0.03173828125
3 0.2431640625 0.1943359375 0.02197265625 0.0361328125
3 0.24267578125 0.67431640625 0.0166015625 0.02099609375
3 0.1845703125 0.39599609375 0.0244140625 0.04443359375
3 0.06982421875 0.19091796875 0.0166015625 0.03173828125
3 0.30224609375 0.15576171875 0.0205078125 0.0390625
5 0.0810546875 0.47216796875 0.04541015625 0.0224609375
5 0.0732421875 0.55810546875 0.02978515625 0.0224609375
5 0.08154296875 0.6435546875 0.04150390625 0.01806640625
5 0.0791015625 0.72900390625 0.0361328125 0.01953125
5 0.32373046875 0.72021484375 0.05712890625 0.02099609375
3 0.48046875 0.3916015625 0.00927734375 0.02490234375
3 0.4794921875 0.4326171875 0.0078125 0.0234375
3 0.4794921875 0.3486328125 0.0078125 0.02783203125
3 0.48046875 0.4736328125 0.0078125 0.0224609375
3 0.48046875 0.513671875 0.0078125 0.02490234375