0 0.07568359375 0.14599609375 0.10302734375 0.04736328125
0 0.1787109375 0.14599609375 0.10693359375 0.04248046875
0 0.302734375 0.14453125 0.1416015625 0.0498046875
0 0.4228515625 0.14453125 0.09375 0.0498046875
0 0.53515625 0.14599609375 0.10498046875 0.04248046875
2 0.63427734375 0.14599609375 0.0791015625 0.04736328125
0 0.8701171875 0.13818359375 0.060546875 0.03759765625
0 0.951171875 0.13818359375 0.08642578125 0.04248046875
5 0.435546875 0.3115234375 0.09765625 0.03515625
2 0.50537109375 0.373046875 0.12353515625 0.0322265625
2 0.50634765625 0.43408203125 0.12158203125 0.02978515625
2 0.50439453125 0.49755859375 0.125 0.0322265625
2 0.50390625 0.55859375 0.12353515625 0.02978515625
5 0.7607421875 0.373046875 0.02197265625 0.017578125
5 0.810546875 0.373046875 0.0185546875 0.017578125
5 0.7587890625 0.431640625 0.02587890625 0.01513671875
5 0.80859375 0.43408203125 0.0185546875 0.02001953125
5 0.7568359375 0.49853515625 0.02587890625 0.01513671875
5 0.8095703125 0.49853515625 0.02392578125 0.01513671875
5 0.7578125 0.55712890625 0.02392578125 0.017578125
5 0.80859375 0.5625 0.02197265625 0.017578125
7 0.78271484375 0.373046875 0.02587890625 0.0224609375
7 0.78173828125 0.43505859375 0.02392578125 0.0224609375
7 0.83154296875 0.373046875 0.02392578125 0.0224609375
7 0.83154296875 0.43408203125 0.02392578125 0.02490234375
7 0.78271484375 0.49755859375 0.02587890625 0.0224609375
7 0.83056640625 0.49755859375 0.02587890625 0.0224609375
7 0.78271484375 0.56005859375 0.02587890625 0.0224609375
7 0.83154296875 0.56103515625 0.02001953125 0.02001953125
3 0.85986328125 0.3740234375 0.0146484375 0.02001953125
3 0.87939453125 0.373046875 0.0126953125 0.0224609375
3 0.900390625 0.373046875 0.0146484375 0.017578125
3 0.85888671875 0.4365234375 0.0166015625 0.02490234375
3 0.88037109375 0.43408203125 0.0146484375 0.02001953125
3 0.8994140625 0.4326171875 0.0126953125 0.0224609375
3 0.8583984375 0.49755859375 0.01123046875 0.0126953125
3 0.87939453125 0.49609375 0.0126953125 0.02001953125
3 0.900390625 0.49755859375 0.01123046875 0.017578125
3 0.8583984375 0.55859375 0.01123046875 0.02001953125
3 0.87939453125 0.56005859375 0.0126953125 0.017578125
3 0.8994140625 0.56005859375 0.0126953125 0.0126953125
2 0.41259765625 0.373046875 0.04052734375 0.0322265625
2 0.41259765625 0.43408203125 0.04052734375 0.02978515625
2 0.41162109375 0.49609375 0.04248046875 0.02978515625
2 0.41064453125 0.55859375 0.04052734375 0.02978515625
3 0.37548828125 0.31298828125 0.01123046875 0.017578125
3 0.37548828125 0.37548828125 0.00732421875 0.017578125
3 0.3740234375 0.4375 0.01123046875 0.0126953125
3 0.37548828125 0.50146484375 0.00732421875 0.02001953125
3 0.37744140625 0.5634765625 0.00732421875 0.02001953125
5 0.10498046875 0.23681640625 0.10693359375 0.02490234375
5 0.09375 0.2841796875 0.0771484375 0.02978515625
5 0.095703125 0.337890625 0.08447265625 0.02734375
5 0.07080078125 0.3828125 0.04248046875 0.02734375
5 0.1005859375 0.43505859375 0.09375 0.0322265625
5 0.1005859375 0.486328125 0.10107421875 0.03515625
5 0.10888671875 0.53515625 0.11767578125 0.0322265625
5 0.0947265625 0.58740234375 0.08642578125 0.0224609375
5 0.08544921875 0.634765625 0.068359375 0.0322265625
5 0.08447265625 0.685546875 0.06982421875 0.03515625
5 0.07080078125 0.7333984375 0.03857421875 0.02978515625
5 0.1259765625 0.7841796875 0.1416015625 0.0322265625
5 0.12255859375 0.837890625 0.1416015625 0.02978515625
5 0.10595703125 0.88671875 0.11962890625 0.02734375
5 0.10888671875 0.93896484375 0.1142578125 0.02734375
5 0.1123046875 0.98486328125 0.11767578125 0.02490234375
3 0.04248046875 0.23828125 0.01123046875 0.0224609375
3 0.04052734375 0.28564453125 0.01123046875 0.017578125
3 0.04052734375 0.333984375 0.01123046875 0.01513671875
3 0.04150390625 0.38525390625 0.0126953125 0.017578125
3 0.04052734375 0.43505859375 0.01123046875 0.017578125
3 0.04248046875 0.48486328125 0.00732421875 0.0126953125
3 0.04150390625 0.53515625 0.00927734375 0.017578125
3 0.04052734375 0.5849609375 0.01123046875 0.017578125
3 0.04052734375 0.634765625 0.00732421875 0.0126953125
3 0.04150390625 0.685546875 0.00927734375 0.01513671875
3 0.04150390625 0.7333984375 0.00927734375 0.01513671875
3 0.03857421875 0.783203125 0.01123046875 0.02001953125
3 0.04150390625 0.8330078125 0.0126953125 0.02001953125
3 0.04150390625 0.88427734375 0.00927734375 0.017578125
3 0.04150390625 0.93408203125 0.00927734375 0.0126953125
3 0.04150390625 0.982421875 0.00927734375 0.01513671875