5 0.494140625 0.23193359375 0.85546875 0.0986328125
5 0.12841796875 0.34814453125 0.1865234375 0.0419921875
5 0.11083984375 0.53173828125 0.15966796875 0.04736328125
5 0.15478515625 0.720703125 0.24462890625 0.052734375
4 0.2626953125 0.41650390625 0.44482421875 0.0703125
4 0.7353515625 0.41552734375 0.451171875 0.0791015625
4 0.49853515625 0.60546875 0.916015625 0.0791015625
4 0.4970703125 0.7900390625 0.916015625 0.07568359375
0 0.498046875 0.904296875 0.21240234375 0.08251953125
5 0.15966796875 0.04736328125 0.20556640625 0.0458984375
5 0.49658203125 0.04931640625 0.19580078125 0.04931640625
5 0.8349609375 0.05078125 0.16748046875 0.03857421875