5 0.05859375 0.01220703125 0.0302734375 0.0166015625
5 0.056640625 0.1640625 0.0263671875 0.0205078125
5 0.05908203125 0.3154296875 0.03369140625 0.0185546875
5 0.0634765625 0.47021484375 0.037109375 0.0205078125
5 0.0546875 0.62060546875 0.025390625 0.0166015625
5 0.37353515625 0.013671875 0.041015625 0.0205078125
5 0.376953125 0.1640625 0.05078125 0.0205078125
5 0.38427734375 0.3173828125 0.06005859375 0.0224609375
5 0.40478515625 0.36083984375 0.06494140625 0.0205078125
5 0.3896484375 0.39599609375 0.03515625 0.0205078125
5 0.4130859375 0.43408203125 0.07958984375 0.0224609375
5 0.69384765625 0.26708984375 0.02392578125 0.0185546875
5 0.75927734375 0.27099609375 0.0361328125 0.0185546875
5 0.685546875 0.01123046875 0.041015625 0.0146484375
4 0.17626953125 0.0576171875 0.26123046875 0.04443359375
4 0.17626953125 0.21044921875 0.26123046875 0.04638671875
4 0.17626953125 0.36181640625 0.26123046875 0.04833984375
4 0.17626953125 0.51318359375 0.26123046875 0.04638671875
4 0.17626953125 0.6650390625 0.26123046875 0.05029296875
4 0.4873046875 0.056640625 0.26123046875 0.04248046875
4 0.798828125 0.091796875 0.2626953125 0.11669921875
6 0.6728515625 0.27001953125 0.01318359375 0.0205078125
6 0.73095703125 0.27099609375 0.015625 0.0224609375
2 0.48681640625 0.21044921875 0.2626953125 0.04638671875
1 0.36328125 0.35791015625 0.0107421875 0.0185546875
1 0.36279296875 0.39599609375 0.01220703125 0.0205078125
1 0.36279296875 0.43212890625 0.01220703125 0.0224609375
6 0.67724609375 0.40625 0.0263671875 0.033203125
3 0.36376953125 0.5703125 0.0263671875 0.03515625
3 0.396484375 0.5693359375 0.0263671875 0.037109375
3 0.42724609375 0.5712890625 0.025390625 0.037109375
3 0.458984375 0.5703125 0.0263671875 0.03173828125
3 0.48974609375 0.5712890625 0.025390625 0.037109375
0 0.384765625 0.8505859375 0.0615234375 0.0390625
0 0.45458984375 0.8505859375 0.07373046875 0.0390625
3 0.365234375 0.71337890625 0.02392578125 0.0390625
3 0.3935546875 0.71337890625 0.02783203125 0.0390625
3 0.42431640625 0.71337890625 0.02392578125 0.03515625
3 0.45068359375 0.71044921875 0.02392578125 0.037109375
3 0.47998046875 0.71044921875 0.025390625 0.033203125
4 0.8046875 0.61572265625 0.2724609375 0.0517578125
5 0.732421875 0.67138671875 0.08447265625 0.0185546875
5 0.72509765625 0.7080078125 0.07470703125 0.0205078125
1 0.67529296875 0.6689453125 0.01806640625 0.02783203125
1 0.67529296875 0.705078125 0.01806640625 0.033203125