1 0.0947265625 0.12109375 0.05078125 0.0390625
1 0.09619140625 0.03515625 0.0478515625 0.041015625
1 0.09716796875 0.20556640625 0.0478515625 0.0380859375
1 0.09619140625 0.2900390625 0.0517578125 0.037109375
1 0.09619140625 0.373046875 0.0458984375 0.0390625
1 0.0966796875 0.4580078125 0.052734375 0.04296875
1 0.09521484375 0.53955078125 0.0498046875 0.0419921875
1 0.095703125 0.62353515625 0.05078125 0.0439453125
1 0.095703125 0.7080078125 0.05078125 0.0390625
1 0.0986328125 0.791015625 0.048828125 0.0390625
1 0.09619140625 0.875 0.0517578125 0.041015625
1 0.0966796875 0.96044921875 0.048828125 0.0400390625
5 0.474609375 0.1181640625 0.681640625 0.0390625
5 0.19580078125 0.2021484375 0.1279296875 0.03515625
5 0.20068359375 0.2861328125 0.1220703125 0.03515625
5 0.193359375 0.37255859375 0.126953125 0.0361328125
5 0.19482421875 0.455078125 0.1201171875 0.033203125
5 0.25048828125 0.53662109375 0.2275390625 0.0341796875
5 0.28466796875 0.62255859375 0.3017578125 0.0361328125
5 0.29296875 0.703125 0.30859375 0.041015625
5 0.2431640625 0.7880859375 0.21875 0.04296875
5 0.28759765625 0.87451171875 0.3076171875 0.0380859375
5 0.28564453125 0.96044921875 0.3037109375 0.0400390625
3 0.93212890625 0.044921875 0.0537109375 0.025390625
3 0.9296875 0.1298828125 0.05859375 0.0234375
3 0.93115234375 0.2158203125 0.0498046875 0.02734375
3 0.9345703125 0.298828125 0.056640625 0.021484375
3 0.93115234375 0.37939453125 0.0537109375 0.0263671875
3 0.931640625 0.4638671875 0.048828125 0.02734375
3 0.93017578125 0.548828125 0.0556640625 0.025390625
3 0.9306640625 0.63232421875 0.052734375 0.0244140625
3 0.9296875 0.716796875 0.060546875 0.025390625
3 0.93115234375 0.80126953125 0.0537109375 0.0302734375
3 0.9296875 0.88525390625 0.05859375 0.0263671875
3 0.93359375 0.970703125 0.05859375 0.0234375
5 0.3984375 0.0322265625 0.52734375 0.029296875