1 0.03564453125 0.15283203125 0.0263671875 0.0380859375
1 0.537109375 0.15283203125 0.033203125 0.0419921875
1 0.53857421875 0.2509765625 0.0361328125 0.041015625
6 0.53857421875 0.3486328125 0.0341796875 0.05078125
7 0.55322265625 0.44873046875 0.0595703125 0.0458984375
6 0.5380859375 0.54443359375 0.033203125 0.0400390625
6 0.03857421875 0.3486328125 0.0380859375 0.046875
7 0.0517578125 0.4482421875 0.056640625 0.041015625
1 0.033203125 0.0537109375 0.02734375 0.03125
1 0.53466796875 0.0556640625 0.0244140625 0.03515625
1 0.0380859375 0.251953125 0.03125 0.033203125
6 0.0390625 0.546875 0.03125 0.0390625
1 0.1328125 0.6435546875 0.03515625 0.04296875
1 0.06005859375 0.7666015625 0.0322265625 0.041015625
1 0.560546875 0.767578125 0.033203125 0.0390625
5 0.09619140625 0.056640625 0.0791015625 0.029296875
5 0.1044921875 0.15283203125 0.087890625 0.0380859375
5 0.10302734375 0.25146484375 0.0791015625 0.0380859375
5 0.10205078125 0.3515625 0.0771484375 0.03515625
5 0.1259765625 0.45166015625 0.07421875 0.0361328125
5 0.09765625 0.5458984375 0.068359375 0.0390625
5 0.06201171875 0.64501953125 0.0751953125 0.0439453125
5 0.1376953125 0.771484375 0.091796875 0.037109375
5 0.5927734375 0.05224609375 0.072265625 0.0322265625
5 0.6015625 0.1533203125 0.083984375 0.03515625
5 0.60107421875 0.2529296875 0.0771484375 0.0390625
5 0.60009765625 0.35693359375 0.0810546875 0.0458984375
5 0.62841796875 0.45166015625 0.0693359375 0.0439453125
5 0.60205078125 0.5458984375 0.0771484375 0.03515625