7 0.12841796875 0.1025390625 0.2255859375 0.119140625
7 0.36328125 0.103515625 0.224609375 0.115234375
7 0.8759765625 0.1025390625 0.21484375 0.119140625
7 0.64599609375 0.1005859375 0.2138671875 0.119140625
7 0.646484375 0.248046875 0.21875 0.11328125
7 0.876953125 0.25 0.21484375 0.11328125
7 0.87646484375 0.39794921875 0.2138671875 0.1142578125
7 0.64697265625 0.3955078125 0.2177734375 0.111328125
7 0.869140625 0.544921875 0.173828125 0.09375
7 0.658203125 0.5458984375 0.1796875 0.091796875
7 0.3583984375 0.69384765625 0.21484375 0.1103515625
7 0.13232421875 0.69580078125 0.2119140625 0.1103515625
7 0.1328125 0.3955078125 0.18359375 0.091796875
7 0.35546875 0.40087890625 0.1796875 0.1005859375
7 0.13623046875 0.54541015625 0.1728515625 0.0947265625
7 0.35498046875 0.546875 0.1787109375 0.091796875
7 0.64501953125 0.69580078125 0.2177734375 0.1064453125
7 0.87255859375 0.69287109375 0.2138671875 0.1005859375
7 0.35888671875 0.24853515625 0.2138671875 0.1005859375
7 0.13134765625 0.2509765625 0.2119140625 0.109375