6 0.3359375 0.43359375 0.04296875 0.052734375
6 0.40625 0.43017578125 0.044921875 0.0556640625
6 0.4765625 0.4296875 0.05078125 0.052734375
7 0.15478515625 0.310546875 0.1533203125 0.08984375
7 0.34521484375 0.30810546875 0.1416015625 0.0810546875
1 0.09814453125 0.4287109375 0.0595703125 0.064453125
1 0.1708984375 0.43115234375 0.056640625 0.0693359375
1 0.24658203125 0.4296875 0.0595703125 0.06640625
2 0.76171875 0.47216796875 0.318359375 0.0654296875
2 0.76953125 0.55224609375 0.310546875 0.0693359375
0 0.71728515625 0.181640625 0.0771484375 0.078125
0 0.80712890625 0.18310546875 0.0732421875 0.0751953125
0 0.8955078125 0.18212890625 0.06640625 0.0693359375
0 0.12451171875 0.6650390625 0.1279296875 0.064453125
0 0.29248046875 0.66357421875 0.1826171875 0.0615234375
0 0.42138671875 0.66259765625 0.0576171875 0.0634765625
0 0.49462890625 0.66259765625 0.0556640625 0.0654296875
0 0.56298828125 0.66552734375 0.0595703125 0.0654296875
0 0.646484375 0.66455078125 0.08203125 0.0673828125
0 0.75537109375 0.66015625 0.1162109375 0.06640625
0 0.87646484375 0.66650390625 0.1044921875 0.0673828125
0 0.1123046875 0.1826171875 0.07421875 0.08203125
0 0.20166015625 0.18115234375 0.0732421875 0.0771484375
0 0.28955078125 0.181640625 0.0751953125 0.078125
4 0.7744140625 0.2958984375 0.3203125 0.044921875
4 0.77587890625 0.376953125 0.3251953125 0.044921875