5 0.32666015625 0.27001953125 0.125 0.017578125
5 0.37939453125 0.3935546875 0.14453125 0.0361328125
5 0.3857421875 0.4501953125 0.1494140625 0.03271484375
5 0.39208984375 0.5029296875 0.15625 0.037109375
5 0.404296875 0.56103515625 0.18603515625 0.0361328125
2 0.84619140625 0.44921875 0.11669921875 0.0478515625
2 0.845703125 0.50244140625 0.12353515625 0.0478515625
2 0.8447265625 0.55908203125 0.11962890625 0.04443359375
2 0.7138671875 0.31494140625 0.125 0.048828125
2 0.5888671875 0.72021484375 0.6455078125 0.056640625
4 0.4541015625 0.31787109375 0.38232421875 0.05322265625
0 0.82568359375 0.84619140625 0.17333984375 0.05224609375
0 0.8564453125 0.3173828125 0.150390625 0.05419921875
0 0.40625 0.12548828125 0.12451171875 0.0400390625