5 0.49853515625 0.12744140625 0.173828125 0.05419921875
5 0.41650390625 0.2587890625 0.09716796875 0.02685546875
5 0.57763671875 0.255859375 0.10595703125 0.03271484375
5 0.3125 0.45947265625 0.0625 0.01953125
5 0.30712890625 0.54150390625 0.04931640625 0.02099609375
5 0.33642578125 0.62451171875 0.1103515625 0.02099609375
5 0.322265625 0.70751953125 0.08251953125 0.02490234375
4 0.568359375 0.71240234375 0.29296875 0.0771484375
4 0.56884765625 0.62451171875 0.29443359375 0.0712890625
4 0.5693359375 0.54052734375 0.29296875 0.0732421875
4 0.56884765625 0.45849609375 0.29443359375 0.0751953125
0 0.49267578125 0.37451171875 0.13916015625 0.0693359375
0 0.64501953125 0.36962890625 0.14208984375 0.0791015625
0 0.6552734375 0.80908203125 0.12158203125 0.0771484375