2 0.2548828125 0.27734375 0.40625 0.115234375
7 0.40869140625 0.43310546875 0.1591796875 0.0810546875
7 0.40673828125 0.572265625 0.1669921875 0.083984375
1 0.36865234375 0.697265625 0.0517578125 0.05859375
1 0.4443359375 0.69775390625 0.052734375 0.0595703125
6 0.36865234375 0.80615234375 0.0556640625 0.0693359375
6 0.44140625 0.80810546875 0.05078125 0.0673828125
4 0.2197265625 0.12255859375 0.32421875 0.1123046875
0 0.16455078125 0.44580078125 0.2275390625 0.1103515625
0 0.16650390625 0.61181640625 0.2236328125 0.1142578125
0 0.1650390625 0.7783203125 0.22265625 0.10546875