1 0.17333984375 0.23046875 0.0439453125 0.0390625
1 0.17333984375 0.3251953125 0.0439453125 0.0390625
1 0.17431640625 0.4228515625 0.0439453125 0.04296875
1 0.17333984375 0.51708984375 0.0458984375 0.0419921875
1 0.173828125 0.61279296875 0.046875 0.0380859375
1 0.1728515625 0.708984375 0.041015625 0.037109375
2 0.494140625 0.119140625 0.765625 0.095703125
5 0.27880859375 0.23486328125 0.1064453125 0.0517578125
5 0.302734375 0.33251953125 0.1484375 0.0595703125
5 0.27978515625 0.42822265625 0.1123046875 0.0556640625
5 0.296875 0.52294921875 0.1484375 0.0595703125
5 0.32080078125 0.6240234375 0.1943359375 0.068359375
5 0.275390625 0.716796875 0.103515625 0.056640625