5 0.208984375 0.14306640625 0.0771484375 0.01611328125
5 0.3701171875 0.154296875 0.13427734375 0.0205078125
5 0.34033203125 0.18408203125 0.0712890625 0.01318359375
5 0.20263671875 0.2548828125 0.09912109375 0.01904296875
5 0.19091796875 0.38232421875 0.10791015625 0.0234375
5 0.20263671875 0.48046875 0.09326171875 0.01904296875
5 0.32958984375 0.55615234375 0.07568359375 0.01611328125
5 0.1640625 0.55615234375 0.17333984375 0.01904296875
5 0.3642578125 0.68603515625 0.14599609375 0.0205078125
5 0.21044921875 0.81884765625 0.0771484375 0.01904296875
0 0.3310546875 0.94091796875 0.10205078125 0.0419921875
0 0.4306640625 0.94091796875 0.0888671875 0.044921875
6 0.28857421875 0.15185546875 0.0146484375 0.01611328125
6 0.28857421875 0.1826171875 0.017578125 0.01611328125
4 0.56103515625 0.32568359375 0.5595703125 0.04052734375
4 0.55908203125 0.42529296875 0.55810546875 0.0419921875
4 0.55908203125 0.48828125 0.55810546875 0.04345703125
2 0.58154296875 0.63232421875 0.6005859375 0.04052734375
2 0.58251953125 0.72900390625 0.59912109375 0.0390625
1 0.3134765625 0.85009765625 0.03515625 0.03466796875
5 0.39599609375 0.8515625 0.1123046875 0.0205078125