5 0.06396484375 0.58447265625 0.1083984375 0.029296875
5 0.06494140625 0.689453125 0.10986328125 0.029296875
5 0.0380859375 0.794921875 0.05078125 0.02734375
5 0.14892578125 0.21240234375 0.27294921875 0.0498046875
5 0.09716796875 0.44873046875 0.17138671875 0.05126953125
4 0.2158203125 0.62939453125 0.40380859375 0.0458984375
4 0.2158203125 0.7373046875 0.40380859375 0.05517578125
4 0.2158203125 0.8427734375 0.40380859375 0.0498046875
0 0.79736328125 0.94482421875 0.0927734375 0.0625
3 0.23974609375 0.11669921875 0.029296875 0.03125
3 0.3037109375 0.11572265625 0.0224609375 0.02587890625
3 0.16748046875 0.36376953125 0.01953125 0.029296875
3 0.22998046875 0.3623046875 0.02392578125 0.029296875