4 0.48193359375 0.03515625 0.5673828125 0.03857421875
0 0.79638671875 0.0361328125 0.06201171875 0.0458984375
0 0.06396484375 0.103515625 0.0673828125 0.03466796875
0 0.14111328125 0.10400390625 0.07470703125 0.03955078125
0 0.23193359375 0.1044921875 0.1015625 0.0361328125
0 0.3251953125 0.103515625 0.07177734375 0.03466796875
2 0.47900390625 0.10546875 0.22412109375 0.025390625
4 0.25341796875 0.16845703125 0.44775390625 0.03759765625
4 0.068359375 0.21533203125 0.07763671875 0.03369140625
4 0.14404296875 0.2158203125 0.0625 0.03466796875
4 0.22314453125 0.21484375 0.06298828125 0.03466796875
4 0.29931640625 0.2177734375 0.078125 0.0361328125
5 0.06591796875 0.26416015625 0.0390625 0.0185546875
5 0.1337890625 0.26416015625 0.05078125 0.017578125
1 0.03564453125 0.26416015625 0.0185546875 0.021484375
1 0.09912109375 0.26416015625 0.017578125 0.0205078125
0 0.07568359375 0.31201171875 0.09033203125 0.0361328125
0 0.169921875 0.31103515625 0.08154296875 0.03662109375
5 0.71728515625 0.33544921875 0.0498046875 0.02734375
5 0.08935546875 0.37109375 0.04833984375 0.0322265625
5 0.080078125 0.412109375 0.06396484375 0.0322265625
5 0.08203125 0.4501953125 0.0673828125 0.02978515625
5 0.0732421875 0.48779296875 0.07861328125 0.03125
5 0.07421875 0.5927734375 0.0830078125 0.0283203125
5 0.07470703125 0.646484375 0.0771484375 0.021484375
5 0.0712890625 0.68359375 0.0859375 0.02587890625
5 0.07080078125 0.80322265625 0.08251953125 0.03125
5 0.0830078125 0.84033203125 0.05419921875 0.02099609375
5 0.16357421875 0.8037109375 0.05224609375 0.017578125
5 0.2353515625 0.8017578125 0.029296875 0.02197265625
5 0.18408203125 0.83984375 0.09716796875 0.02490234375
5 0.279296875 0.8408203125 0.03955078125 0.0205078125
5 0.34765625 0.84130859375 0.046875 0.02294921875
5 0.75 0.43994140625 0.07470703125 0.0146484375
5 0.74951171875 0.4619140625 0.07568359375 0.01904296875
5 0.75 0.48583984375 0.0791015625 0.0166015625
4 0.37841796875 0.37158203125 0.51416015625 0.03125
2 0.1796875 0.44970703125 0.1181640625 0.02783203125
1 0.1318359375 0.64697265625 0.01953125 0.025390625
2 0.1650390625 0.68359375 0.0849609375 0.02490234375
2 0.16455078125 0.716796875 0.087890625 0.02587890625
2 0.2783203125 0.6845703125 0.06884765625 0.02490234375
2 0.27685546875 0.71484375 0.0673828125 0.02197265625
4 0.2255859375 0.68359375 0.0302734375 0.02685546875
4 0.22705078125 0.71630859375 0.02783203125 0.02294921875
6 0.1279296875 0.80126953125 0.01513671875 0.02685546875
6 0.20947265625 0.802734375 0.02392578125 0.02685546875
6 0.126953125 0.83837890625 0.0166015625 0.02490234375
6 0.25048828125 0.84033203125 0.01904296875 0.02099609375
6 0.31689453125 0.8408203125 0.01953125 0.02294921875
1 0.701171875 0.4404296875 0.02099609375 0.021484375
1 0.701171875 0.46142578125 0.01953125 0.02099609375
1 0.701171875 0.48583984375 0.02099609375 0.02490234375
4 0.80810546875 0.37060546875 0.22412109375 0.0302734375