0 0.18994140625 0.24658203125 0.259765625 0.05322265625
0 0.1923828125 0.37353515625 0.259765625 0.06005859375
0 0.19140625 0.49853515625 0.25732421875 0.056640625
0 0.18994140625 0.62646484375 0.259765625 0.05322265625
0 0.1298828125 0.77978515625 0.1298828125 0.046875
4 0.50146484375 0.2451171875 0.2626953125 0.056640625
4 0.50146484375 0.37158203125 0.2626953125 0.056640625
4 0.5 0.5 0.259765625 0.06005859375
4 0.5 0.62646484375 0.259765625 0.05322265625
5 0.4375 0.77978515625 0.0498046875 0.02001953125
5 0.5576171875 0.78173828125 0.03515625 0.0166015625
7 0.509765625 0.77978515625 0.0400390625 0.033203125
7 0.388671875 0.78173828125 0.04248046875 0.02978515625
5 0.3876953125 0.7451171875 0.0400390625 0.0166015625
2 0.81005859375 0.62646484375 0.259765625 0.05322265625
2 0.85986328125 0.49853515625 0.09521484375 0.056640625
4 0.75634765625 0.49853515625 0.09228515625 0.056640625
4 0.80859375 0.37158203125 0.2626953125 0.056640625
4 0.81005859375 0.2451171875 0.26513671875 0.056640625
5 0.09130859375 0.203125 0.0673828125 0.02001953125
5 0.10107421875 0.330078125 0.07763671875 0.02001953125
5 0.09375 0.45654296875 0.0673828125 0.02001953125
5 0.10107421875 0.58154296875 0.08251953125 0.0166015625
5 0.07861328125 0.74169921875 0.03759765625 0.0166015625
5 0.40625 0.58154296875 0.072265625 0.0234375
5 0.40625 0.45654296875 0.072265625 0.01318359375
5 0.40478515625 0.330078125 0.06982421875 0.02001953125
5 0.40478515625 0.20166015625 0.0751953125 0.0166015625
5 0.70361328125 0.20166015625 0.052734375 0.0166015625
5 0.70361328125 0.328125 0.052734375 0.0166015625
5 0.7001953125 0.45654296875 0.044921875 0.01318359375
5 0.830078125 0.45849609375 0.03515625 0.0166015625
5 0.7060546875 0.5849609375 0.0576171875 0.0166015625
0 0.2587890625 0.78173828125 0.12744140625 0.0498046875