7 0.2099609375 0.14990234375 0.2265625 0.0986328125
7 0.208984375 0.2744140625 0.21875 0.1015625
7 0.2080078125 0.43701171875 0.232421875 0.1064453125
7 0.2099609375 0.5625 0.232421875 0.119140625
7 0.2099609375 0.7255859375 0.2265625 0.107421875
7 0.21337890625 0.85302734375 0.2255859375 0.1083984375
7 0.79345703125 0.14306640625 0.2275390625 0.1181640625
7 0.7890625 0.27294921875 0.23828125 0.1162109375
7 0.79541015625 0.43994140625 0.2314453125 0.1240234375
7 0.78759765625 0.56396484375 0.2470703125 0.1103515625
7 0.7958984375 0.72412109375 0.236328125 0.1259765625
7 0.439453125 0.21044921875 0.107421875 0.2275390625
7 0.56787109375 0.212890625 0.1044921875 0.228515625
7 0.43359375 0.50146484375 0.111328125 0.2314453125
7 0.56298828125 0.4990234375 0.1083984375 0.2265625
7 0.43310546875 0.78564453125 0.1103515625 0.2236328125
7 0.56298828125 0.79052734375 0.0966796875 0.2333984375
7 0.79296875 0.85302734375 0.2265625 0.1181640625