5 0.27978515625 0.20849609375 0.04052734375 0.04443359375
5 0.2900390625 0.36474609375 0.06494140625 0.03466796875
5 0.27685546875 0.47412109375 0.04931640625 0.04296875
5 0.283203125 0.59033203125 0.04296875 0.04736328125
5 0.28662109375 0.7041015625 0.05615234375 0.04736328125
5 0.3193359375 0.7734375 0.11865234375 0.0361328125
5 0.2978515625 0.82080078125 0.0341796875 0.02783203125
5 0.4033203125 0.8203125 0.02978515625 0.03466796875
4 0.4619140625 0.205078125 0.16259765625 0.048828125
4 0.65576171875 0.20361328125 0.1630859375 0.05712890625
4 0.55712890625 0.3623046875 0.3544921875 0.0556640625
4 0.556640625 0.4716796875 0.3525390625 0.05126953125
4 0.42919921875 0.5810546875 0.09619140625 0.05712890625
4 0.634765625 0.5791015625 0.20556640625 0.0556640625
2 0.5576171875 0.6923828125 0.35400390625 0.048828125
5 0.4052734375 0.24951171875 0.05712890625 0.029296875
5 0.5986328125 0.2529296875 0.0537109375 0.033203125
5 0.4091796875 0.623046875 0.0595703125 0.0263671875
5 0.57373046875 0.62841796875 0.08203125 0.03173828125
0 0.35107421875 0.888671875 0.1806640625 0.05810546875
6 0.27001953125 0.8173828125 0.01806640625 0.029296875
6 0.380859375 0.81787109375 0.0166015625 0.0361328125