0 0.1767578125 0.74462890625 0.20947265625 0.0478515625
0 0.17578125 0.796875 0.2109375 0.0439453125
0 0.49462890625 0.71337890625 0.2080078125 0.0439453125
0 0.49462890625 0.7958984375 0.2080078125 0.0458984375
4 0.4951171875 0.63232421875 0.2158203125 0.0439453125
4 0.4931640625 0.57373046875 0.2109375 0.0439453125
4 0.8154296875 0.53662109375 0.21240234375 0.03955078125
4 0.81396484375 0.59375 0.21240234375 0.03759765625
4 0.81640625 0.65185546875 0.2138671875 0.04150390625
0 0.81396484375 0.7958984375 0.20947265625 0.0458984375
0 0.8134765625 0.7158203125 0.2109375 0.0478515625
3 0.9072265625 0.64990234375 0.01416015625 0.0126953125
3 0.71728515625 0.64794921875 0.0126953125 0.0166015625
3 0.71484375 0.58837890625 0.0107421875 0.0146484375
3 0.71484375 0.533203125 0.0107421875 0.029296875
3 0.58740234375 0.63037109375 0.0185546875 0.02294921875
3 0.5888671875 0.57080078125 0.015625 0.0166015625
3 0.3984375 0.57177734375 0.0126953125 0.0185546875
3 0.39697265625 0.62939453125 0.015625 0.02490234375