5 0.1640625 0.47998046875 0.23388671875 0.0419921875
5 0.11865234375 0.5390625 0.15380859375 0.03369140625
5 0.1279296875 0.595703125 0.16552734375 0.029296875
5 0.12109375 0.6630859375 0.14892578125 0.0380859375
5 0.13232421875 0.72119140625 0.1640625 0.03564453125
5 0.13818359375 0.0791015625 0.21923828125 0.078125
3 0.96240234375 0.029296875 0.0185546875 0.02099609375
4 0.5859375 0.53466796875 0.7109375 0.04638671875
4 0.5859375 0.59375 0.7109375 0.05029296875
2 0.587890625 0.72021484375 0.70068359375 0.04638671875
0 0.67041015625 0.9072265625 0.2109375 0.07177734375
0 0.86474609375 0.90966796875 0.150390625 0.05908203125
4 0.552734375 0.3486328125 0.81103515625 0.052734375