0 0.5 0.240234375 0.18017578125 0.0732421875
5 0.37353515625 0.4267578125 0.09765625 0.0400390625
5 0.38623046875 0.5166015625 0.1123046875 0.0400390625
5 0.37744140625 0.67333984375 0.10009765625 0.046875
5 0.384765625 0.76513671875 0.10986328125 0.0498046875
5 0.451171875 0.85498046875 0.2373046875 0.03662109375
5 0.423828125 0.9482421875 0.1875 0.03662109375
5 0.6435546875 0.671875 0.07763671875 0.04345703125
3 0.302734375 0.419921875 0.03515625 0.046875
3 0.302734375 0.51318359375 0.03515625 0.05322265625
3 0.302734375 0.671875 0.03515625 0.0498046875
3 0.3037109375 0.76318359375 0.03759765625 0.05322265625
3 0.3037109375 0.85498046875 0.03271484375 0.0498046875
3 0.302734375 0.9501953125 0.03515625 0.05322265625
7 0.68017578125 0.76513671875 0.06494140625 0.0498046875
7 0.6787109375 0.85498046875 0.0673828125 0.056640625
7 0.6787109375 0.9482421875 0.0673828125 0.056640625
3 0.701171875 0.421875 0.0224609375 0.04345703125
3 0.701171875 0.52001953125 0.02734375 0.046875
3 0.70361328125 0.6748046875 0.0224609375 0.04345703125