5 0.1474609375 0.11962890625 0.12646484375 0.0439453125
5 0.36328125 0.3095703125 0.1162109375 0.02685546875
5 0.38525390625 0.388671875 0.0771484375 0.03564453125
5 0.388671875 0.46240234375 0.08154296875 0.03759765625
5 0.39013671875 0.533203125 0.08154296875 0.033203125
5 0.1806640625 0.53125 0.08154296875 0.02490234375
5 0.1806640625 0.46435546875 0.083984375 0.029296875
5 0.17822265625 0.390625 0.076171875 0.02685546875
5 0.14453125 0.3115234375 0.09716796875 0.02685546875
0 0.26123046875 0.85498046875 0.34130859375 0.11474609375
1 0.11279296875 0.3876953125 0.03076171875 0.0458984375
1 0.11328125 0.46337890625 0.02685546875 0.0439453125
1 0.11328125 0.5322265625 0.0322265625 0.0478515625
6 0.3212890625 0.533203125 0.02685546875 0.04150390625
6 0.32080078125 0.46240234375 0.025390625 0.04150390625
6 0.3212890625 0.388671875 0.02685546875 0.0439453125
5 0.5908203125 0.11865234375 0.1494140625 0.033203125
0 0.787109375 0.8779296875 0.23583984375 0.07275390625
0 0.1474609375 0.689453125 0.10546875 0.08349609375