5 0.23681640625 0.10009765625 0.04931640625 0.01123046875
5 0.24267578125 0.17626953125 0.06005859375 0.01904296875
5 0.42529296875 0.17431640625 0.02197265625 0.01318359375
3 0.4677734375 0.173828125 0.01708984375 0.01611328125
5 0.23876953125 0.2509765625 0.05908203125 0.01220703125
5 0.54443359375 0.279296875 0.044921875 0.01806640625
5 0.552734375 0.20068359375 0.06005859375 0.01708984375
5 0.55322265625 0.1259765625 0.06494140625 0.01416015625
5 0.54736328125 0.05078125 0.044921875 0.01513671875
5 0.26220703125 0.35107421875 0.10009765625 0.025390625
5 0.25830078125 0.05517578125 0.0908203125 0.02734375
5 0.5439453125 0.34814453125 0.04052734375 0.02001953125
5 0.736328125 0.12548828125 0.02294921875 0.01513671875
5 0.5458984375 0.42578125 0.04833984375 0.01611328125
5 0.23486328125 0.3935546875 0.04443359375 0.01806640625
5 0.23291015625 0.47216796875 0.04150390625 0.01513671875
5 0.232421875 0.54443359375 0.044921875 0.01611328125
5 0.22119140625 0.62060546875 0.02587890625 0.02001953125
5 0.23388671875 0.69677734375 0.0478515625 0.02001953125
5 0.2294921875 0.7734375 0.037109375 0.01806640625
5 0.22607421875 0.8486328125 0.0263671875 0.02001953125
5 0.53515625 0.72998046875 0.0263671875 0.01806640625
5 0.54443359375 0.6533203125 0.0400390625 0.01708984375
5 0.54296875 0.58056640625 0.0400390625 0.01904296875
5 0.53662109375 0.501953125 0.02734375 0.01220703125
2 0.65625 0.68505859375 0.2587890625 0.03369140625
2 0.65673828125 0.7607421875 0.25927734375 0.03369140625
2 0.3447265625 0.80224609375 0.25927734375 0.03369140625
2 0.34423828125 0.87744140625 0.259765625 0.03564453125
4 0.3447265625 0.7275390625 0.25927734375 0.0322265625
4 0.34375 0.65185546875 0.2578125 0.03125
4 0.3447265625 0.5771484375 0.2578125 0.03125
4 0.6552734375 0.53466796875 0.25927734375 0.033203125
4 0.65625 0.6103515625 0.25927734375 0.03466796875
4 0.34375 0.501953125 0.2578125 0.03125
4 0.65625 0.458984375 0.2587890625 0.03369140625
4 0.34375 0.42578125 0.2587890625 0.033203125
4 0.65576171875 0.38427734375 0.259765625 0.033203125
4 0.65576171875 0.30859375 0.259765625 0.033203125
4 0.6552734375 0.23291015625 0.2607421875 0.03369140625
4 0.310546875 0.20751953125 0.19140625 0.0322265625
4 0.4453125 0.20751953125 0.0576171875 0.0322265625
4 0.34521484375 0.28076171875 0.2587890625 0.03369140625
4 0.34423828125 0.1318359375 0.259765625 0.0322265625
4 0.65625 0.08251953125 0.2578125 0.033203125
4 0.7568359375 0.1572265625 0.0576171875 0.0302734375
3 0.7802734375 0.126953125 0.0107421875 0.01416015625
4 0.62255859375 0.15771484375 0.1923828125 0.033203125