0 0.22265625 0.11328125 0.1611328125 0.05322265625
1 0.06884765625 0.38671875 0.0185546875 0.02001953125
1 0.06787109375 0.62646484375 0.0205078125 0.01708984375
1 0.06884765625 0.82177734375 0.02197265625 0.0185546875
5 0.2177734375 0.384765625 0.2705078125 0.0244140625
5 0.27587890625 0.625 0.3857421875 0.02294921875
5 0.2109375 0.81884765625 0.2529296875 0.0185546875
0 0.16650390625 0.9345703125 0.27978515625 0.0419921875
5 0.08447265625 0.11279296875 0.04052734375 0.02294921875
5 0.09375 0.1845703125 0.05615234375 0.01708984375
5 0.25146484375 0.185546875 0.10009765625 0.021484375
0 0.21875 0.47998046875 0.2783203125 0.0419921875