4 0.615234375 0.513671875 0.3447265625 0.04638671875
4 0.61474609375 0.6162109375 0.34326171875 0.05615234375
4 0.615234375 0.826171875 0.3447265625 0.05859375
4 0.61376953125 0.720703125 0.3447265625 0.048828125
0 0.48095703125 0.9189453125 0.0751953125 0.0439453125
0 0.1884765625 0.1962890625 0.32763671875 0.17626953125
0 0.189453125 0.4765625 0.326171875 0.1787109375
0 0.1884765625 0.68017578125 0.33056640625 0.18359375
0 0.19091796875 0.89111328125 0.3291015625 0.20849609375
5 0.07080078125 0.3466796875 0.09228515625 0.04150390625
0 0.95361328125 0.03076171875 0.064453125 0.05126953125