5 0.1982421875 0.0771484375 0.0615234375 0.02490234375
5 0.35400390625 0.28759765625 0.138671875 0.02880859375
5 0.6337890625 0.17041015625 0.05859375 0.01904296875
5 0.6337890625 0.25146484375 0.0537109375 0.02197265625
5 0.6416015625 0.3291015625 0.06591796875 0.0234375
0 0.79052734375 0.2890625 0.04150390625 0.03173828125
0 0.7880859375 0.36474609375 0.04541015625 0.0205078125
0 0.79931640625 0.12841796875 0.05224609375 0.02587890625
5 0.74267578125 0.12451171875 0.03759765625 0.01513671875
5 0.30029296875 0.4140625 0.02978515625 0.02587890625
5 0.31591796875 0.5341796875 0.06396484375 0.02197265625
5 0.33056640625 0.650390625 0.0986328125 0.02587890625
5 0.3173828125 0.77001953125 0.06689453125 0.0234375
0 0.203125 0.9228515625 0.05859375 0.03564453125
0 0.81005859375 0.9228515625 0.03369140625 0.041015625
0 0.74658203125 0.458984375 0.15478515625 0.04345703125
0 0.7470703125 0.50732421875 0.15478515625 0.05078125
0 0.74755859375 0.56787109375 0.15673828125 0.05078125
0 0.7470703125 0.62548828125 0.1552734375 0.0478515625
0 0.74560546875 0.68115234375 0.1552734375 0.041015625
3 0.81982421875 0.07470703125 0.0107421875 0.02587890625
4 0.931640625 0.05224609375 0.0830078125 0.03564453125
0 0.85791015625 0.04931640625 0.0283203125 0.0302734375
0 0.982421875 0.1220703125 0.03515625 0.033203125
0 0.9228515625 0.791015625 0.1533203125 0.05224609375
0 0.9169921875 0.98046875 0.166015625 0.0390625
3 0.94970703125 0.12451171875 0.01318359375 0.01806640625
3 0.0859375 0.03857421875 0.01904296875 0.02490234375
0 0.4013671875 0.2041015625 0.0615234375 0.03173828125
4 0.4013671875 0.45263671875 0.2314453125 0.0400390625
4 0.40087890625 0.57080078125 0.232421875 0.0400390625
4 0.400390625 0.6875 0.2314453125 0.037109375
4 0.40283203125 0.80615234375 0.228515625 0.041015625
4 0.71337890625 0.28955078125 0.2080078125 0.03759765625
4 0.7138671875 0.365234375 0.20703125 0.0390625