5 0.50439453125 0.09912109375 0.03466796875 0.0341796875
5 0.52294921875 0.18701171875 0.04443359375 0.03369140625
5 0.60986328125 0.185546875 0.068359375 0.02294921875
5 0.70361328125 0.1826171875 0.0517578125 0.0302734375
5 0.7890625 0.1845703125 0.0556640625 0.02392578125
5 0.87109375 0.1875 0.0517578125 0.0224609375
5 0.890625 0.27001953125 0.06591796875 0.02294921875
5 0.77099609375 0.2705078125 0.0673828125 0.025390625
5 0.77587890625 0.3828125 0.07275390625 0.025390625
5 0.7880859375 0.5 0.09912109375 0.0302734375
5 0.54052734375 0.4990234375 0.07470703125 0.02294921875
5 0.51806640625 0.26708984375 0.0341796875 0.021484375
4 0.60986328125 0.318359375 0.2119140625 0.052734375
4 0.6103515625 0.548828125 0.21044921875 0.0537109375
4 0.84765625 0.43212890625 0.2109375 0.052734375
4 0.8466796875 0.548828125 0.2119140625 0.05078125
0 0.86669921875 0.736328125 0.05712890625 0.052734375
0 0.93408203125 0.73486328125 0.0703125 0.052734375
5 0.29150390625 0.15478515625 0.18017578125 0.041015625
5 0.23583984375 0.2392578125 0.041015625 0.02734375
5 0.30419921875 0.24072265625 0.03173828125 0.02685546875
5 0.36865234375 0.23974609375 0.0458984375 0.02734375
5 0.296875 0.40380859375 0.1923828125 0.0224609375
0 0.24267578125 0.4912109375 0.060546875 0.05419921875
3 0.20751953125 0.05078125 0.0185546875 0.03564453125
3 0.24267578125 0.05078125 0.02001953125 0.03369140625
5 0.06591796875 0.15185546875 0.06103515625 0.02294921875
5 0.060546875 0.220703125 0.04736328125 0.02392578125
5 0.06005859375 0.29052734375 0.04638671875 0.01953125
5 0.06591796875 0.3603515625 0.0615234375 0.02294921875
5 0.0634765625 0.43017578125 0.0517578125 0.021484375
5 0.0712890625 0.4990234375 0.064453125 0.025390625
5 0.05419921875 0.55712890625 0.03271484375 0.0244140625
5 0.0537109375 0.60400390625 0.03125 0.02294921875
5 0.07421875 0.6513671875 0.076171875 0.025390625
5 0.08154296875 0.69677734375 0.0908203125 0.0224609375
5 0.06640625 0.7548828125 0.05908203125 0.02392578125
5 0.0615234375 0.82177734375 0.0498046875 0.02294921875
5 0.05419921875 0.8916015625 0.03515625 0.0224609375
5 0.05419921875 0.96240234375 0.037109375 0.02734375
3 0.01904296875 0.96337890625 0.01513671875 0.02392578125
3 0.0185546875 0.89501953125 0.01513671875 0.03515625
3 0.017578125 0.82373046875 0.01318359375 0.02685546875
3 0.017578125 0.7548828125 0.01123046875 0.02001953125
3 0.017578125 0.50048828125 0.01416015625 0.02685546875
3 0.017578125 0.4326171875 0.0126953125 0.0283203125
3 0.01708984375 0.3623046875 0.01123046875 0.0341796875
3 0.0166015625 0.29296875 0.013671875 0.025390625
3 0.01806640625 0.22412109375 0.01318359375 0.02880859375
3 0.017578125 0.1533203125 0.0126953125 0.025390625
0 0.7978515625 0.31591796875 0.041015625 0.0537109375
0 0.9169921875 0.3173828125 0.03955078125 0.0537109375
5 0.87841796875 0.31787109375 0.0224609375 0.0244140625
5 0.76025390625 0.31787109375 0.01708984375 0.0244140625
4 0.3388671875 0.326171875 0.27099609375 0.0556640625