5 0.0859375 0.15673828125 0.0439453125 0.01318359375
5 0.1640625 0.158203125 0.0400390625 0.01318359375
5 0.08251953125 0.2001953125 0.037109375 0.009765625
5 0.07470703125 0.23828125 0.021484375 0.0166015625
5 0.08544921875 0.28076171875 0.04541015625 0.01171875
5 0.08251953125 0.32177734375 0.0400390625 0.01318359375
5 0.09619140625 0.36328125 0.0693359375 0.01318359375
4 0.47412109375 0.17333984375 0.15087890625 0.0234375
4 0.47314453125 0.2158203125 0.15185546875 0.021484375
4 0.880859375 0.24169921875 0.15087890625 0.03662109375
4 0.880859375 0.29345703125 0.15087890625 0.03662109375
4 0.14208984375 0.69921875 0.193359375 0.03515625
4 0.14208984375 0.74658203125 0.193359375 0.033203125
0 0.140625 0.4140625 0.07080078125 0.02490234375
0 0.47509765625 0.49755859375 0.0625 0.02490234375
0 0.47412109375 0.2607421875 0.0625 0.0283203125
0 0.8388671875 0.359375 0.06689453125 0.03173828125
0 0.689453125 0.16259765625 0.06689453125 0.03515625
0 0.9287109375 0.16162109375 0.0625 0.033203125
0 0.802734375 0.853515625 0.1201171875 0.04345703125
0 0.4482421875 0.85595703125 0.12255859375 0.044921875
0 0.14208984375 0.79833984375 0.1904296875 0.033203125
3 0.81396484375 0.4189453125 0.02001953125 0.021484375
3 0.83544921875 0.41748046875 0.01708984375 0.021484375
3 0.85888671875 0.41748046875 0.0185546875 0.021484375
3 0.76416015625 0.953125 0.02392578125 0.02685546875
3 0.79150390625 0.95263671875 0.02001953125 0.0283203125
3 0.81591796875 0.95166015625 0.021484375 0.02685546875
3 0.84326171875 0.95068359375 0.0224609375 0.03173828125
3 0.408203125 0.9541015625 0.02392578125 0.0283203125
3 0.4345703125 0.9541015625 0.021484375 0.0283203125
3 0.48876953125 0.955078125 0.0224609375 0.033203125
3 0.4619140625 0.9541015625 0.0224609375 0.0283203125
1 0.326171875 0.79931640625 0.00927734375 0.01513671875
1 0.05322265625 0.859375 0.01611328125 0.0185546875
5 0.35986328125 0.79833984375 0.05078125 0.0166015625
5 0.0947265625 0.85986328125 0.06396484375 0.0166015625
3 0.33642578125 0.708984375 0.01708984375 0.0185546875
3 0.333984375 0.75830078125 0.0146484375 0.02001953125
3 0.0615234375 0.6982421875 0.021484375 0.02685546875
3 0.0625 0.74658203125 0.01611328125 0.02685546875
3 0.14404296875 0.619140625 0.04248046875 0.0517578125
3 0.9404296875 0.294921875 0.01220703125 0.0166015625
3 0.4091796875 0.171875 0.01318359375 0.02001953125