5 0.0849609375 0.1767578125 0.12890625 0.07080078125
4 0.220703125 0.43701171875 0.390625 0.1005859375
5 0.041015625 0.5400390625 0.0546875 0.04248046875
5 0.38916015625 0.54150390625 0.0595703125 0.04541015625
5 0.06201171875 0.60302734375 0.0458984375 0.04541015625
5 0.42041015625 0.60205078125 0.0595703125 0.03759765625
1 0.37109375 0.6015625 0.0185546875 0.033203125
1 0.37109375 0.6845703125 0.0205078125 0.03955078125
3 0.3125 0.82373046875 0.02880859375 0.056640625
3 0.35693359375 0.8271484375 0.02294921875 0.04736328125
3 0.44580078125 0.4345703125 0.02685546875 0.048828125
3 0.625 0.162109375 0.01611328125 0.03759765625
3 0.66796875 0.16259765625 0.01708984375 0.04541015625
3 0.76318359375 0.04541015625 0.0244140625 0.0439453125
5 0.83642578125 0.0439453125 0.1103515625 0.03466796875
5 0.77880859375 0.15234375 0.05322265625 0.041015625
5 0.7939453125 0.349609375 0.08349609375 0.0361328125
5 0.8173828125 0.67529296875 0.1298828125 0.048828125
5 0.79638671875 0.87353515625 0.08740234375 0.04541015625
5 0.5 0.82958984375 0.18798828125 0.04248046875
3 0.65771484375 0.82373046875 0.01806640625 0.041015625
7 0.6181640625 0.8271484375 0.0400390625 0.05322265625
0 0.826171875 0.2138671875 0.140625 0.0693359375
2 0.5771484375 0.4365234375 0.20166015625 0.08642578125
2 0.87158203125 0.94580078125 0.23046875 0.080078125
5 0.068359375 0.6845703125 0.05322265625 0.04248046875