1 0.29443359375 0.15234375 0.0537109375 0.0625
1 0.287109375 0.27490234375 0.056640625 0.0615234375
1 0.28759765625 0.35693359375 0.0556640625 0.0615234375
1 0.28955078125 0.43798828125 0.0556640625 0.0576171875
1 0.28857421875 0.51708984375 0.0537109375 0.0615234375
1 0.28955078125 0.599609375 0.0537109375 0.056640625
1 0.28857421875 0.67822265625 0.0537109375 0.0556640625
1 0.28955078125 0.7607421875 0.0537109375 0.060546875
1 0.28857421875 0.84033203125 0.0556640625 0.0576171875
1 0.28857421875 0.921875 0.0556640625 0.060546875
2 0.416015625 0.05322265625 0.359375 0.0908203125
4 0.5859375 0.154296875 0.50390625 0.064453125
5 0.40380859375 0.2705078125 0.1357421875 0.052734375
5 0.40966796875 0.35107421875 0.1435546875 0.0498046875
5 0.3876953125 0.43408203125 0.091796875 0.0517578125
5 0.4150390625 0.51513671875 0.1484375 0.0517578125
5 0.3955078125 0.59375 0.1171875 0.052734375
5 0.43359375 0.673828125 0.189453125 0.052734375
5 0.3955078125 0.755859375 0.109375 0.052734375
5 0.41064453125 0.83544921875 0.1376953125 0.0458984375
5 0.44482421875 0.9169921875 0.2158203125 0.048828125
0 0.1240234375 0.32373046875 0.212890625 0.0849609375
3 0.931640625 0.15185546875 0.04296875 0.0478515625