1 0.185546875 0.4619140625 0.021484375 0.041015625
1 0.40380859375 0.34814453125 0.0185546875 0.0439453125
1 0.40185546875 0.42138671875 0.0185546875 0.0361328125
1 0.40283203125 0.5029296875 0.0205078125 0.041015625
1 0.40234375 0.580078125 0.01953125 0.041015625
1 0.18408203125 0.6875 0.0185546875 0.0390625
1 0.18408203125 0.8037109375 0.0205078125 0.041015625
1 0.18310546875 0.92041015625 0.0205078125 0.0361328125
5 0.26904296875 0.462890625 0.0673828125 0.037109375
5 0.45068359375 0.34619140625 0.0615234375 0.0380859375
5 0.4462890625 0.423828125 0.052734375 0.03515625
5 0.47314453125 0.5029296875 0.1103515625 0.04296875
5 0.45947265625 0.57861328125 0.0732421875 0.0419921875
5 0.29541015625 0.68798828125 0.1162109375 0.0400390625
5 0.30078125 0.8037109375 0.130859375 0.0390625
5 0.2734375 0.9208984375 0.076171875 0.041015625
3 0.21923828125 0.6884765625 0.0224609375 0.048828125
3 0.2177734375 0.80419921875 0.02734375 0.0498046875
3 0.22119140625 0.46142578125 0.0244140625 0.0458984375
3 0.21875 0.921875 0.021484375 0.044921875
3 0.74755859375 0.56103515625 0.0224609375 0.0458984375
0 0.64794921875 0.74267578125 0.2138671875 0.0458984375