5 0.49853515625 0.0859375 0.26953125 0.03271484375
5 0.49951171875 0.29736328125 0.134765625 0.02294921875
5 0.32666015625 0.4228515625 0.0419921875 0.01953125
5 0.33642578125 0.4814453125 0.06396484375 0.02490234375
5 0.3427734375 0.53955078125 0.07666015625 0.013671875
5 0.3203125 0.64111328125 0.02880859375 0.015625
5 0.533203125 0.64013671875 0.03173828125 0.017578125
5 0.341796875 0.73046875 0.078125 0.017578125
5 0.55126953125 0.7314453125 0.0654296875 0.01953125
5 0.337890625 0.88623046875 0.06396484375 0.015625
5 0.3310546875 0.94677734375 0.0595703125 0.02099609375
4 0.40869140625 0.419921875 0.02587890625 0.03662109375
4 0.47314453125 0.482421875 0.15234375 0.04248046875
4 0.47412109375 0.54150390625 0.15673828125 0.04052734375
4 0.3935546875 0.677734375 0.17529296875 0.03857421875
4 0.6064453125 0.6767578125 0.17236328125 0.04052734375
4 0.392578125 0.7685546875 0.173828125 0.03857421875
4 0.6064453125 0.767578125 0.17529296875 0.04052734375
4 0.4716796875 0.88525390625 0.158203125 0.04052734375
4 0.4716796875 0.94384765625 0.1552734375 0.03857421875