4 0.71240234375 0.42822265625 0.06982421875 0.0322265625
4 0.78515625 0.42822265625 0.06982421875 0.0322265625
4 0.7490234375 0.5234375 0.140625 0.029296875
4 0.7490234375 0.6025390625 0.140625 0.03076171875
0 0.69580078125 0.78271484375 0.0361328125 0.03125
5 0.71337890625 0.64794921875 0.07421875 0.02001953125
5 0.693359375 0.57080078125 0.0302734375 0.01416015625
5 0.689453125 0.4912109375 0.02392578125 0.01416015625
5 0.69091796875 0.3955078125 0.02587890625 0.01513671875
5 0.73291015625 0.33837890625 0.10791015625 0.02685546875
0 0.88330078125 0.25634765625 0.04052734375 0.03125
0 0.833984375 0.2548828125 0.044921875 0.0322265625
0 0.78759765625 0.255859375 0.046875 0.03271484375
5 0.47705078125 0.32275390625 0.0166015625 0.0126953125
3 0.4765625 0.30126953125 0.01123046875 0.021484375
3 0.4765625 0.353515625 0.0126953125 0.0234375
3 0.47607421875 0.4072265625 0.01416015625 0.02294921875
3 0.4755859375 0.46142578125 0.015625 0.02197265625
3 0.4765625 0.51513671875 0.0087890625 0.02294921875
3 0.51220703125 0.53515625 0.0078125 0.0126953125
3 0.51025390625 0.494140625 0.00830078125 0.0126953125
3 0.51123046875 0.4521484375 0.00830078125 0.0107421875
3 0.51123046875 0.4130859375 0.005859375 0.013671875
3 0.51123046875 0.373046875 0.00732421875 0.01708984375
3 0.58642578125 0.37255859375 0.005859375 0.01416015625
3 0.58642578125 0.4130859375 0.00537109375 0.01123046875
3 0.5869140625 0.453125 0.00634765625 0.013671875
3 0.58642578125 0.49365234375 0.005859375 0.0107421875
3 0.58642578125 0.533203125 0.005859375 0.0107421875
3 0.51025390625 0.61962890625 0.00537109375 0.01220703125
3 0.58544921875 0.61962890625 0.00439453125 0.0107421875
3 0.5869140625 0.66015625 0.00634765625 0.0126953125
3 0.51171875 0.6611328125 0.00732421875 0.01220703125
3 0.5107421875 0.7001953125 0.00732421875 0.0107421875
3 0.58544921875 0.7001953125 0.00537109375 0.00927734375
3 0.5859375 0.7412109375 0.0078125 0.009765625
3 0.51171875 0.7412109375 0.0087890625 0.0126953125
3 0.51220703125 0.78125 0.0078125 0.00927734375
3 0.5869140625 0.78271484375 0.005859375 0.015625
3 0.58642578125 0.8212890625 0.00830078125 0.01513671875
3 0.5859375 0.8623046875 0.00537109375 0.00732421875
3 0.51123046875 0.86083984375 0.0068359375 0.01416015625
3 0.51220703125 0.82177734375 0.0048828125 0.013671875
3 0.51171875 0.90380859375 0.0078125 0.01220703125
3 0.51708984375 0.29833984375 0.0078125 0.0126953125
3 0.59521484375 0.2978515625 0.0078125 0.01708984375
3 0.736328125 0.2548828125 0.0068359375 0.013671875
5 0.75 0.25537109375 0.015625 0.013671875
5 0.619140625 0.2998046875 0.04150390625 0.015625
5 0.541015625 0.30078125 0.03271484375 0.013671875
5 0.55859375 0.25244140625 0.1181640625 0.0205078125
5 0.4755859375 0.37646484375 0.01806640625 0.013671875
5 0.4765625 0.427734375 0.02490234375 0.01416015625
5 0.47705078125 0.4794921875 0.02783203125 0.017578125
5 0.47607421875 0.53466796875 0.02783203125 0.013671875
5 0.52734375 0.951171875 0.05029296875 0.0205078125
5 0.54443359375 0.90087890625 0.0517578125 0.01220703125
5 0.53076171875 0.8623046875 0.0263671875 0.01513671875
5 0.60888671875 0.861328125 0.0341796875 0.015625
5 0.615234375 0.81982421875 0.04541015625 0.01220703125
5 0.60400390625 0.78173828125 0.0205078125 0.0126953125
5 0.61376953125 0.740234375 0.0390625 0.01611328125
5 0.60400390625 0.69921875 0.025390625 0.013671875
5 0.6123046875 0.65966796875 0.03564453125 0.015625
5 0.6025390625 0.62060546875 0.021484375 0.01416015625
5 0.52587890625 0.61962890625 0.01708984375 0.017578125
5 0.5322265625 0.6591796875 0.0322265625 0.01220703125
5 0.53271484375 0.69970703125 0.0302734375 0.017578125
5 0.53369140625 0.74072265625 0.02783203125 0.01416015625
5 0.53515625 0.78076171875 0.03369140625 0.013671875
5 0.52685546875 0.82177734375 0.017578125 0.0126953125
5 0.53759765625 0.37255859375 0.041015625 0.015625
5 0.53173828125 0.41455078125 0.02587890625 0.01220703125
5 0.53369140625 0.453125 0.03173828125 0.01220703125
5 0.52587890625 0.494140625 0.01611328125 0.0107421875
5 0.6123046875 0.37353515625 0.03857421875 0.00927734375
5 0.61376953125 0.41455078125 0.03955078125 0.01513671875
5 0.6064453125 0.45263671875 0.02294921875 0.009765625
5 0.6015625 0.494140625 0.0146484375 0.01708984375
5 0.6083984375 0.53515625 0.03125 0.0126953125
5 0.5380859375 0.533203125 0.03857421875 0.01611328125
3 0.92333984375 0.25634765625 0.01025390625 0.021484375