6 0.587890625 0.3095703125 0.083984375 0.056640625
6 0.572265625 0.4228515625 0.087890625 0.05859375
6 0.5 0.53662109375 0.08203125 0.0595703125
6 0.51806640625 0.6484375 0.0849609375 0.0625
6 0.4951171875 0.7626953125 0.0859375 0.05859375
0 0.58447265625 0.92724609375 0.3310546875 0.1337890625
5 0.7138671875 0.306640625 0.146484375 0.05859375
5 0.7177734375 0.42138671875 0.1875 0.0517578125
5 0.71875 0.53662109375 0.310546875 0.0595703125
5 0.72021484375 0.650390625 0.2822265625 0.052734375
5 0.71875 0.76318359375 0.322265625 0.0517578125