0 0.7216796875 0.13720703125 0.1572265625 0.03955078125
2 0.328125 0.07373046875 0.05712890625 0.04736328125
2 0.94140625 0.0732421875 0.11572265625 0.048828125
4 0.89404296875 0.13525390625 0.1728515625 0.04248046875
5 0.0439453125 0.0732421875 0.02783203125 0.0244140625
5 0.0986328125 0.072265625 0.05859375 0.02294921875
5 0.1689453125 0.07177734375 0.05908203125 0.0244140625
5 0.23193359375 0.072265625 0.04296875 0.02001953125
5 0.27978515625 0.072265625 0.02783203125 0.02294921875
2 0.39697265625 0.072265625 0.07958984375 0.04736328125
5 0.47314453125 0.0732421875 0.060546875 0.021484375
5 0.541015625 0.072265625 0.0498046875 0.02294921875
3 0.10595703125 0.39208984375 0.0380859375 0.08984375
3 0.23046875 0.38818359375 0.03564453125 0.08544921875
3 0.35498046875 0.392578125 0.03662109375 0.08203125
3 0.47900390625 0.39111328125 0.037109375 0.08544921875
3 0.1064453125 0.7861328125 0.03564453125 0.08056640625
3 0.23046875 0.7861328125 0.0341796875 0.08984375
3 0.35498046875 0.78857421875 0.03369140625 0.09130859375
3 0.4775390625 0.787109375 0.0380859375 0.09423828125