3 0.01220703125 0.046875 0.013671875 0.0419921875
3 0.0517578125 0.046875 0.013671875 0.03759765625
3 0.087890625 0.04541015625 0.013671875 0.03515625
3 0.12158203125 0.04541015625 0.013671875 0.03515625
3 0.15673828125 0.04443359375 0.01611328125 0.0419921875
3 0.19189453125 0.04541015625 0.013671875 0.04443359375
3 0.220703125 0.04541015625 0.02001953125 0.04443359375
3 0.2509765625 0.04541015625 0.01904296875 0.04443359375
3 0.8291015625 0.04443359375 0.02001953125 0.03271484375
3 0.93701171875 0.0478515625 0.01708984375 0.0302734375
3 0.01806640625 0.173828125 0.01513671875 0.0302734375
5 0.05517578125 0.17626953125 0.0576171875 0.02587890625
5 0.06396484375 0.22412109375 0.0341796875 0.0234375
5 0.07177734375 0.27587890625 0.0498046875 0.0234375
5 0.07080078125 0.328125 0.0478515625 0.02587890625
5 0.0703125 0.3798828125 0.046875 0.0302734375
5 0.07080078125 0.43115234375 0.0498046875 0.02587890625
5 0.0703125 0.4814453125 0.046875 0.02783203125
5 0.0703125 0.53271484375 0.048828125 0.03271484375
5 0.0712890625 0.58984375 0.048828125 0.03515625
5 0.06982421875 0.63916015625 0.0458984375 0.02587890625
5 0.02490234375 0.11572265625 0.02880859375 0.0302734375
5 0.06298828125 0.1142578125 0.02978515625 0.03271484375
0 0.89501953125 0.04541015625 0.03955078125 0.048828125
5 0.84912109375 0.11669921875 0.0341796875 0.02783203125
5 0.89208984375 0.1142578125 0.04150390625 0.0234375
5 0.9384765625 0.11572265625 0.0341796875 0.02587890625
5 0.859375 0.19140625 0.05322265625 0.03271484375
5 0.892578125 0.2392578125 0.07666015625 0.02587890625
3 0.98193359375 0.2392578125 0.01708984375 0.0302734375
3 0.98388671875 0.31787109375 0.0107421875 0.0234375
5 0.84765625 0.3203125 0.0341796875 0.01416015625
3 0.970703125 0.94384765625 0.013671875 0.03271484375