4 0.1435546875 0.35498046875 0.140625 0.0400390625
4 0.14306640625 0.4013671875 0.14208984375 0.03759765625
4 0.1435546875 0.44873046875 0.140625 0.04248046875
4 0.51416015625 0.35888671875 0.14990234375 0.04736328125
4 0.5107421875 0.40625 0.1435546875 0.03759765625
2 0.5 0.544921875 0.1220703125 0.03515625
2 0.4560546875 0.63134765625 0.0341796875 0.03271484375
2 0.50927734375 0.63232421875 0.046875 0.02978515625
4 0.5107421875 0.58642578125 0.140625 0.03759765625
5 0.36083984375 0.583984375 0.125 0.03271484375
5 0.36865234375 0.541015625 0.1064453125 0.02734375
5 0.36328125 0.49853515625 0.10791015625 0.02734375
5 0.35791015625 0.44873046875 0.1220703125 0.02734375
5 0.3857421875 0.4013671875 0.0595703125 0.02734375
5 0.39453125 0.353515625 0.0517578125 0.03271484375
5 0.35400390625 0.63134765625 0.12353515625 0.02734375
5 0.3662109375 0.67236328125 0.1015625 0.02490234375
5 0.3623046875 0.71630859375 0.109375 0.0224609375
5 0.3505859375 0.763671875 0.1357421875 0.02734375
5 0.4052734375 0.833984375 0.0263671875 0.0224609375
5 0.39599609375 0.794921875 0.0419921875 0.02490234375
5 0.34765625 0.87890625 0.13916015625 0.0224609375
5 0.3486328125 0.927734375 0.1376953125 0.02490234375
5 0.37744140625 0.97265625 0.0830078125 0.02490234375
5 0.03515625 0.3525390625 0.0263671875 0.02490234375
5 0.0390625 0.771484375 0.03125 0.02734375
5 0.02490234375 0.81396484375 0.0498046875 0.03271484375
5 0.02490234375 0.865234375 0.0498046875 0.02490234375
5 0.0380859375 0.90771484375 0.0263671875 0.02490234375
5 0.0263671875 0.9521484375 0.052734375 0.03515625
5 0.02587890625 0.72021484375 0.0517578125 0.02490234375
5 0.02587890625 0.6748046875 0.0517578125 0.03515625
5 0.02587890625 0.63134765625 0.0517578125 0.0224609375
5 0.0263671875 0.58447265625 0.052734375 0.0302734375
5 0.02587890625 0.53857421875 0.0517578125 0.02734375
5 0.0263671875 0.49365234375 0.052734375 0.0224609375
5 0.02587890625 0.44384765625 0.0517578125 0.02734375
5 0.02490234375 0.39990234375 0.0498046875 0.02001953125
5 0.1357421875 0.134765625 0.0625 0.02978515625
5 0.20849609375 0.13623046875 0.06103515625 0.02734375
5 0.29541015625 0.134765625 0.0810546875 0.02978515625
5 0.37890625 0.13623046875 0.0546875 0.0224609375
0 0.57568359375 0.13623046875 0.0732421875 0.0576171875
0 0.80078125 0.669921875 0.04541015625 0.044921875
0 0.89306640625 0.67138671875 0.0390625 0.04248046875
0 0.84521484375 0.76611328125 0.05322265625 0.04736328125
0 0.84912109375 0.669921875 0.0361328125 0.044921875
1 0.7841796875 0.60986328125 0.0185546875 0.02978515625
1 0.78369140625 0.396484375 0.01708984375 0.02734375
5 0.84375 0.392578125 0.0966796875 0.02490234375
5 0.83740234375 0.6064453125 0.08740234375 0.0224609375
4 0.84521484375 0.28515625 0.140625 0.044921875
4 0.84375 0.33642578125 0.140625 0.04248046875
4 0.84375 0.451171875 0.140625 0.04248046875
4 0.84619140625 0.5 0.14208984375 0.044921875
4 0.84375 0.5498046875 0.140625 0.044921875
1 0.83837890625 0.197265625 0.01708984375 0.02978515625
4 0.5107421875 0.45263671875 0.1435546875 0.0400390625
4 0.5107421875 0.49853515625 0.1435546875 0.03759765625
4 0.51025390625 0.6748046875 0.14208984375 0.0400390625
4 0.51025390625 0.72265625 0.14208984375 0.0400390625
4 0.5107421875 0.76611328125 0.1435546875 0.03759765625
4 0.51025390625 0.83984375 0.14208984375 0.0400390625
4 0.5107421875 0.884765625 0.1435546875 0.0400390625
4 0.5107421875 0.93115234375 0.1435546875 0.04248046875
4 0.45458984375 0.97607421875 0.03125 0.03759765625
4 0.4892578125 0.97607421875 0.03125 0.03759765625
4 0.52978515625 0.9775390625 0.0439453125 0.0400390625
4 0.1435546875 0.4951171875 0.1435546875 0.03515625
4 0.1435546875 0.5400390625 0.1435546875 0.0400390625
4 0.1435546875 0.58642578125 0.1435546875 0.03759765625
4 0.1435546875 0.68115234375 0.1435546875 0.03759765625
4 0.1435546875 0.72509765625 0.1435546875 0.0400390625
4 0.14306640625 0.771484375 0.14208984375 0.03759765625
4 0.1435546875 0.81884765625 0.1435546875 0.04248046875
4 0.14306640625 0.865234375 0.14208984375 0.0400390625
4 0.1435546875 0.91015625 0.1435546875 0.03515625
4 0.14453125 0.958984375 0.14208984375 0.03759765625
5 0.45556640625 0.13623046875 0.0703125 0.0224609375
5 0.6650390625 0.134765625 0.0419921875 0.02490234375
4 0.1435546875 0.6337890625 0.1435546875 0.04248046875