4 0.50830078125 0.10693359375 0.32421875 0.05615234375
4 0.509765625 0.22705078125 0.3291015625 0.05126953125
4 0.5068359375 0.34375 0.33056640625 0.0556640625
4 0.5078125 0.4619140625 0.3310546875 0.05322265625
4 0.50634765625 0.57958984375 0.32861328125 0.05322265625
2 0.50732421875 0.8115234375 0.33349609375 0.0556640625
2 0.505859375 0.927734375 0.330078125 0.0537109375
5 0.37353515625 0.06005859375 0.068359375 0.02392578125
5 0.3720703125 0.17578125 0.072265625 0.02880859375
5 0.37353515625 0.29443359375 0.068359375 0.0205078125
5 0.37353515625 0.41455078125 0.068359375 0.0205078125
5 0.35498046875 0.5283203125 0.0302734375 0.0224609375
5 0.36865234375 0.64453125 0.0615234375 0.02734375
5 0.36865234375 0.76220703125 0.0576171875 0.0263671875
5 0.3583984375 0.8818359375 0.037109375 0.02490234375
4 0.50830078125 0.697265625 0.33056640625 0.0537109375