6 0.0966796875 0.1240234375 0.115234375 0.072265625
6 0.09716796875 0.35791015625 0.1142578125 0.0693359375
6 0.09765625 0.4951171875 0.115234375 0.0703125
6 0.09716796875 0.63134765625 0.1142578125 0.0673828125
6 0.09716796875 0.771484375 0.1162109375 0.0703125
6 0.09619140625 0.90869140625 0.1103515625 0.0673828125
3 0.10205078125 0.25 0.0810546875 0.0390625
3 0.54248046875 0.0361328125 0.0634765625 0.041015625
3 0.6708984375 0.03466796875 0.044921875 0.0380859375
3 0.79736328125 0.03125 0.0576171875 0.041015625
3 0.92431640625 0.033203125 0.0634765625 0.02734375
3 0.05859375 0.033203125 0.037109375 0.03515625