5 0.25390625 0.06884765625 0.427734375 0.04736328125
5 0.14306640625 0.22607421875 0.2060546875 0.03271484375
5 0.10791015625 0.40771484375 0.13525390625 0.02490234375
5 0.57080078125 0.4111328125 0.11376953125 0.03759765625
5 0.0966796875 0.59130859375 0.11376953125 0.03271484375
5 0.09521484375 0.32861328125 0.11083984375 0.02734375
5 0.412109375 0.326171875 0.1416015625 0.03271484375
5 0.716796875 0.326171875 0.11669921875 0.03271484375
5 0.07373046875 0.51123046875 0.09228515625 0.02734375
5 0.21240234375 0.50634765625 0.05517578125 0.02734375
5 0.36474609375 0.51123046875 0.05859375 0.03271484375
5 0.109375 0.69140625 0.15087890625 0.03759765625
5 0.1474609375 0.80859375 0.21533203125 0.02734375
5 0.06591796875 0.91748046875 0.04638671875 0.03515625
5 0.60009765625 0.92138671875 0.166015625 0.02734375
4 0.1923828125 0.27734375 0.29833984375 0.0498046875
4 0.50146484375 0.27880859375 0.2890625 0.052734375
4 0.8076171875 0.27880859375 0.29833984375 0.052734375
2 0.11083984375 0.4638671875 0.1416015625 0.052734375
2 0.259765625 0.46240234375 0.138671875 0.044921875
2 0.41064453125 0.46240234375 0.13232421875 0.0498046875
2 0.73681640625 0.46484375 0.43994140625 0.0498046875
4 0.50146484375 0.64501953125 0.91064453125 0.044921875
4 0.5 0.75634765625 0.9140625 0.052734375
4 0.26318359375 0.8701171875 0.43408203125 0.0498046875
4 0.73681640625 0.87109375 0.4462890625 0.04736328125