5 0.43359375 0.19091796875 0.80419921875 0.05224609375
5 0.27001953125 0.3232421875 0.4619140625 0.03173828125
5 0.07568359375 0.46533203125 0.08349609375 0.03564453125
5 0.12255859375 0.60302734375 0.17236328125 0.02978515625
5 0.16845703125 0.71044921875 0.26904296875 0.03564453125
5 0.169921875 0.841796875 0.27685546875 0.0283203125
5 0.0732421875 0.9716796875 0.078125 0.02978515625
5 0.744140625 0.9716796875 0.46484375 0.02978515625
4 0.27685546875 0.380859375 0.47021484375 0.05078125
4 0.27685546875 0.5205078125 0.47021484375 0.05224609375
4 0.50927734375 0.65625 0.93994140625 0.05078125
4 0.50927734375 0.78662109375 0.93994140625 0.05224609375
4 0.26513671875 0.91552734375 0.45166015625 0.048828125
4 0.751953125 0.91455078125 0.4541015625 0.05078125