1 0.0693359375 0.669921875 0.044921875 0.060546875
1 0.06982421875 0.76806640625 0.0419921875 0.0634765625
1 0.068359375 0.86669921875 0.04296875 0.0537109375
1 0.54150390625 0.67236328125 0.0439453125 0.0654296875
1 0.53955078125 0.7705078125 0.0419921875 0.0625
1 0.5390625 0.8701171875 0.041015625 0.056640625
6 0.5361328125 0.2353515625 0.044921875 0.068359375
6 0.53564453125 0.33349609375 0.0419921875 0.0751953125
6 0.54150390625 0.43603515625 0.0419921875 0.0732421875
6 0.0712890625 0.43994140625 0.044921875 0.0771484375
6 0.0712890625 0.33740234375 0.056640625 0.0595703125
6 0.06982421875 0.23876953125 0.0478515625 0.0712890625