7 0.2080078125 0.1455078125 0.2421875 0.08203125
7 0.49951171875 0.1494140625 0.2412109375 0.087890625
7 0.796875 0.150390625 0.248046875 0.0859375
7 0.20751953125 0.2705078125 0.2431640625 0.087890625
7 0.50048828125 0.27099609375 0.2392578125 0.0869140625
7 0.7919921875 0.271484375 0.244140625 0.08203125
7 0.20849609375 0.40966796875 0.2431640625 0.0830078125
7 0.505859375 0.40625 0.244140625 0.087890625
7 0.80224609375 0.408203125 0.2451171875 0.0859375
7 0.20556640625 0.529296875 0.2451171875 0.0859375
7 0.50439453125 0.529296875 0.2451171875 0.087890625
7 0.80126953125 0.5283203125 0.2431640625 0.08984375
7 0.17236328125 0.67919921875 0.1708984375 0.0888671875
7 0.1669921875 0.79052734375 0.166015625 0.0830078125