5 0.49951171875 0.0693359375 0.75830078125 0.0390625
5 0.12158203125 0.12744140625 0.1728515625 0.01904296875
5 0.0703125 0.232421875 0.07568359375 0.02001953125
5 0.07373046875 0.33837890625 0.07177734375 0.01904296875
5 0.103515625 0.4453125 0.13671875 0.0224609375
5 0.1220703125 0.54931640625 0.1796875 0.0166015625
5 0.09521484375 0.65576171875 0.123046875 0.02001953125
5 0.14208984375 0.7607421875 0.21630859375 0.01904296875
5 0.5654296875 0.654296875 0.109375 0.02001953125
4 0.498046875 0.17333984375 0.94189453125 0.0576171875
4 0.26171875 0.27880859375 0.45556640625 0.0556640625
4 0.73828125 0.27978515625 0.45263671875 0.05322265625
4 0.49951171875 0.3857421875 0.93115234375 0.0576171875
2 0.50048828125 0.4892578125 0.93115234375 0.0546875
2 0.5 0.59619140625 0.9326171875 0.0546875
4 0.25927734375 0.701171875 0.4541015625 0.05322265625
4 0.73974609375 0.701171875 0.45263671875 0.0556640625
4 0.5 0.8056640625 0.93505859375 0.0556640625