0 0.12353515625 0.81689453125 0.1455078125 0.0732421875
5 0.263671875 0.81689453125 0.0908203125 0.0224609375
5 0.12255859375 0.89990234375 0.12158203125 0.0224609375
5 0.12744140625 0.92822265625 0.12744140625 0.01611328125
5 0.2236328125 0.67822265625 0.3525390625 0.0830078125
5 0.2490234375 0.49365234375 0.392578125 0.19091796875
5 0.080078125 0.0908203125 0.08740234375 0.03515625
5 0.29345703125 0.08935546875 0.0673828125 0.03173828125
5 0.37646484375 0.0908203125 0.07275390625 0.03515625
5 0.46728515625 0.0908203125 0.08349609375 0.03515625
5 0.54443359375 0.0908203125 0.0419921875 0.03515625
5 0.5947265625 0.0908203125 0.029296875 0.02880859375
5 0.64013671875 0.0908203125 0.03271484375 0.03515625
5 0.68994140625 0.0908203125 0.04931640625 0.0224609375
0 0.75634765625 0.09228515625 0.05078125 0.03173828125
0 0.83740234375 0.09228515625 0.0634765625 0.0634765625
0 0.91357421875 0.09228515625 0.07080078125 0.0634765625