7 0.42236328125 0.14501953125 0.0673828125 0.0283203125
7 0.42041015625 0.62939453125 0.1142578125 0.0458984375
7 0.60302734375 0.62890625 0.1123046875 0.044921875
7 0.421875 0.5322265625 0.072265625 0.029296875
7 0.60107421875 0.5322265625 0.0712890625 0.03125
7 0.42236328125 0.24365234375 0.1162109375 0.0478515625
7 0.6005859375 0.2431640625 0.119140625 0.046875
7 0.6005859375 0.1455078125 0.07421875 0.03515625
6 0.42138671875 0.33984375 0.0302734375 0.03125
6 0.60302734375 0.33935546875 0.0341796875 0.0302734375
6 0.4208984375 0.43701171875 0.048828125 0.0478515625
6 0.4228515625 0.72705078125 0.03125 0.0302734375
6 0.60205078125 0.72607421875 0.0302734375 0.0283203125
6 0.42333984375 0.8212890625 0.0458984375 0.046875
6 0.6015625 0.82177734375 0.046875 0.0498046875
7 0.42236328125 0.91943359375 0.0673828125 0.0283203125
7 0.60302734375 0.91943359375 0.0712890625 0.0263671875
6 0.60302734375 0.43505859375 0.0458984375 0.0458984375