5 0.23583984375 0.10107421875 0.04296875 0.013671875
5 0.31005859375 0.1767578125 0.19287109375 0.013671875
5 0.4248046875 0.17529296875 0.01904296875 0.01123046875
5 0.54736328125 0.05224609375 0.04345703125 0.0146484375
5 0.62109375 0.1259765625 0.1923828125 0.01318359375
5 0.736328125 0.126953125 0.01904296875 0.013671875
5 0.55322265625 0.2021484375 0.05615234375 0.01318359375
5 0.5439453125 0.27734375 0.03857421875 0.01318359375
5 0.54541015625 0.35302734375 0.037109375 0.01123046875
5 0.2412109375 0.2509765625 0.0537109375 0.01513671875
5 0.232421875 0.3955078125 0.0400390625 0.0146484375
5 0.54443359375 0.4267578125 0.03857421875 0.01123046875
5 0.77001953125 0.42724609375 0.0322265625 0.013671875
5 0.53466796875 0.50439453125 0.0185546875 0.01513671875
5 0.5419921875 0.5791015625 0.03173828125 0.01318359375
5 0.54052734375 0.654296875 0.0322265625 0.013671875
5 0.53662109375 0.72998046875 0.0205078125 0.01123046875
5 0.23388671875 0.47119140625 0.03759765625 0.0107421875
5 0.23388671875 0.54638671875 0.03857421875 0.01318359375
5 0.45947265625 0.54638671875 0.03369140625 0.01318359375
5 0.2216796875 0.62158203125 0.0166015625 0.013671875
5 0.23095703125 0.69677734375 0.033203125 0.0146484375
5 0.2294921875 0.77099609375 0.03076171875 0.01318359375
5 0.22412109375 0.8466796875 0.02197265625 0.01318359375
2 0.34423828125 0.80224609375 0.2587890625 0.03759765625
2 0.34521484375 0.87841796875 0.2626953125 0.03955078125
2 0.65576171875 0.68505859375 0.2607421875 0.0380859375
2 0.65576171875 0.76123046875 0.26123046875 0.03759765625
4 0.3447265625 0.1298828125 0.26318359375 0.03662109375
4 0.310546875 0.20654296875 0.193359375 0.03662109375
4 0.44482421875 0.20556640625 0.0615234375 0.03515625
4 0.65576171875 0.08203125 0.2626953125 0.03662109375
4 0.6220703125 0.1572265625 0.19384765625 0.03759765625
4 0.75634765625 0.15576171875 0.06103515625 0.0361328125
4 0.6552734375 0.2333984375 0.2607421875 0.0390625
4 0.34423828125 0.28173828125 0.26318359375 0.03759765625
4 0.6552734375 0.30810546875 0.26171875 0.03955078125
4 0.65625 0.3828125 0.26123046875 0.0380859375
4 0.34423828125 0.42578125 0.2626953125 0.0380859375
4 0.65576171875 0.45947265625 0.26171875 0.04150390625
4 0.65625 0.53515625 0.2626953125 0.0380859375
4 0.65576171875 0.6103515625 0.2626953125 0.0361328125
4 0.34423828125 0.50146484375 0.26171875 0.03662109375
4 0.34375 0.57666015625 0.26123046875 0.0390625
4 0.34521484375 0.65283203125 0.26123046875 0.0380859375
4 0.34423828125 0.72705078125 0.26123046875 0.03955078125
3 0.46826171875 0.17529296875 0.0146484375 0.02001953125
3 0.78076171875 0.1259765625 0.0126953125 0.017578125