6 0.14697265625 0.78759765625 0.0302734375 0.0478515625
4 0.56103515625 0.43603515625 0.1083984375 0.0830078125
4 0.74169921875 0.4375 0.1025390625 0.0859375
4 0.5615234375 0.5556640625 0.107421875 0.0859375
4 0.74267578125 0.5556640625 0.0986328125 0.083984375
4 0.875 0.55810546875 0.0625 0.0849609375
4 0.93212890625 0.435546875 0.0849609375 0.0859375
2 0.22607421875 0.03466796875 0.4521484375 0.0693359375
4 0.5693359375 0.89794921875 0.068359375 0.0810546875
3 0.875 0.07470703125 0.0390625 0.0498046875
3 0.9560546875 0.1845703125 0.0546875 0.048828125
3 0.64111328125 0.07177734375 0.0322265625 0.0634765625