5 0.31494140625 0.16015625 0.04248046875 0.03759765625
5 0.3203125 0.3212890625 0.1025390625 0.048828125
5 0.35009765625 0.40478515625 0.0703125 0.060546875
5 0.5107421875 0.40478515625 0.10107421875 0.06640625
5 0.68017578125 0.4091796875 0.078125 0.0517578125
6 0.28466796875 0.40771484375 0.041015625 0.060546875
6 0.42724609375 0.412109375 0.0361328125 0.0693359375
6 0.60595703125 0.41064453125 0.0341796875 0.06640625
5 0.25390625 0.60791015625 0.23974609375 0.0634765625
0 0.50634765625 0.8662109375 0.18115234375 0.1181640625
5 0.33544921875 0.08349609375 0.080078125 0.0458984375