7 0.10009765625 0.28125 0.0283203125 0.029296875
7 0.099609375 0.3291015625 0.033203125 0.033203125
7 0.16357421875 0.28173828125 0.0283203125 0.0283203125
7 0.1630859375 0.3271484375 0.03515625 0.033203125
7 0.22802734375 0.2822265625 0.0419921875 0.033203125
7 0.22705078125 0.32958984375 0.0380859375 0.0322265625
7 0.2890625 0.32763671875 0.03515625 0.0302734375
7 0.2900390625 0.2822265625 0.03125 0.02734375
7 0.3857421875 0.28271484375 0.03125 0.0283203125
7 0.3857421875 0.32958984375 0.03125 0.0341796875
7 0.560546875 0.28173828125 0.03515625 0.0361328125
7 0.560546875 0.32861328125 0.03125 0.0283203125
1 0.0947265625 0.12744140625 0.021484375 0.0263671875
1 0.09521484375 0.173828125 0.0224609375 0.029296875
1 0.1455078125 0.12744140625 0.021484375 0.0302734375
1 0.14501953125 0.1728515625 0.0224609375 0.029296875
1 0.1953125 0.12744140625 0.02734375 0.0341796875
1 0.19482421875 0.1728515625 0.0244140625 0.033203125
1 0.24462890625 0.12744140625 0.0244140625 0.0341796875
1 0.24560546875 0.1728515625 0.0283203125 0.033203125
1 0.38525390625 0.1279296875 0.0205078125 0.02734375
1 0.38525390625 0.17431640625 0.0205078125 0.0283203125
1 0.29345703125 0.126953125 0.0205078125 0.02734375
1 0.2939453125 0.1748046875 0.021484375 0.025390625
6 0.38232421875 0.4375 0.0205078125 0.02734375
6 0.38232421875 0.48291015625 0.0244140625 0.0302734375
6 0.29541015625 0.43603515625 0.0224609375 0.0283203125
6 0.294921875 0.48388671875 0.025390625 0.0283203125
6 0.24462890625 0.48486328125 0.0283203125 0.0361328125
6 0.2451171875 0.43701171875 0.025390625 0.0361328125
6 0.1943359375 0.4365234375 0.02734375 0.03515625
6 0.1943359375 0.4833984375 0.02734375 0.03515625
6 0.095703125 0.43798828125 0.025390625 0.0302734375
6 0.09375 0.4833984375 0.0234375 0.029296875
6 0.14501953125 0.4365234375 0.0224609375 0.029296875
6 0.14453125 0.48388671875 0.0234375 0.0283203125
6 0.70556640625 0.43701171875 0.0244140625 0.0302734375
6 0.70458984375 0.484375 0.0224609375 0.029296875
6 0.75537109375 0.43701171875 0.0224609375 0.0283203125
6 0.75537109375 0.48486328125 0.0205078125 0.0302734375
6 0.80517578125 0.4365234375 0.0302734375 0.03515625
6 0.80615234375 0.484375 0.0283203125 0.033203125
6 0.8544921875 0.43701171875 0.02734375 0.0361328125
6 0.85595703125 0.48486328125 0.0263671875 0.0302734375
6 0.9052734375 0.43701171875 0.0234375 0.0322265625
6 0.90576171875 0.4853515625 0.0224609375 0.029296875
6 0.55908203125 0.43798828125 0.0244140625 0.0322265625
6 0.5576171875 0.484375 0.0234375 0.03125
1 0.560546875 0.12646484375 0.0234375 0.0263671875
1 0.56005859375 0.17333984375 0.0224609375 0.0263671875
1 0.70556640625 0.126953125 0.0205078125 0.02734375
1 0.705078125 0.17431640625 0.021484375 0.0263671875
1 0.75537109375 0.12646484375 0.0244140625 0.0283203125
1 0.7548828125 0.1728515625 0.021484375 0.02734375
1 0.80517578125 0.126953125 0.0283203125 0.03515625
1 0.8046875 0.17431640625 0.0234375 0.0322265625
1 0.85498046875 0.12646484375 0.0263671875 0.0361328125
1 0.85498046875 0.173828125 0.0224609375 0.02734375
7 0.71044921875 0.28173828125 0.0341796875 0.0322265625
7 0.71044921875 0.3291015625 0.0322265625 0.029296875
7 0.7734375 0.28125 0.03515625 0.03125
7 0.7734375 0.32861328125 0.037109375 0.0302734375
7 0.837890625 0.28271484375 0.04296875 0.0361328125
7 0.83642578125 0.3291015625 0.0341796875 0.033203125
1 0.9052734375 0.126953125 0.025390625 0.029296875
1 0.9052734375 0.17431640625 0.0234375 0.0263671875
7 0.89990234375 0.28271484375 0.0283203125 0.0302734375
7 0.89990234375 0.3291015625 0.0302734375 0.029296875