2 0.2197265625 0.55517578125 0.240234375 0.0830078125
0 0.40234375 0.55322265625 0.111328125 0.0849609375
5 0.71826171875 0.22216796875 0.0361328125 0.0732421875
5 0.779296875 0.220703125 0.037109375 0.068359375
5 0.8427734375 0.22119140625 0.037109375 0.0693359375
5 0.64306640625 0.22509765625 0.0380859375 0.0673828125
5 0.5810546875 0.22607421875 0.04296875 0.0673828125
5 0.15966796875 0.22216796875 0.0439453125 0.0712890625
5 0.0517578125 0.076171875 0.033203125 0.06640625
5 0.43798828125 0.076171875 0.0302734375 0.048828125
5 0.513671875 0.0751953125 0.03125 0.046875
5 0.96337890625 0.22314453125 0.0244140625 0.0634765625
5 0.9599609375 0.03125 0.033203125 0.05078125
5 0.7861328125 0.0322265625 0.041015625 0.037109375
5 0.69677734375 0.029296875 0.0439453125 0.0390625
5 0.03662109375 0.22021484375 0.0322265625 0.0673828125
5 0.09912109375 0.2216796875 0.0361328125 0.072265625