6 0.04931640625 0.28271484375 0.0205078125 0.0244140625
6 0.0458984375 0.3154296875 0.0234375 0.021484375
6 0.0458984375 0.3525390625 0.021484375 0.017578125
6 0.0458984375 0.4521484375 0.01953125 0.021484375
6 0.046875 0.48291015625 0.021484375 0.0185546875
6 0.04345703125 0.51806640625 0.0263671875 0.0205078125
5 0.09619140625 0.287109375 0.0556640625 0.025390625
5 0.09814453125 0.322265625 0.0537109375 0.025390625
5 0.1015625 0.35791015625 0.068359375 0.0224609375
5 0.099609375 0.455078125 0.052734375 0.0234375
5 0.09716796875 0.49072265625 0.0517578125 0.0224609375
5 0.1015625 0.52490234375 0.068359375 0.0244140625
4 0.46435546875 0.625 0.8564453125 0.025390625
4 0.4619140625 0.1962890625 0.8515625 0.021484375
0 0.07470703125 0.95556640625 0.0791015625 0.0244140625