4 0.5 0.123046875 0.8994140625 0.10302734375
4 0.501953125 0.3154296875 0.8955078125 0.09912109375
4 0.28662109375 0.71240234375 0.46435546875 0.09130859375
2 0.28466796875 0.91064453125 0.46875 0.09912109375
5 0.1611328125 0.83154296875 0.25537109375 0.04345703125
5 0.15478515625 0.630859375 0.2177734375 0.0478515625
5 0.1650390625 0.51171875 0.1044921875 0.0556640625
5 0.46240234375 0.513671875 0.15478515625 0.04345703125
5 0.15673828125 0.23388671875 0.2216796875 0.03955078125
5 0.12158203125 0.03759765625 0.1591796875 0.04345703125
5 0.08984375 0.4384765625 0.087890625 0.04345703125
6 0.06298828125 0.51171875 0.06689453125 0.0712890625
6 0.3349609375 0.51171875 0.0751953125 0.0556640625