5 0.0947265625 0.04638671875 0.15576171875 0.04638671875
5 0.2109375 0.5673828125 0.08203125 0.04248046875
5 0.35400390625 0.5693359375 0.0791015625 0.03076171875
5 0.53564453125 0.5732421875 0.17578125 0.04638671875
5 0.08642578125 0.5732421875 0.0537109375 0.03857421875
5 0.29052734375 0.79638671875 0.478515625 0.03857421875
0 0.09619140625 0.9365234375 0.15869140625 0.0732421875
1 0.02978515625 0.7978515625 0.025390625 0.03466796875
6 0.03271484375 0.5732421875 0.03125 0.04638671875
6 0.1474609375 0.5712890625 0.0341796875 0.04248046875
6 0.28759765625 0.5732421875 0.03125 0.04638671875
6 0.42626953125 0.5693359375 0.03125 0.04638671875
5 0.1064453125 0.5078125 0.1728515625 0.03076171875
5 0.07080078125 0.28076171875 0.119140625 0.04638671875
5 0.078125 0.15576171875 0.13330078125 0.03466796875
5 0.03662109375 0.41552734375 0.03955078125 0.03857421875
5 0.0595703125 0.66552734375 0.09619140625 0.03076171875