5 0.375 0.06201171875 0.07568359375 0.0234375
5 0.37255859375 0.1767578125 0.06640625 0.02783203125
5 0.37158203125 0.29443359375 0.0712890625 0.0224609375
5 0.3740234375 0.41357421875 0.0693359375 0.021484375
5 0.3544921875 0.52978515625 0.0341796875 0.02587890625
5 0.37158203125 0.64697265625 0.06787109375 0.02490234375
5 0.36669921875 0.763671875 0.05908203125 0.02587890625
5 0.35595703125 0.88037109375 0.04296875 0.02587890625
4 0.5087890625 0.1083984375 0.32763671875 0.060546875
4 0.50634765625 0.22705078125 0.3271484375 0.0517578125
4 0.5068359375 0.34228515625 0.33203125 0.05615234375
4 0.50830078125 0.4599609375 0.33056640625 0.0537109375
4 0.509765625 0.578125 0.32666015625 0.0478515625
4 0.50537109375 0.693359375 0.3291015625 0.05029296875
2 0.5087890625 0.81494140625 0.32861328125 0.05029296875
2 0.50634765625 0.92724609375 0.3271484375 0.05029296875