7 0.2724609375 0.49853515625 0.052734375 0.0341796875
2 0.1435546875 0.8447265625 0.224609375 0.04296875
4 0.77490234375 0.84326171875 0.3251953125 0.0458984375
4 0.4619140625 0.689453125 0.82421875 0.052734375
0 0.92236328125 0.6884765625 0.0751953125 0.046875
4 0.75830078125 0.03369140625 0.4833984375 0.0419921875
3 0.02734375 0.09130859375 0.033203125 0.0380859375
3 0.0380859375 0.1953125 0.04296875 0.05078125
3 0.0302734375 0.02978515625 0.046875 0.0478515625
3 0.9599609375 0.8427734375 0.033203125 0.044921875
3 0.05078125 0.921875 0.037109375 0.046875
3 0.04736328125 0.98095703125 0.0283203125 0.0302734375