1 0.07958984375 0.2158203125 0.0205078125 0.03515625
1 0.08203125 0.66064453125 0.021484375 0.0341796875
1 0.4140625 0.21875 0.01953125 0.029296875
1 0.41357421875 0.27099609375 0.0205078125 0.0283203125
1 0.74755859375 0.216796875 0.0205078125 0.033203125
1 0.07763671875 0.26904296875 0.0185546875 0.0341796875
1 0.0791015625 0.32568359375 0.021484375 0.0322265625
1 0.41357421875 0.326171875 0.0205078125 0.03125
1 0.748046875 0.26904296875 0.021484375 0.0283203125
1 0.080078125 0.71533203125 0.021484375 0.0283203125
1 0.080078125 0.7705078125 0.0234375 0.037109375
1 0.41357421875 0.658203125 0.0205078125 0.03125
1 0.4140625 0.71826171875 0.017578125 0.0283203125
1 0.4140625 0.76953125 0.021484375 0.03125
1 0.74755859375 0.66015625 0.0224609375 0.037109375
1 0.74853515625 0.71435546875 0.0244140625 0.0361328125
1 0.7470703125 0.7705078125 0.021484375 0.03125
1 0.74853515625 0.32568359375 0.0244140625 0.0322265625