0 0.3115234375 0.91943359375 0.146484375 0.0673828125
0 0.740234375 0.921875 0.140625 0.064453125
0 0.90234375 0.91943359375 0.150390625 0.0615234375
3 0.9404296875 0.1376953125 0.033203125 0.041015625
3 0.85498046875 0.13916015625 0.0302734375 0.0498046875
0 0.3017578125 0.232421875 0.1171875 0.0546875
0 0.44970703125 0.23828125 0.1767578125 0.04296875
0 0.60400390625 0.23779296875 0.1279296875 0.0439453125
1 0.6064453125 0.40771484375 0.02734375 0.0361328125
1 0.60595703125 0.45751953125 0.0263671875 0.0341796875
2 0.42431640625 0.41845703125 0.3017578125 0.0595703125
5 0.6904296875 0.4111328125 0.1328125 0.0390625
5 0.71435546875 0.458984375 0.1865234375 0.041015625
5 0.5927734375 0.82080078125 0.607421875 0.0380859375
5 0.322265625 0.1435546875 0.16796875 0.041015625