5 0.0888671875 0.08154296875 0.0625 0.0234375
5 0.0888671875 0.693359375 0.0625 0.02685546875
5 0.5361328125 0.69677734375 0.0625 0.02685546875
4 0.70751953125 0.7685546875 0.39990234375 0.08984375
4 0.705078125 0.5634765625 0.39990234375 0.09326171875
4 0.7060546875 0.3583984375 0.3974609375 0.08984375
4 0.7060546875 0.15673828125 0.40234375 0.10009765625
4 0.25634765625 0.158203125 0.40771484375 0.0966796875
4 0.2587890625 0.36181640625 0.41259765625 0.10986328125
4 0.2587890625 0.56689453125 0.40234375 0.10009765625
4 0.2587890625 0.77001953125 0.40234375 0.10009765625
3 0.87255859375 0.5634765625 0.03515625 0.0400390625
3 0.87255859375 0.7666015625 0.0400390625 0.0400390625
3 0.541015625 0.7666015625 0.04248046875 0.06005859375
3 0.541015625 0.36181640625 0.04248046875 0.04345703125
3 0.423828125 0.5615234375 0.03759765625 0.03662109375
3 0.423828125 0.7666015625 0.03759765625 0.0400390625
3 0.09619140625 0.77490234375 0.03271484375 0.0498046875
3 0.09228515625 0.3583984375 0.03515625 0.0498046875