6 0.076171875 0.4013671875 0.1298828125 0.04833984375
6 0.20947265625 0.40234375 0.13134765625 0.05029296875
4 0.1513671875 0.60107421875 0.2724609375 0.0537109375
0 0.3369140625 0.6005859375 0.0966796875 0.05517578125
3 0.07373046875 0.91455078125 0.0283203125 0.03271484375
3 0.1259765625 0.9150390625 0.0234375 0.0380859375
3 0.0986328125 0.9150390625 0.02099609375 0.03466796875
3 0.271484375 0.91455078125 0.02734375 0.03955078125
3 0.29736328125 0.91357421875 0.0322265625 0.0380859375
3 0.322265625 0.9150390625 0.02490234375 0.0380859375
3 0.6494140625 0.05712890625 0.0224609375 0.03466796875
3 0.3603515625 0.2880859375 0.03955078125 0.0537109375
0 0.548828125 0.9150390625 0.193359375 0.05517578125
3 0.76123046875 0.478515625 0.0458984375 0.06396484375
4 0.197265625 0.50244140625 0.37646484375 0.060546875