0 0.80712890625 0.0478515625 0.11962890625 0.0185546875
5 0.921875 0.0478515625 0.08837890625 0.00732421875
0 0.80224609375 0.24951171875 0.06640625 0.0146484375
0 0.80224609375 0.533203125 0.06640625 0.01611328125
0 0.8017578125 0.6640625 0.0654296875 0.01611328125
0 0.82177734375 0.97412109375 0.09521484375 0.0234375
1 0.17724609375 0.919921875 0.017578125 0.009765625
5 0.2607421875 0.92041015625 0.138671875 0.00732421875
3 0.173828125 0.73486328125 0.0244140625 0.01513671875
3 0.1787109375 0.60302734375 0.01513671875 0.0146484375
3 0.18115234375 0.57080078125 0.0283203125 0.017578125
5 0.23046875 0.5693359375 0.06103515625 0.009765625
5 0.23974609375 0.6025390625 0.07763671875 0.01025390625
5 0.24658203125 0.73388671875 0.1181640625 0.0126953125
5 0.26611328125 0.28515625 0.13330078125 0.01513671875
5 0.22705078125 0.326171875 0.0625 0.01513671875
5 0.2294921875 0.36767578125 0.0595703125 0.01220703125
5 0.2763671875 0.40087890625 0.1533203125 0.01611328125
3 0.1806640625 0.28564453125 0.02978515625 0.01513671875
3 0.17724609375 0.32568359375 0.02587890625 0.01611328125
3 0.17919921875 0.3671875 0.0244140625 0.01904296875
3 0.1806640625 0.40283203125 0.02734375 0.0166015625