5 0.11669921875 0.34912109375 0.07861328125 0.04248046875
5 0.12109375 0.52587890625 0.0908203125 0.033203125
5 0.30126953125 0.5224609375 0.08203125 0.0400390625
5 0.60546875 0.3466796875 0.07666015625 0.04248046875
5 0.61083984375 0.5185546875 0.08984375 0.0400390625
5 0.79052734375 0.5185546875 0.08154296875 0.0400390625
0 0.7431640625 0.775390625 0.35595703125 0.1162109375
0 0.25537109375 0.77685546875 0.353515625 0.1162109375
4 0.74365234375 0.42919921875 0.357421875 0.0986328125
4 0.6513671875 0.6005859375 0.17626953125 0.10546875
4 0.8359375 0.5966796875 0.1748046875 0.10009765625
4 0.2548828125 0.4326171875 0.353515625 0.1025390625
4 0.3466796875 0.60400390625 0.1748046875 0.11181640625
4 0.16259765625 0.6064453125 0.17626953125 0.11474609375
0 0.134765625 0.22802734375 0.11376953125 0.130859375
0 0.25634765625 0.22607421875 0.1142578125 0.12939453125
0 0.3759765625 0.224609375 0.1181640625 0.12646484375
0 0.619140625 0.224609375 0.1083984375 0.1318359375
0 0.7265625 0.22119140625 0.10546875 0.12548828125
0 0.83740234375 0.22509765625 0.10986328125 0.13330078125
3 0.90576171875 0.2265625 0.0107421875 0.06689453125