3 0.88232421875 0.5244140625 0.0712890625 0.05078125
3 0.88232421875 0.240234375 0.0693359375 0.041015625
2 0.5 0.41455078125 0.890625 0.0751953125
2 0.19775390625 0.5185546875 0.1962890625 0.076171875
2 0.19677734375 0.626953125 0.1923828125 0.076171875
2 0.1943359375 0.734375 0.19140625 0.07421875
2 0.197265625 0.83935546875 0.193359375 0.0751953125
4 0.57275390625 0.52099609375 0.4892578125 0.0791015625
4 0.5703125 0.6279296875 0.494140625 0.078125
4 0.57177734375 0.73681640625 0.4912109375 0.0751953125
4 0.56884765625 0.8388671875 0.4912109375 0.07421875
3 0.8828125 0.62939453125 0.07421875 0.0595703125
3 0.88134765625 0.73681640625 0.0654296875 0.0556640625
3 0.88671875 0.84423828125 0.072265625 0.0634765625
4 0.50244140625 0.24072265625 0.8955078125 0.0712890625
3 0.9091796875 0.060546875 0.041015625 0.029296875
0 0.3330078125 0.93017578125 0.5625 0.0751953125
3 0.06884765625 0.51953125 0.0478515625 0.056640625
3 0.06298828125 0.623046875 0.0341796875 0.046875
3 0.06884765625 0.73291015625 0.0478515625 0.0537109375
3 0.06591796875 0.84033203125 0.0400390625 0.0478515625