1 0.07373046875 0.26708984375 0.0537109375 0.0380859375
1 0.0712890625 0.36376953125 0.0546875 0.0380859375
1 0.0732421875 0.45947265625 0.052734375 0.0419921875
1 0.0712890625 0.5537109375 0.05078125 0.0390625
1 0.07177734375 0.64892578125 0.0517578125 0.0361328125
1 0.0751953125 0.7451171875 0.052734375 0.037109375
1 0.072265625 0.84033203125 0.05078125 0.0361328125
1 0.07080078125 0.93603515625 0.0498046875 0.0400390625
0 0.1201171875 0.04736328125 0.1875 0.0576171875
0 0.8720703125 0.044921875 0.16015625 0.0625
5 0.2421875 0.26806640625 0.203125 0.0478515625
5 0.2412109375 0.359375 0.20703125 0.0546875
5 0.244140625 0.458984375 0.212890625 0.05078125
5 0.2412109375 0.5537109375 0.208984375 0.05078125
5 0.2392578125 0.64697265625 0.205078125 0.0439453125
5 0.24267578125 0.7470703125 0.2119140625 0.05078125
5 0.236328125 0.8388671875 0.205078125 0.056640625
5 0.24267578125 0.9384765625 0.1943359375 0.0546875