5 0.501953125 0.3515625 0.587890625 0.029296875
5 0.06787109375 0.388671875 0.087890625 0.013671875
5 0.0791015625 0.44921875 0.1181640625 0.0166015625
5 0.58203125 0.44873046875 0.14013671875 0.015625
5 0.0771484375 0.509765625 0.1181640625 0.013671875
5 0.06298828125 0.6396484375 0.09814453125 0.017578125
5 0.55419921875 0.640625 0.083984375 0.015625
5 0.15478515625 0.708984375 0.2578125 0.0205078125
4 0.2578125 0.41455078125 0.4677734375 0.03125
4 0.73876953125 0.4140625 0.47412109375 0.0302734375
4 0.2568359375 0.474609375 0.4658203125 0.029296875
4 0.74609375 0.4736328125 0.4638671875 0.03271484375
4 0.5 0.53369140625 0.9560546875 0.03271484375
4 0.5009765625 0.5673828125 0.9619140625 0.0263671875
4 0.208984375 0.60546875 0.3701171875 0.025390625
2 0.59814453125 0.60302734375 0.36376953125 0.0283203125
4 0.88720703125 0.6044921875 0.17822265625 0.029296875
4 0.25390625 0.66357421875 0.4638671875 0.029296875
4 0.74609375 0.6630859375 0.4638671875 0.03173828125
5 0.1240234375 0.74072265625 0.10791015625 0.0146484375
3 0.05419921875 0.740234375 0.0322265625 0.015625
5 0.11083984375 0.76220703125 0.06591796875 0.0166015625
2 0.2470703125 0.7861328125 0.35009765625 0.0302734375
0 0.10986328125 0.84423828125 0.18017578125 0.0283203125
0 0.0810546875 0.9716796875 0.10986328125 0.03125
5 0.205078125 0.88623046875 0.3740234375 0.0166015625