0 0.18359375 0.27392578125 0.1611328125 0.04248046875
5 0.173828125 0.31884765625 0.0927734375 0.0224609375
5 0.30322265625 0.3193359375 0.04052734375 0.021484375
5 0.4423828125 0.31982421875 0.07275390625 0.0224609375
5 0.5361328125 0.32080078125 0.025390625 0.0244140625
5 0.21044921875 0.21337890625 0.2099609375 0.01708984375
5 0.341796875 0.21435546875 0.04052734375 0.02197265625
5 0.44677734375 0.21240234375 0.03466796875 0.01416015625
5 0.55615234375 0.212890625 0.0478515625 0.0185546875
5 0.689453125 0.2138671875 0.03857421875 0.0341796875
5 0.65283203125 0.38134765625 0.08056640625 0.01953125
5 0.79931640625 0.3818359375 0.06689453125 0.0166015625
5 0.6796875 0.46337890625 0.12548828125 0.0185546875
5 0.74609375 0.60205078125 0.25732421875 0.01806640625
5 0.654296875 0.685546875 0.07080078125 0.0205078125
5 0.6611328125 0.76953125 0.0888671875 0.0205078125
0 0.47509765625 0.82373046875 0.12255859375 0.03955078125
0 0.35595703125 0.275390625 0.16064453125 0.0498046875
0 0.68505859375 0.876953125 0.13330078125 0.0576171875
0 0.83251953125 0.87548828125 0.12939453125 0.0576171875
7 0.6083984375 0.2109375 0.04443359375 0.03369140625
7 0.7392578125 0.2138671875 0.0458984375 0.03955078125
1 0.48193359375 0.21240234375 0.02197265625 0.03076171875
1 0.37841796875 0.21337890625 0.02197265625 0.029296875
2 0.7568359375 0.498046875 0.2802734375 0.0361328125
4 0.68505859375 0.4189453125 0.138671875 0.0419921875
4 0.82958984375 0.416015625 0.142578125 0.04541015625
4 0.7587890625 0.63916015625 0.27978515625 0.04150390625
4 0.7578125 0.72216796875 0.27978515625 0.0390625
4 0.75830078125 0.802734375 0.2802734375 0.044921875