5 0.517578125 0.27734375 0.19580078125 0.02734375
5 0.4248046875 0.3564453125 0.06591796875 0.03173828125
5 0.42138671875 0.408203125 0.064453125 0.02392578125
5 0.474609375 0.46240234375 0.16552734375 0.0302734375
6 0.33740234375 0.35205078125 0.0302734375 0.0400390625
6 0.33837890625 0.4072265625 0.03173828125 0.03857421875
6 0.33837890625 0.46240234375 0.03662109375 0.04296875
0 0.51904296875 0.75537109375 0.1630859375 0.06689453125
3 0.37548828125 0.35205078125 0.02294921875 0.0302734375
3 0.115234375 0.1484375 0.03271484375 0.03857421875
3 0.14453125 0.2421875 0.029296875 0.0400390625
3 0.0986328125 0.328125 0.03271484375 0.03662109375
3 0.07861328125 0.41796875 0.02783203125 0.04296875
3 0.35888671875 0.6435546875 0.025390625 0.02880859375
3 0.85546875 0.44384765625 0.03173828125 0.044921875
3 0.84912109375 0.6171875 0.0341796875 0.03662109375
3 0.853515625 0.79736328125 0.03515625 0.044921875
3 0.375 0.4072265625 0.0263671875 0.03173828125
3 0.3740234375 0.46337890625 0.02294921875 0.03857421875