7 0.78125 0.51318359375 0.0625 0.0224609375
7 0.77880859375 0.74169921875 0.0693359375 0.0224609375
7 0.78076171875 0.66845703125 0.0654296875 0.0224609375
2 0.5869140625 0.1611328125 0.4453125 0.0390625
4 0.58544921875 0.10791015625 0.4462890625 0.0400390625
2 0.45849609375 0.322265625 0.7021484375 0.041015625
4 0.5849609375 0.37255859375 0.447265625 0.0419921875
4 0.583984375 0.42236328125 0.4453125 0.0380859375
4 0.58447265625 0.5869140625 0.4521484375 0.041015625
4 0.58544921875 0.7861328125 0.4462890625 0.041015625
0 0.45947265625 0.9189453125 0.7041015625 0.0390625
0 0.3486328125 0.97802734375 0.17578125 0.0439453125
0 0.529296875 0.9814453125 0.146484375 0.037109375
3 0.65380859375 0.98291015625 0.0517578125 0.0322265625
3 0.7255859375 0.9814453125 0.037109375 0.037109375
3 0.4345703125 0.83251953125 0.041015625 0.0302734375
3 0.58544921875 0.8359375 0.0654296875 0.029296875
0 0.43994140625 0.4716796875 0.1572265625 0.033203125
0 0.5849609375 0.46923828125 0.14453125 0.0341796875
0 0.73486328125 0.47119140625 0.1494140625 0.0322265625
7 0.779296875 0.63525390625 0.060546875 0.0185546875
3 0.73291015625 0.833984375 0.0380859375 0.02734375
3 0.43701171875 0.8740234375 0.0419921875 0.02734375
3 0.58740234375 0.8720703125 0.0419921875 0.017578125
3 0.73828125 0.8720703125 0.0390625 0.0234375