1 0.13330078125 0.25048828125 0.0537109375 0.0244140625
1 0.13525390625 0.3916015625 0.0556640625 0.02734375
1 0.13427734375 0.53271484375 0.0537109375 0.0224609375
1 0.13330078125 0.6884765625 0.0556640625 0.03125
1 0.13427734375 0.83056640625 0.0576171875 0.0283203125
1 0.134765625 0.958984375 0.056640625 0.029296875
3 0.86474609375 0.25146484375 0.0419921875 0.0341796875
3 0.86474609375 0.390625 0.0439453125 0.02734375
3 0.8662109375 0.533203125 0.041015625 0.033203125
3 0.8642578125 0.69140625 0.037109375 0.02734375
3 0.8642578125 0.83154296875 0.044921875 0.0263671875
3 0.86572265625 0.96142578125 0.0361328125 0.0244140625
5 0.47802734375 0.2548828125 0.5283203125 0.099609375
5 0.4326171875 0.392578125 0.447265625 0.072265625
5 0.49755859375 0.5341796875 0.5595703125 0.095703125
5 0.455078125 0.6865234375 0.470703125 0.103515625
5 0.494140625 0.83544921875 0.541015625 0.0673828125
5 0.50390625 0.95751953125 0.568359375 0.0615234375