2 0.84814453125 0.35888671875 0.25390625 0.02734375
2 0.849609375 0.50634765625 0.2548828125 0.0302734375
5 0.76318359375 0.44140625 0.087890625 0.0234375
5 0.783203125 0.28857421875 0.1298828125 0.02001953125
5 0.75341796875 0.1865234375 0.06494140625 0.01806640625
5 0.74072265625 0.07373046875 0.046875 0.01806640625
0 0.94140625 0.1181640625 0.06494140625 0.0322265625
5 0.06201171875 0.02685546875 0.10400390625 0.02734375
0 0.15771484375 0.02490234375 0.07080078125 0.025390625
5 0.083984375 0.13525390625 0.11376953125 0.02197265625
0 0.1357421875 0.23876953125 0.212890625 0.08154296875
0 0.349609375 0.23828125 0.21484375 0.08251953125
0 0.564453125 0.23828125 0.212890625 0.08251953125
5 0.0703125 0.33349609375 0.09521484375 0.01513671875
0 0.62939453125 0.37548828125 0.0849609375 0.0302734375
3 0.61083984375 0.13427734375 0.02197265625 0.02001953125
3 0.63818359375 0.1337890625 0.02197265625 0.01513671875
3 0.66943359375 0.134765625 0.01513671875 0.01318359375
3 0.6103515625 0.33349609375 0.02294921875 0.01513671875
3 0.63720703125 0.3310546875 0.01611328125 0.01220703125
3 0.66845703125 0.33154296875 0.01708984375 0.01513671875
3 0.91064453125 0.07275390625 0.01708984375 0.01611328125
3 0.9384765625 0.0712890625 0.01708984375 0.01708984375
3 0.96728515625 0.0732421875 0.01123046875 0.01513671875
3 0.91259765625 0.18701171875 0.01904296875 0.01513671875
3 0.93701171875 0.18359375 0.01806640625 0.01416015625
3 0.970703125 0.185546875 0.01513671875 0.01806640625
3 0.91259765625 0.2890625 0.01708984375 0.01708984375
3 0.9365234375 0.287109375 0.01318359375 0.01708984375
3 0.9697265625 0.287109375 0.01318359375 0.01708984375
3 0.93212890625 0.32275390625 0.01806640625 0.01611328125
5 0.7353515625 0.11865234375 0.044921875 0.01904296875
3 0.91064453125 0.44140625 0.01708984375 0.01904296875
3 0.9375 0.44091796875 0.01904296875 0.01806640625
3 0.970703125 0.44091796875 0.01513671875 0.01611328125
3 0.349609375 0.92529296875 0.02490234375 0.0263671875
3 0.3515625 0.80126953125 0.02294921875 0.02197265625
3 0.47021484375 0.5712890625 0.02392578125 0.02197265625
3 0.51708984375 0.57080078125 0.02978515625 0.0234375
3 0.56640625 0.5703125 0.02685546875 0.02001953125
3 0.4697265625 0.61767578125 0.01904296875 0.0244140625
3 0.51806640625 0.6171875 0.02587890625 0.02734375
3 0.56787109375 0.61865234375 0.02001953125 0.02001953125
3 0.46923828125 0.66796875 0.02197265625 0.01806640625
3 0.51806640625 0.6650390625 0.02978515625 0.0283203125
3 0.56689453125 0.66552734375 0.02197265625 0.0234375
3 0.470703125 0.71142578125 0.02099609375 0.02001953125
3 0.51806640625 0.7119140625 0.02587890625 0.02734375
3 0.56640625 0.71337890625 0.02099609375 0.02197265625
3 0.46826171875 0.7607421875 0.02294921875 0.02001953125
3 0.517578125 0.76123046875 0.02490234375 0.0234375
3 0.5673828125 0.7607421875 0.01904296875 0.02001953125
3 0.6103515625 0.49755859375 0.02490234375 0.02001953125
3 0.091796875 0.49658203125 0.0322265625 0.01806640625
3 0.14208984375 0.49755859375 0.0322265625 0.02001953125
3 0.19482421875 0.4970703125 0.0341796875 0.01904296875
3 0.5322265625 0.43701171875 0.02197265625 0.0244140625
3 0.580078125 0.43701171875 0.02587890625 0.0244140625
3 0.63037109375 0.4365234375 0.02490234375 0.0234375
5 0.162109375 0.57080078125 0.07177734375 0.01708984375
5 0.16357421875 0.61767578125 0.0732421875 0.02197265625
5 0.16455078125 0.66552734375 0.0732421875 0.01513671875
5 0.1748046875 0.71337890625 0.09814453125 0.02001953125
5 0.15576171875 0.75927734375 0.06982421875 0.01708984375