5 0.50732421875 0.109375 0.20849609375 0.02197265625
5 0.09912109375 0.625 0.14990234375 0.01953125
5 0.189453125 0.67138671875 0.13525390625 0.02490234375
5 0.19580078125 0.712890625 0.13525390625 0.02197265625
5 0.17919921875 0.75830078125 0.11474609375 0.0244140625
5 0.18603515625 0.8037109375 0.10107421875 0.02490234375
5 0.19775390625 0.86279296875 0.33935546875 0.0234375
5 0.33154296875 0.90478515625 0.39892578125 0.02734375
5 0.359375 0.95947265625 0.4833984375 0.02978515625
4 0.5 0.15869140625 0.91650390625 0.04296875
4 0.50341796875 0.212890625 0.923828125 0.0439453125
4 0.4912109375 0.2783203125 0.9345703125 0.044921875
4 0.50146484375 0.34326171875 0.919921875 0.0400390625
4 0.498046875 0.40869140625 0.94775390625 0.048828125
4 0.5 0.46240234375 0.94384765625 0.0400390625
4 0.49853515625 0.513671875 0.9345703125 0.04443359375
4 0.49853515625 0.56640625 0.9404296875 0.04296875
6 0.05615234375 0.671875 0.064453125 0.025390625
6 0.05810546875 0.71728515625 0.060546875 0.02392578125
6 0.05810546875 0.7578125 0.064453125 0.02294921875
6 0.06005859375 0.802734375 0.05517578125 0.02587890625
1 0.05810546875 0.90625 0.0478515625 0.01904296875
1 0.0595703125 0.9599609375 0.0498046875 0.0205078125