1 0.43408203125 0.4912109375 0.0205078125 0.05859375
1 0.43359375 0.8173828125 0.01953125 0.05078125
1 0.43408203125 0.75244140625 0.0205078125 0.0576171875
1 0.43310546875 0.68701171875 0.0205078125 0.0576171875
1 0.43408203125 0.62353515625 0.0205078125 0.0537109375
1 0.43310546875 0.55712890625 0.0224609375 0.0576171875
1 0.02294921875 0.06787109375 0.0224609375 0.0595703125
0 0.06591796875 0.30419921875 0.1064453125 0.0927734375
0 0.18701171875 0.3056640625 0.1064453125 0.08984375
0 0.3037109375 0.3037109375 0.107421875 0.087890625
0 0.43994140625 0.31005859375 0.1318359375 0.0810546875
0 0.71142578125 0.30859375 0.1318359375 0.078125
0 0.57763671875 0.306640625 0.1416015625 0.087890625
1 0.43359375 0.4267578125 0.021484375 0.052734375
5 0.58544921875 0.4296875 0.2763671875 0.05078125
5 0.52685546875 0.49609375 0.1572265625 0.0546875
5 0.50927734375 0.5595703125 0.1298828125 0.0546875
5 0.61279296875 0.6259765625 0.3291015625 0.05078125
5 0.58984375 0.6904296875 0.28125 0.05859375
5 0.52392578125 0.755859375 0.1533203125 0.052734375
5 0.52490234375 0.8212890625 0.1552734375 0.052734375