5 0.8408203125 0.0595703125 0.033203125 0.0283203125
0 0.912109375 0.05859375 0.064453125 0.060546875
5 0.32080078125 0.05859375 0.0595703125 0.0302734375
5 0.60009765625 0.05859375 0.0654296875 0.0263671875
1 0.08740234375 0.3388671875 0.0146484375 0.0283203125
1 0.08740234375 0.3876953125 0.0146484375 0.0283203125
1 0.08740234375 0.43603515625 0.0146484375 0.0263671875
1 0.08740234375 0.48779296875 0.0146484375 0.0283203125
1 0.0869140625 0.53662109375 0.015625 0.0283203125
1 0.087890625 0.5869140625 0.013671875 0.0302734375
1 0.08740234375 0.6357421875 0.0146484375 0.0302734375
1 0.087890625 0.68701171875 0.015625 0.0302734375
1 0.08740234375 0.82470703125 0.0146484375 0.0302734375
1 0.0869140625 0.87451171875 0.015625 0.0283203125
1 0.08740234375 0.92431640625 0.0146484375 0.0302734375
1 0.08740234375 0.974609375 0.0146484375 0.0283203125
5 0.14111328125 0.34033203125 0.0771484375 0.0244140625
5 0.12744140625 0.3857421875 0.0537109375 0.0322265625
5 0.16015625 0.4384765625 0.1171875 0.0322265625
5 0.119140625 0.48779296875 0.03515625 0.0244140625
5 0.1376953125 0.53662109375 0.07421875 0.0322265625
5 0.1318359375 0.587890625 0.056640625 0.0322265625
5 0.13916015625 0.63671875 0.0693359375 0.0322265625
5 0.12255859375 0.68505859375 0.0439453125 0.0302734375
5 0.11865234375 0.82568359375 0.0302734375 0.0283203125
5 0.125 0.87353515625 0.046875 0.0263671875
5 0.130859375 0.9228515625 0.0546875 0.0302734375
5 0.13525390625 0.9736328125 0.0673828125 0.0341796875
3 0.97216796875 0.947265625 0.0341796875 0.06787109375
5 0.66796875 0.060546875 0.037109375 0.0302734375
5 0.53515625 0.0595703125 0.025390625 0.0244140625
5 0.4716796875 0.060546875 0.060546875 0.0224609375
5 0.39453125 0.05859375 0.052734375 0.0224609375
5 0.1220703125 0.060546875 0.091796875 0.04150390625
5 0.10107421875 0.18701171875 0.0439453125 0.04150390625
5 0.302734375 0.18310546875 0.1015625 0.04541015625
5 0.341796875 0.61962890625 0.12890625 0.0771484375
5 0.57861328125 0.62158203125 0.1572265625 0.0771484375
5 0.7880859375 0.60205078125 0.130859375 0.0341796875
5 0.44384765625 0.18701171875 0.1572265625 0.0263671875
0 0.29833984375 0.6982421875 0.0380859375 0.0341796875
0 0.341796875 0.69921875 0.03515625 0.0322265625
0 0.39599609375 0.69921875 0.0615234375 0.03564453125
0 0.2939453125 0.7451171875 0.03125 0.0341796875
0 0.52099609375 0.69921875 0.0400390625 0.0322265625
0 0.564453125 0.6982421875 0.03515625 0.03759765625
0 0.619140625 0.69921875 0.0625 0.03564453125
0 0.51708984375 0.74609375 0.0322265625 0.03564453125
0 0.75048828125 0.65771484375 0.0537109375 0.0322265625
0 0.814453125 0.65673828125 0.060546875 0.0341796875
0 0.8671875 0.65869140625 0.03125 0.03759765625
5 0.09619140625 0.2744140625 0.0341796875 0.0244140625
5 0.10986328125 0.76123046875 0.0634765625 0.0244140625