4 0.6611328125 0.4638671875 0.26220703125 0.05859375
0 0.8330078125 0.4638671875 0.06982421875 0.05859375
5 0.26611328125 0.185546875 0.0478515625 0.029296875
5 0.18212890625 0.5 0.10400390625 0.029296875
0 0.27783203125 0.2265625 0.05615234375 0.0322265625
0 0.34619140625 0.22509765625 0.06005859375 0.0400390625
0 0.42822265625 0.22802734375 0.09619140625 0.03466796875
0 0.51708984375 0.22802734375 0.06591796875 0.0400390625
0 0.5908203125 0.2294921875 0.06591796875 0.037109375
0 0.291015625 0.26953125 0.0859375 0.0322265625
0 0.376953125 0.26953125 0.06982421875 0.037109375
0 0.43505859375 0.26953125 0.0341796875 0.037109375
0 0.48486328125 0.2705078125 0.05419921875 0.0400390625
0 0.56591796875 0.26953125 0.091796875 0.037109375
0 0.27099609375 0.31201171875 0.0458984375 0.0322265625
0 0.3310546875 0.31201171875 0.05810546875 0.037109375
0 0.412109375 0.314453125 0.087890625 0.0322265625
0 0.48095703125 0.31201171875 0.0341796875 0.037109375
0 0.5439453125 0.3134765625 0.080078125 0.03466796875
0 0.27978515625 0.61328125 0.2919921875 0.0478515625
5 0.251953125 0.55322265625 0.2158203125 0.0185546875
5 0.201171875 0.67724609375 0.10986328125 0.021484375
5 0.18896484375 0.73876953125 0.09814453125 0.021484375
5 0.212890625 0.80419921875 0.14208984375 0.0185546875