5 0.19921875 0.04248046875 0.056640625 0.02685546875
5 0.3603515625 0.26025390625 0.14404296875 0.02734375
5 0.30517578125 0.3896484375 0.03125 0.0205078125
5 0.32080078125 0.5107421875 0.05908203125 0.021484375
5 0.33740234375 0.62890625 0.0947265625 0.01708984375
5 0.3232421875 0.74755859375 0.06591796875 0.01708984375
5 0.7138671875 0.1533203125 0.0439453125 0.015625
5 0.8076171875 0.15185546875 0.0390625 0.01806640625
5 0.7880859375 0.09814453125 0.0517578125 0.01806640625
5 0.7255859375 0.09765625 0.029296875 0.0185546875
5 0.70947265625 0.19775390625 0.060546875 0.02197265625
5 0.72607421875 0.23681640625 0.09326171875 0.01318359375
5 0.70849609375 0.32177734375 0.0615234375 0.02001953125
5 0.748046875 0.4189453125 0.1044921875 0.03564453125
5 0.7099609375 0.498046875 0.05908203125 0.01904296875
5 0.73388671875 0.53466796875 0.1103515625 0.0146484375
5 0.7646484375 0.88427734375 0.13330078125 0.03759765625
0 0.82421875 0.9521484375 0.037109375 0.04052734375
0 0.935546875 0.0703125 0.04296875 0.0322265625
0 0.40869140625 0.17333984375 0.06884765625 0.0322265625
0 0.20654296875 0.95166015625 0.0625 0.048828125
5 0.40576171875 0.30615234375 0.23095703125 0.04052734375
4 0.408203125 0.4287109375 0.234375 0.0419921875
4 0.40869140625 0.54833984375 0.23486328125 0.0419921875
4 0.40869140625 0.66748046875 0.234375 0.0439453125
4 0.408203125 0.78662109375 0.236328125 0.04345703125
2 0.759765625 0.26806640625 0.1611328125 0.0419921875
7 0.68798828125 0.419921875 0.0146484375 0.0146484375
2 0.759765625 0.56640625 0.16064453125 0.0400390625
7 0.68798828125 0.88720703125 0.0146484375 0.01513671875
5 0.7314453125 0.35693359375 0.0517578125 0.021484375
5 0.75390625 0.61181640625 0.07568359375 0.01904296875
5 0.75830078125 0.64306640625 0.11669921875 0.0341796875
5 0.74951171875 0.68798828125 0.06787109375 0.01904296875
5 0.765625 0.720703125 0.12841796875 0.0322265625
5 0.73974609375 0.767578125 0.0478515625 0.015625
5 0.765625 0.79736328125 0.12841796875 0.03173828125
3 0.6943359375 0.3564453125 0.017578125 0.0341796875
3 0.7080078125 0.7666015625 0.01318359375 0.01904296875
3 0.69091796875 0.69140625 0.009765625 0.02001953125
3 0.70703125 0.68798828125 0.01220703125 0.01904296875
3 0.70556640625 0.6103515625 0.01318359375 0.0234375