1 0.31689453125 0.20068359375 0.0478515625 0.0478515625
1 0.3173828125 0.32958984375 0.048828125 0.0458984375
1 0.31884765625 0.263671875 0.0478515625 0.044921875
1 0.31787109375 0.39794921875 0.0478515625 0.0458984375
1 0.31787109375 0.70068359375 0.0498046875 0.0439453125
1 0.31884765625 0.76318359375 0.0498046875 0.0419921875
1 0.31787109375 0.82958984375 0.0517578125 0.0439453125
1 0.318359375 0.89794921875 0.048828125 0.0439453125
5 0.43798828125 0.7021484375 0.1552734375 0.0546875
5 0.43798828125 0.7646484375 0.1455078125 0.05078125
5 0.4365234375 0.82861328125 0.1484375 0.0537109375
5 0.4365234375 0.8984375 0.150390625 0.052734375
5 0.43408203125 0.20166015625 0.1513671875 0.0537109375
5 0.4365234375 0.2666015625 0.15234375 0.05078125
5 0.43603515625 0.3291015625 0.1513671875 0.05078125
5 0.43798828125 0.3994140625 0.1552734375 0.05078125