1 0.318359375 0.68310546875 0.0185546875 0.05078125
1 0.31787109375 0.775390625 0.0185546875 0.052734375
1 0.31884765625 0.87158203125 0.01953125 0.05078125
1 0.6162109375 0.697265625 0.0166015625 0.048828125
1 0.61572265625 0.7783203125 0.0185546875 0.0546875
1 0.61669921875 0.85986328125 0.01953125 0.0625
5 0.3876953125 0.68115234375 0.1064453125 0.0390625
5 0.45263671875 0.7802734375 0.2353515625 0.07763671875
5 0.3857421875 0.87060546875 0.09912109375 0.037109375
5 0.70263671875 0.703125 0.13525390625 0.052734375
5 0.736328125 0.775390625 0.20068359375 0.033203125
5 0.7783203125 0.85302734375 0.28466796875 0.041015625