2 0.501953125 0.3037109375 0.97705078125 0.06005859375
4 0.498046875 0.40380859375 0.96923828125 0.05078125
2 0.5029296875 0.5068359375 0.96728515625 0.05078125
2 0.4970703125 0.60693359375 0.95947265625 0.0478515625
4 0.4990234375 0.70751953125 0.97119140625 0.05224609375
4 0.4951171875 0.810546875 0.96337890625 0.04931640625
0 0.08154296875 0.88330078125 0.125 0.05224609375
5 0.09521484375 0.77099609375 0.16748046875 0.0244140625
5 0.0673828125 0.6669921875 0.115234375 0.02294921875
5 0.1123046875 0.56787109375 0.2021484375 0.021484375
5 0.08740234375 0.466796875 0.14404296875 0.01708984375
5 0.08935546875 0.26171875 0.14794921875 0.0185546875