2 0.5048828125 0.88134765625 0.259765625 0.0478515625
2 0.50341796875 0.375 0.2587890625 0.0625
4 0.49755859375 0.75439453125 0.2373046875 0.0478515625
4 0.1982421875 0.58154296875 0.255859375 0.0498046875
3 0.1455078125 0.3876953125 0.03125 0.037109375
3 0.19580078125 0.38818359375 0.0263671875 0.0361328125
3 0.2470703125 0.388671875 0.02734375 0.037109375
3 0.2978515625 0.38818359375 0.033203125 0.0380859375
3 0.09619140625 0.45849609375 0.0205078125 0.0322265625
3 0.1455078125 0.46044921875 0.021484375 0.0283203125
3 0.1953125 0.4619140625 0.033203125 0.044921875
3 0.29736328125 0.45947265625 0.0302734375 0.0439453125
3 0.24853515625 0.45947265625 0.0283203125 0.0380859375