5 0.59521484375 0.26318359375 0.0927734375 0.05078125
5 0.61376953125 0.46826171875 0.0849609375 0.017578125
1 0.5546875 0.46923828125 0.013671875 0.01611328125
0 0.59716796875 0.55126953125 0.0986328125 0.0546875
5 0.58056640625 0.6845703125 0.0712890625 0.02099609375
5 0.33837890625 0.6845703125 0.1142578125 0.0234375
3 0.95703125 0.04541015625 0.017578125 0.02099609375
3 0.5537109375 0.34326171875 0.015625 0.0224609375
3 0.55224609375 0.40771484375 0.0126953125 0.0224609375
3 0.78662109375 0.4072265625 0.0166015625 0.0234375
3 0.7861328125 0.34326171875 0.017578125 0.02490234375
3 0.64453125 0.68359375 0.025390625 0.03369140625
3 0.67724609375 0.68359375 0.0263671875 0.0361328125
3 0.71142578125 0.68408203125 0.0283203125 0.03466796875