5 0.091796875 0.072265625 0.09375 0.03515625
5 0.12451171875 0.22412109375 0.15380859375 0.04150390625
5 0.1357421875 0.38232421875 0.18115234375 0.044921875
4 0.30322265625 0.13330078125 0.51611328125 0.06982421875
4 0.30810546875 0.28759765625 0.513671875 0.05810546875
4 0.30322265625 0.443359375 0.513671875 0.06689453125
0 0.68701171875 0.1357421875 0.1513671875 0.068359375
0 0.875 0.134765625 0.15234375 0.06982421875
0 0.68798828125 0.23583984375 0.1513671875 0.06494140625
0 0.875 0.23583984375 0.15234375 0.07177734375
4 0.783203125 0.36669921875 0.33642578125 0.1064453125
4 0.78125 0.5185546875 0.33740234375 0.10986328125
4 0.78125 0.671875 0.33984375 0.1064453125
5 0.1630859375 0.5859375 0.111328125 0.03173828125
5 0.19921875 0.7392578125 0.17626953125 0.03173828125
5 0.212890625 0.89501953125 0.201171875 0.02978515625
1 0.0810546875 0.5849609375 0.0224609375 0.02978515625
1 0.0810546875 0.7373046875 0.0224609375 0.03173828125
1 0.08642578125 0.89501953125 0.0224609375 0.02685546875
2 0.78125 0.80322265625 0.33740234375 0.0634765625
2 0.78173828125 0.90576171875 0.33642578125 0.0517578125
3 0.912109375 0.3681640625 0.0263671875 0.0400390625
3 0.912109375 0.5166015625 0.0263671875 0.03662109375
3 0.912109375 0.67236328125 0.0263671875 0.03857421875