0 0.8369140625 0.0537109375 0.060546875 0.0380859375
0 0.9169921875 0.05419921875 0.095703125 0.03857421875
0 0.66748046875 0.27392578125 0.060546875 0.04052734375
0 0.74658203125 0.2744140625 0.091796875 0.03857421875
3 0.8173828125 0.2734375 0.04150390625 0.033203125
0 0.57080078125 0.49462890625 0.06005859375 0.03955078125
0 0.65234375 0.49169921875 0.095703125 0.044921875
3 0.72265625 0.49267578125 0.046875 0.04052734375
0 0.66650390625 0.73583984375 0.0673828125 0.0419921875
0 0.748046875 0.734375 0.0947265625 0.03857421875
3 0.8193359375 0.7333984375 0.0458984375 0.03857421875
0 0.0576171875 0.0556640625 0.0498046875 0.03564453125
0 0.11083984375 0.056640625 0.04248046875 0.037109375
0 0.11474609375 0.27392578125 0.05859375 0.037109375
0 0.1669921875 0.2734375 0.04443359375 0.041015625
0 0.1728515625 0.4970703125 0.052734375 0.03955078125
0 0.22265625 0.49560546875 0.04541015625 0.037109375
0 0.1123046875 0.736328125 0.05419921875 0.0341796875
0 0.1669921875 0.73388671875 0.037109375 0.0380859375
4 0.63525390625 0.12109375 0.19775390625 0.05517578125
4 0.63525390625 0.19287109375 0.19775390625 0.05224609375
4 0.57861328125 0.33984375 0.14892578125 0.05126953125
4 0.58056640625 0.4111328125 0.1494140625 0.052734375
4 0.5400390625 0.5615234375 0.11083984375 0.0537109375
4 0.5771484375 0.80029296875 0.14599609375 0.056640625
3 0.76708984375 0.11572265625 0.041015625 0.04052734375
3 0.765625 0.18603515625 0.02783203125 0.04345703125
3 0.68701171875 0.33544921875 0.03955078125 0.0419921875
3 0.68701171875 0.40625 0.03125 0.04345703125
3 0.62939453125 0.55615234375 0.0400390625 0.0380859375
3 0.68701171875 0.79443359375 0.03125 0.03466796875
3 0.68505859375 0.86474609375 0.03564453125 0.03466796875
2 0.20458984375 0.80029296875 0.14892578125 0.06005859375
2 0.205078125 0.8701171875 0.150390625 0.0576171875
2 0.39111328125 0.79931640625 0.14892578125 0.05517578125
2 0.39111328125 0.8701171875 0.1533203125 0.052734375
2 0.3935546875 0.5595703125 0.109375 0.05615234375
2 0.24365234375 0.55712890625 0.1123046875 0.0546875
2 0.2060546875 0.34130859375 0.15185546875 0.05517578125
2 0.20458984375 0.4111328125 0.14892578125 0.05615234375
2 0.3935546875 0.34033203125 0.15185546875 0.06005859375
2 0.39111328125 0.41162109375 0.15673828125 0.04736328125
2 0.40283203125 0.19140625 0.19287109375 0.06103515625
2 0.40234375 0.12060546875 0.19921875 0.05908203125
2 0.1708984375 0.12255859375 0.19873046875 0.04736328125
2 0.171875 0.1923828125 0.193359375 0.05126953125
4 0.580078125 0.87158203125 0.14892578125 0.06103515625