4 0.71533203125 0.1171875 0.26513671875 0.07080078125
4 0.7490234375 0.2236328125 0.333984375 0.068359375
4 0.751953125 0.333984375 0.333984375 0.0654296875
4 0.7509765625 0.44287109375 0.333984375 0.06298828125
4 0.75048828125 0.55517578125 0.3349609375 0.064453125
4 0.748046875 0.666015625 0.33056640625 0.068359375
4 0.75146484375 0.7734375 0.32958984375 0.06689453125
4 0.2490234375 0.8818359375 0.33251953125 0.07080078125
4 0.25 0.7734375 0.333984375 0.06689453125
4 0.24853515625 0.6650390625 0.33642578125 0.0751953125
4 0.2509765625 0.55419921875 0.333984375 0.07763671875
4 0.25048828125 0.4443359375 0.33056640625 0.072265625
4 0.29345703125 0.3359375 0.2421875 0.0634765625
4 0.24951171875 0.2265625 0.3349609375 0.0703125
4 0.28662109375 0.11328125 0.2578125 0.0712890625
0 0.1083984375 0.1162109375 0.05859375 0.0634765625
0 0.8916015625 0.1171875 0.05712890625 0.07666015625
3 0.59716796875 0.89453125 0.0244140625 0.04248046875
3 0.9072265625 0.892578125 0.021484375 0.0361328125
2 0.12744140625 0.3330078125 0.08935546875 0.0634765625
3 0.3818359375 0.44189453125 0.025390625 0.044921875
3 0.11083984375 0.1181640625 0.03173828125 0.0439453125
3 0.89111328125 0.119140625 0.0302734375 0.044921875
3 0.89208984375 0.7763671875 0.0283203125 0.03271484375
3 0.38623046875 0.7724609375 0.03466796875 0.04296875
3 0.384765625 0.884765625 0.02978515625 0.03857421875
3 0.38623046875 0.66162109375 0.0205078125 0.044921875
3 0.38818359375 0.55224609375 0.0166015625 0.0419921875
3 0.11181640625 0.55078125 0.02734375 0.0419921875
3 0.1123046875 0.6630859375 0.0263671875 0.0400390625