1 0.0458984375 0.0849609375 0.02734375 0.041015625
1 0.04345703125 0.251953125 0.0224609375 0.041015625
1 0.0458984375 0.4169921875 0.025390625 0.0390625
1 0.04541015625 0.58447265625 0.0244140625 0.0380859375
1 0.04638671875 0.75390625 0.0263671875 0.041015625
1 0.044921875 0.91845703125 0.025390625 0.0380859375
5 0.18115234375 0.08056640625 0.1025390625 0.0498046875
5 0.18408203125 0.24609375 0.1083984375 0.0546875
5 0.18310546875 0.412109375 0.1064453125 0.05078125
5 0.1806640625 0.576171875 0.107421875 0.052734375
5 0.18359375 0.74560546875 0.107421875 0.0439453125
5 0.18359375 0.91357421875 0.10546875 0.0498046875