5 0.0439453125 0.18603515625 0.06396484375 0.03125
5 0.044921875 0.234375 0.05419921875 0.0341796875
5 0.07177734375 0.28125 0.1162109375 0.02880859375
5 0.06396484375 0.32861328125 0.10009765625 0.02880859375
5 0.0732421875 0.37841796875 0.1181640625 0.02880859375
5 0.0517578125 0.42431640625 0.083984375 0.03662109375
3 0.14990234375 0.05615234375 0.0478515625 0.07568359375
3 0.30078125 0.2265625 0.01806640625 0.0185546875
3 0.30322265625 0.25537109375 0.02197265625 0.0234375
3 0.509765625 0.2275390625 0.02001953125 0.02099609375
3 0.51416015625 0.25634765625 0.02001953125 0.02099609375
3 0.72509765625 0.22265625 0.01416015625 0.015625
3 0.72705078125 0.25634765625 0.01806640625 0.0263671875
5 0.2861328125 0.42431640625 0.05615234375 0.03125
5 0.32177734375 0.53125 0.1162109375 0.03662109375
5 0.31689453125 0.642578125 0.1220703125 0.0341796875
5 0.30908203125 0.74755859375 0.10205078125 0.04443359375
4 0.5830078125 0.4697265625 0.64208984375 0.06005859375
4 0.5830078125 0.57568359375 0.64599609375 0.06298828125
4 0.5830078125 0.68603515625 0.64990234375 0.0576171875
0 0.31494140625 0.96875 0.10595703125 0.0576171875