7 0.89599609375 0.421875 0.1357421875 0.03515625
7 0.8994140625 0.6689453125 0.140625 0.0390625
7 0.89453125 0.79150390625 0.13671875 0.0380859375
5 0.10302734375 0.419921875 0.1201171875 0.03125
5 0.17041015625 0.67041015625 0.2646484375 0.0400390625
5 0.3662109375 0.79638671875 0.65625 0.0283203125
3 0.07373046875 0.56396484375 0.0673828125 0.0361328125
3 0.947265625 0.91943359375 0.03125 0.0341796875
3 0.95068359375 0.56396484375 0.0322265625 0.0322265625
3 0.94921875 0.46923828125 0.03125 0.0341796875
3 0.94921875 0.37109375 0.029296875 0.02734375
3 0.95166015625 0.1748046875 0.0283203125 0.03125
3 0.953125 0.22216796875 0.03125 0.0322265625
3 0.94970703125 0.2763671875 0.0361328125 0.037109375
3 0.94921875 0.32421875 0.03515625 0.029296875