5 0.203125 0.1787109375 0.06689453125 0.0166015625
5 0.18994140625 0.32958984375 0.03857421875 0.02099609375
5 0.2421875 0.4775390625 0.14892578125 0.02099609375
5 0.24267578125 0.77587890625 0.14990234375 0.02685546875
4 0.32666015625 0.22998046875 0.3447265625 0.0576171875
4 0.67431640625 0.22802734375 0.3427734375 0.06103515625
4 0.5009765625 0.37939453125 0.69091796875 0.0576171875
4 0.50048828125 0.52880859375 0.68994140625 0.0625
4 0.50048828125 0.5986328125 0.6884765625 0.056640625
2 0.5888671875 0.6669921875 0.1953125 0.06103515625
4 0.4345703125 0.66650390625 0.11181640625 0.06005859375
4 0.3232421875 0.666015625 0.10888671875 0.06103515625
4 0.21044921875 0.666015625 0.11181640625 0.06103515625
4 0.5009765625 0.8251953125 0.69091796875 0.0625
4 0.5 0.90576171875 0.69287109375 0.07080078125
3 0.8095703125 0.83349609375 0.02392578125 0.029296875
3 0.7783203125 0.908203125 0.02392578125 0.03271484375
3 0.81396484375 0.90771484375 0.0185546875 0.02490234375