7 0.93017578125 0.31591796875 0.0517578125 0.0556640625
7 0.9345703125 0.45361328125 0.056640625 0.0556640625
7 0.93017578125 0.56591796875 0.0498046875 0.0498046875
0 0.892578125 0.15771484375 0.1328125 0.0751953125
2 0.81640625 0.68115234375 0.283203125 0.0771484375
2 0.814453125 0.9091796875 0.283203125 0.078125
5 0.07861328125 0.16064453125 0.0810546875 0.0869140625
5 0.12451171875 0.3134765625 0.1708984375 0.083984375
5 0.13232421875 0.44580078125 0.1845703125 0.0400390625
5 0.1767578125 0.5703125 0.27734375 0.046875
5 0.0849609375 0.6787109375 0.083984375 0.04296875
5 0.11328125 0.796875 0.14453125 0.033203125
5 0.0927734375 0.90673828125 0.099609375 0.0439453125
3 0.76171875 0.15869140625 0.037109375 0.0478515625
3 0.94677734375 0.79736328125 0.0263671875 0.0361328125