0 0.11767578125 0.111328125 0.11181640625 0.0390625
5 0.2265625 0.11181640625 0.0615234375 0.02490234375
5 0.2958984375 0.04736328125 0.498046875 0.03125
5 0.34033203125 0.111328125 0.12109375 0.0263671875
5 0.482421875 0.111328125 0.10986328125 0.0263671875
5 0.63427734375 0.111328125 0.126953125 0.0263671875
5 0.765625 0.11181640625 0.07275390625 0.02734375
5 0.11083984375 0.18310546875 0.11767578125 0.0263671875
5 0.1455078125 0.28271484375 0.19775390625 0.0234375
5 0.13525390625 0.38134765625 0.169921875 0.0224609375
5 0.13720703125 0.48046875 0.162109375 0.03125
5 0.13427734375 0.5830078125 0.16064453125 0.02490234375
5 0.109375 0.68603515625 0.12109375 0.02880859375
5 0.18115234375 0.791015625 0.24609375 0.0302734375
5 0.146484375 0.892578125 0.10986328125 0.0234375
5 0.1650390625 0.9365234375 0.1435546875 0.02734375
4 0.5009765625 0.2255859375 0.87890625 0.05126953125
2 0.498046875 0.32568359375 0.876953125 0.04736328125
2 0.5009765625 0.42529296875 0.88232421875 0.0498046875
4 0.498046875 0.525390625 0.88818359375 0.04833984375
4 0.4990234375 0.833984375 0.8935546875 0.0498046875
1 0.06982421875 0.8916015625 0.02783203125 0.0185546875
1 0.06884765625 0.93701171875 0.02587890625 0.02099609375