1 0.08203125 0.6962890625 0.04296875 0.03515625
5 0.10302734375 0.28466796875 0.0888671875 0.0361328125
5 0.2880859375 0.4541015625 0.458984375 0.068359375
5 0.130859375 0.62548828125 0.14453125 0.0380859375
5 0.17431640625 0.6982421875 0.0693359375 0.03515625
5 0.1689453125 0.79736328125 0.0625 0.0322265625
5 0.38427734375 0.17822265625 0.1298828125 0.0380859375
5 0.662109375 0.177734375 0.18359375 0.037109375
3 0.09130859375 0.04296875 0.0517578125 0.041015625
3 0.75341796875 0.04150390625 0.0419921875 0.0361328125
3 0.8583984375 0.04150390625 0.03515625 0.0302734375
3 0.9443359375 0.04296875 0.015625 0.033203125
3 0.6982421875 0.697265625 0.041015625 0.033203125
3 0.75537109375 0.697265625 0.0439453125 0.033203125
3 0.81494140625 0.69873046875 0.0458984375 0.0380859375
3 0.87548828125 0.69677734375 0.0400390625 0.0341796875
3 0.69775390625 0.79443359375 0.0400390625 0.0341796875
3 0.75537109375 0.7939453125 0.0400390625 0.033203125
3 0.8154296875 0.7939453125 0.041015625 0.03125
3 0.875 0.79443359375 0.0390625 0.0341796875
5 0.42919921875 0.04248046875 0.5517578125 0.0400390625
0 0.13037109375 0.17578125 0.2587890625 0.080078125
1 0.08349609375 0.7958984375 0.0439453125 0.03515625
2 0.49169921875 0.34619140625 0.8603515625 0.0595703125
0 0.12109375 0.96435546875 0.2421875 0.0712890625
0 0.36962890625 0.9638671875 0.2587890625 0.072265625
0 0.62939453125 0.9638671875 0.2568359375 0.072265625
0 0.8798828125 0.96435546875 0.240234375 0.0712890625
3 0.470703125 0.88232421875 0.076171875 0.0576171875