5 0.33740234375 0.6435546875 0.0849609375 0.03369140625
5 0.33984375 0.6884765625 0.107421875 0.03173828125
5 0.3349609375 0.72900390625 0.09814453125 0.03515625
5 0.64892578125 0.642578125 0.07275390625 0.0283203125
5 0.6376953125 0.6884765625 0.05908203125 0.0283203125
5 0.6552734375 0.72900390625 0.0849609375 0.03515625
4 0.5009765625 0.6435546875 0.19970703125 0.037109375
4 0.50146484375 0.685546875 0.2041015625 0.04052734375
4 0.5009765625 0.72998046875 0.19970703125 0.037109375
2 0.82373046875 0.64453125 0.201171875 0.03515625
4 0.82275390625 0.685546875 0.20263671875 0.037109375
4 0.82373046875 0.72607421875 0.2041015625 0.03369140625
3 0.68603515625 0.58642578125 0.02880859375 0.03857421875
3 0.7255859375 0.58349609375 0.03759765625 0.04052734375
3 0.86181640625 0.58349609375 0.03173828125 0.04052734375
3 0.546875 0.58642578125 0.03173828125 0.0283203125
3 0.470703125 0.58349609375 0.02734375 0.04052734375
3 0.42822265625 0.58642578125 0.033203125 0.03173828125
3 0.31787109375 0.58544921875 0.0302734375 0.037109375
3 0.3935546875 0.58447265625 0.0244140625 0.03515625
3 0.5947265625 0.5869140625 0.0302734375 0.04052734375
3 0.63916015625 0.587890625 0.03759765625 0.03173828125
3 0.7744140625 0.5888671875 0.0302734375 0.037109375
3 0.81396484375 0.5888671875 0.02734375 0.04052734375
2 0.50537109375 0.58251953125 0.02734375 0.03857421875
2 0.34716796875 0.58642578125 0.0224609375 0.03173828125