1 0.14404296875 0.22705078125 0.1572265625 0.1318359375
1 0.142578125 0.0634765625 0.162109375 0.0703125
1 0.142578125 0.42529296875 0.162109375 0.1298828125
1 0.14501953125 0.62109375 0.1591796875 0.1328125
1 0.14306640625 0.78564453125 0.1650390625 0.0693359375
1 0.14306640625 0.91796875 0.1611328125 0.072265625
5 0.5556640625 0.0595703125 0.564453125 0.03515625
5 0.49658203125 0.193359375 0.4384765625 0.037109375
5 0.45654296875 0.39208984375 0.3662109375 0.0361328125
5 0.4755859375 0.58544921875 0.416015625 0.0380859375
5 0.5693359375 0.78759765625 0.591796875 0.0400390625
5 0.5126953125 0.9150390625 0.4765625 0.03515625