1 0.146484375 0.22607421875 0.0322265625 0.04248046875
1 0.14599609375 0.28173828125 0.03369140625 0.04248046875
1 0.14599609375 0.3388671875 0.03076171875 0.04052734375
1 0.146484375 0.39501953125 0.0322265625 0.04443359375
1 0.14599609375 0.45068359375 0.03076171875 0.04052734375
1 0.146484375 0.5078125 0.0322265625 0.04248046875
1 0.146484375 0.5634765625 0.0322265625 0.04248046875
1 0.146484375 0.61962890625 0.0322265625 0.04248046875
1 0.146484375 0.67578125 0.0322265625 0.04248046875
1 0.146484375 0.732421875 0.0322265625 0.04443359375
1 0.146484375 0.78857421875 0.03515625 0.04443359375
1 0.146484375 0.845703125 0.03515625 0.04248046875
1 0.146484375 0.9013671875 0.0322265625 0.04248046875
1 0.146484375 0.95654296875 0.0322265625 0.04052734375
5 0.14453125 0.1611328125 0.07763671875 0.04052734375
5 0.2802734375 0.16015625 0.134765625 0.03857421875
5 0.50439453125 0.1611328125 0.134765625 0.04052734375
5 0.267578125 0.22607421875 0.13037109375 0.04248046875
5 0.25732421875 0.28564453125 0.10986328125 0.04248046875
5 0.25830078125 0.33984375 0.1083984375 0.03466796875
5 0.23876953125 0.3974609375 0.0703125 0.03466796875
5 0.23583984375 0.45654296875 0.0556640625 0.03271484375
5 0.25390625 0.5107421875 0.09375 0.03662109375
5 0.240234375 0.5634765625 0.0703125 0.04248046875
5 0.4931640625 0.22607421875 0.13037109375 0.03857421875
5 0.484375 0.28564453125 0.10693359375 0.03857421875
5 0.48828125 0.3388671875 0.111328125 0.03662109375
5 0.52734375 0.3994140625 0.18310546875 0.04248046875
5 0.50537109375 0.45263671875 0.14501953125 0.03662109375
5 0.515625 0.5078125 0.16552734375 0.03857421875
0 0.25390625 0.05419921875 0.41650390625 0.05810546875
0 0.71337890625 0.05615234375 0.5029296875 0.05810546875