5 0.09423828125 0.20849609375 0.11181640625 0.02978515625
3 0.169921875 0.2109375 0.02734375 0.0341796875
3 0.900390625 0.13427734375 0.017578125 0.02734375
3 0.9267578125 0.13427734375 0.01904296875 0.02294921875
3 0.95361328125 0.13427734375 0.01904296875 0.02734375
7 0.05908203125 0.27001953125 0.044921875 0.02490234375
7 0.05908203125 0.30078125 0.04150390625 0.02734375
7 0.11328125 0.2685546875 0.044921875 0.02734375
7 0.11181640625 0.30078125 0.04150390625 0.02294921875
7 0.166015625 0.2685546875 0.044921875 0.02294921875
7 0.16552734375 0.30078125 0.04296875 0.02734375
7 0.05810546875 0.35546875 0.04296875 0.02734375
7 0.05908203125 0.38720703125 0.044921875 0.02734375
7 0.11328125 0.35546875 0.04150390625 0.02734375
7 0.11279296875 0.38720703125 0.04296875 0.02294921875
7 0.166015625 0.3564453125 0.04150390625 0.02490234375
7 0.16552734375 0.38623046875 0.04296875 0.02490234375
1 0.224609375 0.267578125 0.017578125 0.02490234375
1 0.224609375 0.30078125 0.017578125 0.02734375
1 0.2509765625 0.27001953125 0.01611328125 0.02490234375
1 0.25146484375 0.30078125 0.017578125 0.02294921875
1 0.27880859375 0.27001953125 0.017578125 0.02490234375
1 0.27783203125 0.30078125 0.01611328125 0.02294921875
0 0.08642578125 0.45458984375 0.08935546875 0.02978515625
4 0.21484375 0.45458984375 0.087890625 0.02978515625
4 0.34521484375 0.453125 0.08642578125 0.03173828125
4 0.763671875 0.787109375 0.0732421875 0.02978515625
4 0.76416015625 0.828125 0.0751953125 0.02978515625
3 0.71240234375 0.52490234375 0.0224609375 0.02978515625
3 0.74365234375 0.52392578125 0.02392578125 0.03173828125
3 0.77294921875 0.52490234375 0.0224609375 0.02978515625
3 0.802734375 0.52392578125 0.02099609375 0.03173828125
3 0.8330078125 0.52392578125 0.02099609375 0.03173828125
3 0.86328125 0.52490234375 0.02099609375 0.02978515625
0 0.6630859375 0.3349609375 0.08642578125 0.03173828125
0 0.6630859375 0.3984375 0.08642578125 0.03173828125
2 0.11279296875 0.52294921875 0.15185546875 0.02978515625
2 0.31396484375 0.52392578125 0.1484375 0.02734375
2 0.11328125 0.57177734375 0.150390625 0.02734375
2 0.31298828125 0.57177734375 0.150390625 0.03173828125
2 0.3544921875 0.3095703125 0.0576171875 0.02734375
4 0.48779296875 0.27099609375 0.12939453125 0.03173828125
4 0.48779296875 0.3349609375 0.1259765625 0.02734375
4 0.48779296875 0.3974609375 0.1259765625 0.02978515625
4 0.48779296875 0.4599609375 0.12939453125 0.03173828125
0 0.07763671875 0.7890625 0.078125 0.03857421875
0 0.07666015625 0.8427734375 0.080078125 0.03662109375
0 0.07568359375 0.896484375 0.0751953125 0.0341796875
0 0.2373046875 0.787109375 0.0751953125 0.02978515625
0 0.23779296875 0.84375 0.07666015625 0.0341796875
0 0.3505859375 0.7890625 0.078125 0.02978515625
0 0.4873046875 0.58642578125 0.1279296875 0.02978515625
0 0.48779296875 0.787109375 0.1259765625 0.02978515625
0 0.6435546875 0.58642578125 0.115234375 0.02978515625
0 0.64453125 0.78564453125 0.11669921875 0.03662109375
3 0.15673828125 0.7890625 0.0224609375 0.02978515625
3 0.15673828125 0.8427734375 0.01904296875 0.02734375
3 0.15576171875 0.8974609375 0.017578125 0.02734375
3 0.3251953125 0.8427734375 0.02392578125 0.03173828125
3 0.3515625 0.841796875 0.0224609375 0.0341796875
3 0.37841796875 0.8427734375 0.0224609375 0.03662109375
5 0.158203125 0.1083984375 0.24609375 0.05224609375
5 0.3828125 0.109375 0.18701171875 0.041015625
6 0.22265625 0.35546875 0.017578125 0.02734375
6 0.2509765625 0.35546875 0.01904296875 0.02294921875
6 0.27783203125 0.35546875 0.01611328125 0.02734375
6 0.2236328125 0.38720703125 0.01904296875 0.02734375
6 0.25 0.38720703125 0.017578125 0.02734375
6 0.27783203125 0.38720703125 0.01904296875 0.02734375
4 0.4873046875 0.52392578125 0.1279296875 0.03173828125
5 0.06787109375 0.60498046875 0.03369140625 0.01611328125
5 0.06689453125 0.63427734375 0.02880859375 0.01611328125
5 0.064453125 0.66650390625 0.02734375 0.01611328125
5 0.06396484375 0.69482421875 0.02880859375 0.013671875
5 0.2666015625 0.60595703125 0.03515625 0.013671875
0 0.314453125 0.63671875 0.13720703125 0.02978515625
5 0.26513671875 0.6650390625 0.02880859375 0.01806640625
5 0.26611328125 0.69384765625 0.0302734375 0.01611328125
5 0.4873046875 0.62060546875 0.03515625 0.0205078125
5 0.48779296875 0.6572265625 0.03369140625 0.01611328125
5 0.486328125 0.69482421875 0.02734375 0.01806640625
3 0.21240234375 0.896484375 0.025390625 0.0341796875
3 0.236328125 0.896484375 0.0126953125 0.0205078125
3 0.2626953125 0.896484375 0.01416015625 0.0205078125
3 0.32568359375 0.896484375 0.025390625 0.0341796875
3 0.3515625 0.896484375 0.025390625 0.0341796875
3 0.3759765625 0.896484375 0.02392578125 0.0341796875
5 0.4873046875 0.81982421875 0.03173828125 0.01806640625
5 0.48779296875 0.8564453125 0.0302734375 0.01806640625
5 0.75244140625 0.8642578125 0.04150390625 0.01611328125
5 0.7509765625 0.890625 0.03515625 0.01806640625
5 0.66357421875 0.26416015625 0.0400390625 0.01806640625
5 0.74755859375 0.26318359375 0.044921875 0.0205078125
5 0.83154296875 0.26318359375 0.04638671875 0.0205078125
5 0.91845703125 0.26416015625 0.044921875 0.02294921875
5 0.74853515625 0.3349609375 0.04638671875 0.01806640625
5 0.833984375 0.3349609375 0.044921875 0.01806640625
5 0.91845703125 0.3359375 0.044921875 0.0205078125
5 0.4873046875 0.89501953125 0.02880859375 0.01806640625