5 0.1708984375 0.025390625 0.29541015625 0.02099609375
5 0.1376953125 0.06298828125 0.2138671875 0.02099609375
5 0.0693359375 0.10693359375 0.1044921875 0.01708984375
5 0.1015625 0.15234375 0.1474609375 0.01513671875
5 0.05859375 0.19873046875 0.07080078125 0.013671875
5 0.0869140625 0.2451171875 0.12451171875 0.013671875
5 0.3115234375 0.328125 0.580078125 0.01904296875
5 0.1259765625 0.39453125 0.166015625 0.03271484375
5 0.3525390625 0.3935546875 0.17236328125 0.03076171875
5 0.576171875 0.39501953125 0.1708984375 0.03369140625
5 0.1884765625 0.4873046875 0.32763671875 0.02490234375
5 0.0751953125 0.52783203125 0.1015625 0.01708984375
5 0.0908203125 0.56494140625 0.1416015625 0.02392578125
5 0.0751953125 0.61083984375 0.09521484375 0.02392578125
5 0.05615234375 0.65673828125 0.06298828125 0.0126953125
5 0.09130859375 0.70263671875 0.1279296875 0.01513671875
5 0.07177734375 0.74755859375 0.09375 0.01611328125
5 0.0771484375 0.79296875 0.1015625 0.01708984375
4 0.4248046875 0.10400390625 0.4091796875 0.02294921875
4 0.423828125 0.1513671875 0.41064453125 0.02294921875
4 0.423828125 0.19580078125 0.41064453125 0.02001953125
4 0.42529296875 0.24267578125 0.40771484375 0.02294921875
4 0.4228515625 0.56396484375 0.40625 0.02587890625
4 0.423828125 0.609375 0.40478515625 0.02294921875
4 0.423828125 0.6552734375 0.40771484375 0.02197265625
4 0.42529296875 0.70166015625 0.4169921875 0.02099609375
4 0.3046875 0.7490234375 0.16943359375 0.02099609375
2 0.24462890625 0.7958984375 0.05517578125 0.02490234375
2 0.3154296875 0.794921875 0.06787109375 0.02294921875
5 0.36669921875 0.83544921875 0.24755859375 0.02294921875
6 0.03076171875 0.384765625 0.0244140625 0.01513671875
6 0.25439453125 0.384765625 0.02294921875 0.01708984375
6 0.47998046875 0.384765625 0.021484375 0.0126953125
1 0.22607421875 0.83447265625 0.0244140625 0.01513671875
0 0.3486328125 0.869140625 0.130859375 0.02978515625