2 0.7001953125 0.5107421875 0.22509765625 0.068359375
7 0.7470703125 0.73193359375 0.03857421875 0.037109375
5 0.6875 0.73291015625 0.0576171875 0.0244140625
3 0.60205078125 0.7294921875 0.0185546875 0.03173828125
3 0.5537109375 0.73046875 0.0224609375 0.033203125
3 0.78857421875 0.7294921875 0.0126953125 0.03857421875
3 0.5556640625 0.5087890625 0.021484375 0.02978515625
3 0.875 0.47802734375 0.0224609375 0.03515625
3 0.87646484375 0.533203125 0.0224609375 0.02978515625
3 0.87451171875 0.5888671875 0.02392578125 0.03173828125
3 0.87451171875 0.64599609375 0.02392578125 0.02978515625
3 0.87451171875 0.7021484375 0.021484375 0.0263671875
3 0.875 0.75732421875 0.02490234375 0.03173828125
0 0.943359375 0.47802734375 0.07861328125 0.03857421875
5 0.11865234375 0.84375 0.05517578125 0.0283203125
5 0.236328125 0.2998046875 0.2900390625 0.05078125
4 0.31005859375 0.51513671875 0.4326171875 0.0810546875
5 0.46875 0.037109375 0.0751953125 0.0244140625
5 0.55419921875 0.037109375 0.05859375 0.0283203125
5 0.37646484375 0.037109375 0.072265625 0.0244140625