5 0.1357421875 0.22216796875 0.03173828125 0.0224609375
5 0.14404296875 0.296875 0.0517578125 0.0224609375
5 0.134765625 0.369140625 0.03662109375 0.0205078125
5 0.14892578125 0.44384765625 0.06103515625 0.017578125
5 0.41552734375 0.3681640625 0.05078125 0.01611328125
5 0.40625 0.4365234375 0.03564453125 0.01611328125
5 0.45703125 0.29150390625 0.14404296875 0.09033203125
4 0.22021484375 0.2548828125 0.20263671875 0.03662109375
4 0.21875 0.32861328125 0.20263671875 0.0380859375
4 0.22021484375 0.40087890625 0.203125 0.03662109375
4 0.22021484375 0.4755859375 0.20166015625 0.03955078125
4 0.48974609375 0.3994140625 0.20263671875 0.03955078125
4 0.490234375 0.470703125 0.203125 0.03662109375
5 0.44189453125 0.51171875 0.0810546875 0.017578125
5 0.2099609375 0.51904296875 0.15478515625 0.0224609375
1 0.12451171875 0.51611328125 0.01416015625 0.025390625
1 0.39453125 0.51123046875 0.015625 0.025390625
0 0.16259765625 0.580078125 0.08642578125 0.03955078125
0 0.4326171875 0.57470703125 0.0849609375 0.0380859375