6 0.7861328125 0.16015625 0.029296875 0.03515625
6 0.04345703125 0.73193359375 0.0380859375 0.0498046875
1 0.0556640625 0.22509765625 0.029296875 0.0341796875
1 0.056640625 0.28857421875 0.02734375 0.0322265625
1 0.419921875 0.22412109375 0.03125 0.0400390625
1 0.42138671875 0.41455078125 0.0302734375 0.0361328125
1 0.4248046875 0.47607421875 0.03125 0.0380859375
1 0.05712890625 0.15771484375 0.0302734375 0.0263671875
1 0.41748046875 0.16455078125 0.0263671875 0.0302734375
5 0.1796875 0.078125 0.287109375 0.044921875
5 0.525390625 0.08056640625 0.2421875 0.0498046875
5 0.8271484375 0.0771484375 0.11328125 0.0390625
5 0.12744140625 0.53125 0.1962890625 0.046875
5 0.1220703125 0.15478515625 0.09375 0.0341796875
5 0.125 0.22119140625 0.099609375 0.0380859375
5 0.1259765625 0.283203125 0.09765625 0.0390625
5 0.10009765625 0.34423828125 0.0498046875 0.0380859375
5 0.10546875 0.60498046875 0.095703125 0.0400390625
5 0.11279296875 0.67236328125 0.0947265625 0.0361328125
5 0.1181640625 0.73291015625 0.09375 0.0400390625
5 0.08203125 0.79345703125 0.052734375 0.0322265625
5 0.1162109375 0.865234375 0.107421875 0.044921875
5 0.115234375 0.9248046875 0.09375 0.041015625
5 0.48046875 0.15478515625 0.095703125 0.0380859375
5 0.48974609375 0.22216796875 0.1005859375 0.0419921875
5 0.49560546875 0.28369140625 0.0986328125 0.0380859375
5 0.4619140625 0.345703125 0.056640625 0.03515625
5 0.4931640625 0.41259765625 0.10546875 0.0419921875
5 0.48974609375 0.4755859375 0.1005859375 0.044921875
5 0.853515625 0.15478515625 0.103515625 0.0419921875
5 0.85546875 0.2216796875 0.103515625 0.0390625
5 0.85595703125 0.28271484375 0.1044921875 0.0439453125
5 0.83056640625 0.34521484375 0.0576171875 0.0341796875
5 0.85888671875 0.41162109375 0.1083984375 0.0478515625
5 0.8505859375 0.474609375 0.09765625 0.04296875
1 0.41748046875 0.35595703125 0.0224609375 0.0283203125