5 0.0830078125 0.32080078125 0.10791015625 0.05615234375
5 0.59521484375 0.32080078125 0.12451171875 0.0498046875
5 0.82177734375 0.32421875 0.1162109375 0.0498046875
5 0.81982421875 0.73193359375 0.11474609375 0.05615234375
5 0.59814453125 0.73388671875 0.11865234375 0.05908203125
5 0.3173828125 0.73681640625 0.11767578125 0.05908203125
5 0.08935546875 0.73046875 0.11474609375 0.05908203125
4 0.2470703125 0.4453125 0.4404296875 0.130859375
4 0.64208984375 0.447265625 0.21240234375 0.1337890625
4 0.86865234375 0.4501953125 0.2099609375 0.1279296875
4 0.86767578125 0.8583984375 0.216796875 0.14013671875
4 0.64208984375 0.85693359375 0.21533203125 0.13720703125
4 0.3623046875 0.85986328125 0.21240234375 0.14306640625
4 0.1357421875 0.8583984375 0.21240234375 0.14013671875