4 0.720703125 0.38818359375 0.3046875 0.04150390625
4 0.720703125 0.43994140625 0.3046875 0.04150390625
4 0.6005859375 0.49365234375 0.068359375 0.0390625
4 0.6767578125 0.49365234375 0.068359375 0.04443359375
0 0.7197265625 0.68896484375 0.310546875 0.0546875
6 0.158203125 0.31640625 0.015625 0.0234375
6 0.1591796875 0.34912109375 0.013671875 0.02099609375
5 0.2080078125 0.31884765625 0.076171875 0.01806640625
5 0.2060546875 0.3515625 0.072265625 0.015625
5 0.201171875 0.41943359375 0.140625 0.02099609375
4 0.2666015625 0.45849609375 0.271484375 0.03662109375
0 0.4482421875 0.45947265625 0.087890625 0.0390625