5 0.1123046875 0.25634765625 0.076171875 0.0380859375
5 0.2802734375 0.3623046875 0.08984375 0.041015625
5 0.31201171875 0.50390625 0.1435546875 0.044921875
5 0.33349609375 0.5732421875 0.1904296875 0.044921875
5 0.28515625 0.64013671875 0.095703125 0.0419921875
0 0.34765625 0.43310546875 0.267578125 0.0634765625
5 0.330078125 0.25732421875 0.099609375 0.0380859375
5 0.5966796875 0.25244140625 0.103515625 0.0341796875
5 0.85205078125 0.25048828125 0.0693359375 0.0361328125
3 0.91015625 0.25244140625 0.02734375 0.0244140625
3 0.6689453125 0.2529296875 0.029296875 0.03125
3 0.39794921875 0.255859375 0.0322265625 0.02734375