6 0.421875 0.353515625 0.03125 0.080078125
6 0.537109375 0.3564453125 0.03125 0.083984375
6 0.62841796875 0.35498046875 0.0244140625 0.0791015625
6 0.7373046875 0.35498046875 0.025390625 0.0791015625
6 0.826171875 0.35498046875 0.02734375 0.0751953125
6 0.89794921875 0.353515625 0.0263671875 0.0859375
6 0.10791015625 0.93310546875 0.0224609375 0.0595703125
2 0.17431640625 0.0732421875 0.3017578125 0.109375
5 0.11181640625 0.23583984375 0.0908203125 0.0595703125
5 0.09619140625 0.3564453125 0.0576171875 0.046875
5 0.1845703125 0.35693359375 0.09375 0.0576171875
4 0.203125 0.48095703125 0.267578125 0.1005859375
4 0.71484375 0.0712890625 0.568359375 0.10546875
5 0.1142578125 0.71435546875 0.033203125 0.0478515625
3 0.326171875 0.23095703125 0.01953125 0.0458984375
3 0.0263671875 0.23388671875 0.021484375 0.0380859375
3 0.025390625 0.4013671875 0.01953125 0.052734375
3 0.0244140625 0.5703125 0.017578125 0.056640625
3 0.02490234375 0.73876953125 0.0185546875 0.0537109375
3 0.02490234375 0.9052734375 0.0244140625 0.0546875
3 0.0859375 0.70654296875 0.02734375 0.0595703125
5 0.125 0.82177734375 0.046875 0.0400390625
1 0.08740234375 0.81982421875 0.0185546875 0.0380859375
5 0.4736328125 0.35400390625 0.068359375 0.0458984375
5 0.580078125 0.349609375 0.044921875 0.041015625
5 0.6787109375 0.353515625 0.060546875 0.05078125
5 0.7763671875 0.35107421875 0.048828125 0.0361328125
5 0.859375 0.349609375 0.025390625 0.037109375
5 0.9453125 0.34814453125 0.0546875 0.0400390625
5 0.1435546875 0.93505859375 0.044921875 0.0458984375
5 0.142578125 0.59326171875 0.08984375 0.0400390625
3 0.08203125 0.59228515625 0.025390625 0.0576171875