5 0.15234375 0.29248046875 0.1474609375 0.0419921875
5 0.11767578125 0.3701171875 0.07568359375 0.0478515625
5 0.12109375 0.4541015625 0.0849609375 0.0439453125
5 0.12939453125 0.5341796875 0.1015625 0.05908203125
5 0.1240234375 0.61962890625 0.0869140625 0.0537109375
1 0.77880859375 0.29052734375 0.01416015625 0.02685546875
1 0.91015625 0.28955078125 0.01416015625 0.02490234375
1 0.7783203125 0.3701171875 0.01318359375 0.02490234375
1 0.90966796875 0.3701171875 0.01318359375 0.02490234375
1 0.91015625 0.451171875 0.01416015625 0.02685546875
1 0.7783203125 0.4521484375 0.01318359375 0.02490234375
1 0.7783203125 0.53271484375 0.01318359375 0.02490234375
1 0.7783203125 0.61376953125 0.01318359375 0.02685546875
1 0.90966796875 0.53369140625 0.01318359375 0.02685546875
1 0.90966796875 0.61376953125 0.01318359375 0.02685546875
3 0.06005859375 0.29150390625 0.02392578125 0.0439453125
3 0.05859375 0.373046875 0.02197265625 0.0380859375
3 0.05712890625 0.4501953125 0.02099609375 0.0478515625
3 0.0576171875 0.5361328125 0.02001953125 0.0400390625
3 0.0576171875 0.61376953125 0.01416015625 0.0419921875