5 0.3828125 0.046875 0.22998046875 0.02783203125
5 0.2958984375 0.12158203125 0.072265625 0.0185546875
5 0.32763671875 0.22216796875 0.119140625 0.0234375
5 0.34912109375 0.48388671875 0.16162109375 0.0234375
5 0.2998046875 0.53271484375 0.06396484375 0.02783203125
5 0.2978515625 0.6259765625 0.06787109375 0.0185546875
4 0.38525390625 0.8740234375 0.24267578125 0.05615234375
4 0.642578125 0.8154296875 0.23828125 0.05126953125
4 0.5126953125 0.7568359375 0.498046875 0.05615234375
4 0.38720703125 0.8154296875 0.23828125 0.05126953125
4 0.5126953125 0.666015625 0.4892578125 0.05126953125
4 0.51513671875 0.572265625 0.49365234375 0.05126953125
4 0.51513671875 0.40185546875 0.49365234375 0.05615234375
4 0.5126953125 0.26611328125 0.4892578125 0.05615234375
4 0.38916015625 0.1611328125 0.24267578125 0.05126953125
4 0.640625 0.1611328125 0.24267578125 0.05126953125
5 0.31689453125 0.3623046875 0.1064453125 0.0234375
2 0.640625 0.8759765625 0.24267578125 0.05126953125
0 0.66162109375 0.953125 0.19140625 0.046875