1 0.60009765625 0.44775390625 0.0322265625 0.0888671875
1 0.59912109375 0.625 0.0361328125 0.09375
1 0.599609375 0.806640625 0.03515625 0.095703125
6 0.099609375 0.4482421875 0.041015625 0.09765625
6 0.09912109375 0.6279296875 0.0361328125 0.09375
6 0.0986328125 0.8056640625 0.041015625 0.09765625
5 0.18701171875 0.451171875 0.1240234375 0.0625
5 0.2041015625 0.62841796875 0.158203125 0.0732421875
5 0.19677734375 0.80810546875 0.1474609375 0.0693359375
5 0.6650390625 0.4443359375 0.0859375 0.0546875
5 0.6669921875 0.62451171875 0.087890625 0.0634765625
5 0.66796875 0.80078125 0.0859375 0.056640625