5 0.53271484375 0.0439453125 0.0458984375 0.017578125
5 0.591796875 0.04443359375 0.044921875 0.0146484375
0 0.720703125 0.0439453125 0.1162109375 0.0400390625
0 0.49951171875 0.501953125 0.24609375 0.0576171875
5 0.43603515625 0.0439453125 0.03173828125 0.015625
5 0.48095703125 0.044921875 0.02734375 0.015625
5 0.640625 0.04541015625 0.02294921875 0.0166015625
5 0.49853515625 0.15234375 0.22021484375 0.02294921875
5 0.49658203125 0.23583984375 0.34375 0.091796875
0 0.58935546875 0.9736328125 0.10107421875 0.0361328125
0 0.71044921875 0.9736328125 0.125 0.0322265625
3 0.3095703125 0.353515625 0.0146484375 0.02587890625
3 0.373046875 0.35498046875 0.01611328125 0.01953125
3 0.43603515625 0.35498046875 0.015625 0.02490234375
3 0.49951171875 0.35498046875 0.015625 0.01953125
3 0.56298828125 0.35400390625 0.01513671875 0.02490234375
3 0.626953125 0.3544921875 0.01611328125 0.02392578125
3 0.6904296875 0.3544921875 0.0185546875 0.02978515625
5 0.3095703125 0.39697265625 0.037109375 0.013671875
5 0.37353515625 0.39697265625 0.03271484375 0.013671875
5 0.4365234375 0.39501953125 0.04541015625 0.017578125
5 0.50048828125 0.3974609375 0.02978515625 0.015625
5 0.56396484375 0.396484375 0.02392578125 0.0166015625
5 0.6279296875 0.3974609375 0.03564453125 0.013671875
5 0.6904296875 0.39697265625 0.02734375 0.015625