5 0.24560546875 0.15673828125 0.13427734375 0.02490234375
5 0.10107421875 0.2060546875 0.0322265625 0.02294921875
5 0.10107421875 0.326171875 0.02880859375 0.021484375
5 0.1259765625 0.4208984375 0.08154296875 0.02490234375
5 0.1279296875 0.62109375 0.07958984375 0.01953125
5 0.134765625 0.6533203125 0.0673828125 0.01953125
5 0.13427734375 0.68701171875 0.06787109375 0.02294921875
5 0.134765625 0.72021484375 0.0673828125 0.01806640625
5 0.13916015625 0.8056640625 0.2158203125 0.0390625
5 0.1865234375 0.87158203125 0.3134765625 0.03564453125
5 0.75244140625 0.15673828125 0.099609375 0.021484375
5 0.607421875 0.2041015625 0.0322265625 0.02294921875
5 0.607421875 0.32373046875 0.0302734375 0.01953125
5 0.63330078125 0.42236328125 0.07958984375 0.02490234375
5 0.62353515625 0.45166015625 0.0302734375 0.01953125
5 0.623046875 0.48681640625 0.02978515625 0.01806640625
5 0.62451171875 0.5205078125 0.0302734375 0.01806640625
5 0.60498046875 0.56884765625 0.0234375 0.01806640625
5 0.6337890625 0.650390625 0.08349609375 0.01806640625
5 0.62451171875 0.8076171875 0.173828125 0.0390625
4 0.67041015625 0.24169921875 0.150390625 0.041015625
4 0.833984375 0.2421875 0.1533203125 0.04296875
4 0.75146484375 0.36474609375 0.31640625 0.04443359375
4 0.75244140625 0.69091796875 0.31787109375 0.04833984375
4 0.24658203125 0.5390625 0.3154296875 0.04833984375
4 0.244140625 0.458984375 0.314453125 0.04443359375
4 0.2451171875 0.36376953125 0.31640625 0.0498046875
4 0.16357421875 0.2431640625 0.1513671875 0.04443359375
4 0.326171875 0.2470703125 0.150390625 0.0517578125
6 0.09326171875 0.64892578125 0.0107421875 0.021484375
6 0.0927734375 0.6826171875 0.01171875 0.02490234375
6 0.0927734375 0.71826171875 0.01171875 0.02490234375
0 0.64453125 0.92236328125 0.21435546875 0.0908203125
0 0.8662109375 0.92578125 0.20166015625 0.08740234375
6 0.60009765625 0.45166015625 0.009765625 0.01953125
6 0.599609375 0.48486328125 0.0107421875 0.021484375
6 0.59912109375 0.51708984375 0.01171875 0.021484375
3 0.966796875 0.03369140625 0.02490234375 0.04638671875