5 0.11279296875 0.08740234375 0.15380859375 0.04638671875
5 0.13818359375 0.2607421875 0.1845703125 0.03564453125
5 0.1044921875 0.4208984375 0.12890625 0.04541015625
5 0.59228515625 0.08984375 0.1533203125 0.04443359375
5 0.587890625 0.2587890625 0.15234375 0.0341796875
5 0.58837890625 0.42333984375 0.1513671875 0.0400390625
5 0.57568359375 0.58935546875 0.13134765625 0.041015625
5 0.10888671875 0.59326171875 0.1337890625 0.033203125
5 0.12939453125 0.65234375 0.0712890625 0.03857421875
5 0.2646484375 0.6552734375 0.07177734375 0.03759765625
5 0.39111328125 0.6533203125 0.05078125 0.03662109375
5 0.1484375 0.73681640625 0.109375 0.041015625
5 0.154296875 0.81103515625 0.06787109375 0.03662109375
5 0.6357421875 0.7578125 0.24072265625 0.04541015625
4 0.2666015625 0.1630859375 0.4345703125 0.08203125
4 0.26416015625 0.3271484375 0.4345703125 0.07958984375
2 0.7353515625 0.158203125 0.4345703125 0.08740234375
4 0.736328125 0.33154296875 0.43994140625 0.07763671875
4 0.7119140625 0.49267578125 0.3876953125 0.08740234375
0 0.93310546875 0.47216796875 0.04931640625 0.03759765625
0 0.93359375 0.51318359375 0.04833984375 0.0400390625
2 0.26513671875 0.49169921875 0.44287109375 0.08740234375
6 0.0634765625 0.654296875 0.0498046875 0.0556640625
6 0.1982421875 0.64990234375 0.046875 0.0556640625
6 0.3359375 0.65283203125 0.046875 0.0556640625
1 0.060546875 0.73876953125 0.0302734375 0.041015625
7 0.07373046875 0.81201171875 0.0634765625 0.0498046875