7 0.10595703125 0.146484375 0.1201171875 0.1640625
7 0.2607421875 0.1474609375 0.1171875 0.154296875
7 0.41845703125 0.14013671875 0.1103515625 0.1669921875
7 0.58056640625 0.14208984375 0.1123046875 0.1552734375
7 0.734375 0.138671875 0.12109375 0.158203125
7 0.89404296875 0.1435546875 0.1142578125 0.162109375
7 0.8955078125 0.37939453125 0.115234375 0.1552734375
7 0.892578125 0.6083984375 0.119140625 0.158203125
7 0.89306640625 0.8505859375 0.1181640625 0.158203125
7 0.73681640625 0.3740234375 0.1142578125 0.16015625
7 0.73681640625 0.61669921875 0.1181640625 0.1650390625
7 0.73876953125 0.84619140625 0.1142578125 0.1708984375
7 0.576171875 0.3837890625 0.115234375 0.13671875
7 0.5791015625 0.61474609375 0.12109375 0.1787109375
7 0.57763671875 0.853515625 0.1259765625 0.169921875
7 0.419921875 0.3740234375 0.115234375 0.166015625
7 0.4189453125 0.615234375 0.115234375 0.15234375
7 0.419921875 0.857421875 0.115234375 0.150390625
7 0.26123046875 0.3828125 0.1162109375 0.14453125
7 0.2626953125 0.61376953125 0.11328125 0.1552734375
7 0.26416015625 0.85546875 0.1162109375 0.173828125
7 0.10400390625 0.3720703125 0.1103515625 0.14453125
7 0.1025390625 0.6171875 0.11328125 0.15625
7 0.107421875 0.84619140625 0.123046875 0.1552734375