4 0.26416015625 0.1640625 0.45556640625 0.056640625
4 0.73388671875 0.162109375 0.4541015625 0.06005859375
4 0.736328125 0.46484375 0.451171875 0.05224609375
4 0.2646484375 0.46435546875 0.44580078125 0.046875
4 0.49951171875 0.26171875 0.93115234375 0.0634765625
5 0.12109375 0.11572265625 0.16064453125 0.0244140625
5 0.10693359375 0.22021484375 0.1484375 0.02001953125
5 0.181640625 0.32275390625 0.2822265625 0.02978515625
5 0.1044921875 0.3623046875 0.052734375 0.033203125
5 0.5673828125 0.3671875 0.048828125 0.03662109375
5 0.25341796875 0.41943359375 0.43359375 0.01904296875
5 0.1494140625 0.9384765625 0.23388671875 0.1142578125
5 0.083984375 0.7451171875 0.091796875 0.0234375
5 0.10400390625 0.68603515625 0.140625 0.03466796875
5 0.11572265625 0.63427734375 0.16064453125 0.0576171875
5 0.43896484375 0.5654296875 0.0810546875 0.0419921875
5 0.78173828125 0.5634765625 0.0771484375 0.03564453125
5 0.2265625 0.52099609375 0.3876953125 0.03125
6 0.44921875 0.61669921875 0.0390625 0.02685546875
6 0.44873046875 0.68701171875 0.0322265625 0.02978515625
6 0.44580078125 0.7421875 0.0322265625 0.02880859375
6 0.787109375 0.61572265625 0.0390625 0.0244140625
6 0.78515625 0.685546875 0.03515625 0.02685546875
6 0.78662109375 0.74267578125 0.04052734375 0.02783203125
6 0.78857421875 0.900390625 0.03662109375 0.02783203125
6 0.44921875 0.8955078125 0.03369140625 0.03125
5 0.44775390625 0.84423828125 0.05810546875 0.033203125
5 0.21484375 0.8037109375 0.37548828125 0.03466796875
5 0.78857421875 0.85009765625 0.06640625 0.033203125
6 0.52099609375 0.36572265625 0.03662109375 0.033203125
6 0.05517578125 0.365234375 0.0322265625 0.03466796875