5 0.25830078125 0.41552734375 0.04443359375 0.025390625
5 0.26953125 0.5400390625 0.08203125 0.0234375
5 0.5654296875 0.408203125 0.0419921875 0.02001953125
5 0.5703125 0.52099609375 0.060546875 0.02734375
5 0.576171875 0.6259765625 0.05810546875 0.0244140625
0 0.3623046875 0.720703125 0.25244140625 0.0546875
0 0.6572265625 0.75439453125 0.2265625 0.05078125
4 0.36181640625 0.4580078125 0.2626953125 0.0400390625
4 0.361328125 0.58642578125 0.2548828125 0.0361328125
4 0.65869140625 0.4453125 0.22802734375 0.0361328125
4 0.658203125 0.55615234375 0.22509765625 0.03173828125
4 0.66015625 0.662109375 0.2265625 0.03564453125
3 0.3095703125 0.8564453125 0.0322265625 0.0400390625
3 0.35986328125 0.85400390625 0.02392578125 0.0390625
3 0.4140625 0.85595703125 0.025390625 0.0390625
3 0.61279296875 0.87158203125 0.0166015625 0.02978515625
3 0.65576171875 0.8701171875 0.02880859375 0.03466796875
3 0.7041015625 0.87060546875 0.01953125 0.03564453125