2 0.2578125 0.19140625 0.412109375 0.068359375
4 0.71923828125 0.19140625 0.5126953125 0.0703125
4 0.51416015625 0.27880859375 0.9248046875 0.0712890625
4 0.51416015625 0.36279296875 0.9228515625 0.0693359375
4 0.51416015625 0.447265625 0.9248046875 0.072265625
4 0.51416015625 0.53271484375 0.9248046875 0.0673828125
4 0.51611328125 0.62109375 0.9228515625 0.0703125
4 0.6484375 0.70361328125 0.65234375 0.0712890625
2 0.1904296875 0.70361328125 0.263671875 0.0673828125
1 0.08154296875 0.771484375 0.0537109375 0.0390625
0 0.51220703125 0.94921875 0.9267578125 0.068359375
3 0.09326171875 0.10693359375 0.0517578125 0.0380859375