0 0.44287109375 0.5322265625 0.1044921875 0.04248046875
0 0.5537109375 0.53271484375 0.103515625 0.04345703125
0 0.19384765625 0.71875 0.15625 0.0458984375
5 0.498046875 0.71923828125 0.0654296875 0.021484375
5 0.12060546875 0.60546875 0.04736328125 0.015625
5 0.119140625 0.5478515625 0.04052734375 0.01416015625
5 0.71826171875 0.47216796875 0.0556640625 0.015625
5 0.7119140625 0.52978515625 0.0400390625 0.01416015625
3 0.892578125 0.490234375 0.0126953125 0.0185546875
3 0.8916015625 0.54833984375 0.01171875 0.01513671875
5 0.71484375 0.58642578125 0.04443359375 0.01318359375
3 0.890625 0.60595703125 0.0126953125 0.0166015625
0 0.787109375 0.70068359375 0.1533203125 0.044921875
1 0.69677734375 0.63720703125 0.009765625 0.0126953125
5 0.791015625 0.638671875 0.173828125 0.015625