5 0.1337890625 0.09619140625 0.06103515625 0.03271484375
5 0.1142578125 0.18115234375 0.10302734375 0.02880859375
5 0.12646484375 0.2265625 0.125 0.0146484375
5 0.16015625 0.2646484375 0.201171875 0.0361328125
4 0.16796875 0.33447265625 0.2080078125 0.052734375
4 0.1689453125 0.40673828125 0.2080078125 0.052734375
2 0.16845703125 0.47900390625 0.20654296875 0.052734375
4 0.16845703125 0.552734375 0.20654296875 0.05419921875
5 0.0966796875 0.626953125 0.07080078125 0.02197265625
5 0.09765625 0.86767578125 0.07080078125 0.02197265625
5 0.1611328125 0.90673828125 0.19970703125 0.04150390625
5 0.38525390625 0.1767578125 0.17529296875 0.03076171875
5 0.4873046875 0.09765625 0.03662109375 0.0146484375
5 0.61474609375 0.0966796875 0.03955078125 0.01611328125
5 0.6767578125 0.09765625 0.04052734375 0.0146484375
5 0.7431640625 0.09765625 0.048828125 0.0146484375
0 0.55224609375 0.09619140625 0.07177734375 0.03271484375
5 0.79541015625 0.30419921875 0.12646484375 0.02880859375
5 0.76025390625 0.349609375 0.05322265625 0.0146484375
4 0.83837890625 0.4853515625 0.20361328125 0.046875
4 0.83837890625 0.54443359375 0.20361328125 0.04541015625
4 0.83740234375 0.60595703125 0.205078125 0.04541015625
4 0.8369140625 0.6650390625 0.20361328125 0.046875
5 0.7880859375 0.736328125 0.10595703125 0.01611328125
5 0.77197265625 0.85693359375 0.0732421875 0.0146484375
5 0.3525390625 0.48193359375 0.1044921875 0.01806640625
5 0.33642578125 0.56787109375 0.07177734375 0.0126953125
5 0.3251953125 0.2265625 0.05322265625 0.01806640625
4 0.5126953125 0.33349609375 0.42236328125 0.05419921875
4 0.375 0.40673828125 0.14697265625 0.052734375
4 0.53759765625 0.40673828125 0.14794921875 0.052734375
5 0.33203125 0.93115234375 0.06640625 0.0107421875
5 0.361328125 0.75 0.1220703125 0.0146484375
2 0.41650390625 0.97900390625 0.2294921875 0.04150390625
4 0.67529296875 0.40478515625 0.09765625 0.052734375
4 0.63427734375 0.97900390625 0.17919921875 0.04150390625
0 0.32763671875 0.0966796875 0.0625 0.03076171875
3 0.92529296875 0.17919921875 0.01904296875 0.02197265625
0 0.8369140625 0.240234375 0.201171875 0.0341796875
0 0.12548828125 0.95654296875 0.1181640625 0.0361328125
3 0.08544921875 0.6767578125 0.0244140625 0.0341796875
3 0.08642578125 0.73828125 0.02587890625 0.03076171875
3 0.658203125 0.81787109375 0.03662109375 0.04541015625
3 0.4150390625 0.826171875 0.03662109375 0.04345703125
3 0.37548828125 0.6396484375 0.0341796875 0.04345703125
3 0.53759765625 0.64111328125 0.0283203125 0.04345703125
3 0.70166015625 0.64208984375 0.03955078125 0.048828125