0 0.16943359375 0.556640625 0.09130859375 0.03662109375
0 0.17138671875 0.59814453125 0.052734375 0.033203125
0 0.42431640625 0.82080078125 0.103515625 0.03857421875
0 0.7548828125 0.8232421875 0.07763671875 0.033203125
4 0.76708984375 0.14013671875 0.1513671875 0.0400390625
3 0.86376953125 0.13916015625 0.02001953125 0.03515625
2 0.90625 0.140625 0.0498046875 0.0283203125
3 0.169921875 0.31396484375 0.06005859375 0.08154296875
5 0.3056640625 0.291015625 0.041015625 0.0185546875
5 0.3125 0.3408203125 0.02001953125 0.021484375
5 0.3125 0.39013671875 0.02490234375 0.0234375
5 0.42333984375 0.45751953125 0.03857421875 0.01513671875
5 0.306640625 0.5625 0.03369140625 0.01513671875
5 0.484375 0.56396484375 0.08642578125 0.0185546875
5 0.4736328125 0.66064453125 0.06005859375 0.0185546875
5 0.3154296875 0.66162109375 0.048828125 0.02001953125
5 0.388671875 0.765625 0.18017578125 0.0185546875
5 0.642578125 0.28271484375 0.0625 0.0185546875
5 0.6376953125 0.35498046875 0.05517578125 0.01318359375
5 0.63916015625 0.42919921875 0.0537109375 0.01513671875
5 0.6435546875 0.50244140625 0.06005859375 0.021484375
5 0.64013671875 0.5751953125 0.0576171875 0.0166015625
5 0.640625 0.64892578125 0.05126953125 0.0185546875
1 0.287109375 0.7626953125 0.013671875 0.0283203125
2 0.34814453125 0.5 0.06396484375 0.04345703125
2 0.427734375 0.4990234375 0.080078125 0.04150390625
2 0.50634765625 0.4990234375 0.06494140625 0.03857421875
4 0.45166015625 0.2939453125 0.24853515625 0.03857421875
4 0.455078125 0.3408203125 0.25 0.04150390625
4 0.453125 0.39404296875 0.25634765625 0.03857421875
4 0.505859375 0.59765625 0.138671875 0.03173828125
4 0.50439453125 0.69580078125 0.1435546875 0.03857421875
4 0.35009765625 0.69677734375 0.142578125 0.03662109375
4 0.75634765625 0.68310546875 0.30517578125 0.033203125
4 0.75830078125 0.61083984375 0.3037109375 0.03857421875
4 0.75830078125 0.5390625 0.30859375 0.044921875
4 0.75732421875 0.31396484375 0.3125 0.03515625
4 0.7587890625 0.39013671875 0.3076171875 0.033203125
4 0.7587890625 0.458984375 0.31005859375 0.03515625
2 0.349609375 0.59765625 0.13623046875 0.03857421875