0 0.744140625 0.55517578125 0.2783203125 0.068359375
5 0.7294921875 0.447265625 0.16552734375 0.03173828125
1 0.6240234375 0.4501953125 0.03759765625 0.04736328125
5 0.18603515625 0.2001953125 0.16162109375 0.03173828125
5 0.2255859375 0.25244140625 0.23291015625 0.03173828125
5 0.1953125 0.439453125 0.1806640625 0.0263671875
5 0.1689453125 0.53173828125 0.1279296875 0.03173828125
5 0.150390625 0.66064453125 0.08251953125 0.0263671875
4 0.25732421875 0.59716796875 0.28955078125 0.05810546875
0 0.18408203125 0.7236328125 0.14306640625 0.05810546875
0 0.33251953125 0.72607421875 0.146484375 0.06298828125