5 0.43896484375 0.2373046875 0.12548828125 0.02294921875
5 0.4765625 0.18212890625 0.076171875 0.0263671875
5 0.25830078125 0.27783203125 0.05810546875 0.02099609375
5 0.2900390625 0.38330078125 0.107421875 0.01904296875
5 0.28466796875 0.4697265625 0.10009765625 0.02490234375
5 0.357421875 0.55712890625 0.24560546875 0.02099609375
5 0.33642578125 0.64404296875 0.2109375 0.02099609375
5 0.31640625 0.67919921875 0.02197265625 0.01513671875
5 0.2646484375 0.68017578125 0.0234375 0.01318359375
6 0.29638671875 0.68017578125 0.0107421875 0.01318359375
6 0.24365234375 0.68017578125 0.0146484375 0.01318359375
0 0.44091796875 0.75634765625 0.41259765625 0.05859375
0 0.55615234375 0.84619140625 0.421875 0.064453125
2 0.724609375 0.67626953125 0.08544921875 0.0400390625
2 0.7236328125 0.77685546875 0.08349609375 0.0400390625
5 0.736328125 0.74658203125 0.0654296875 0.01708984375
5 0.7333984375 0.54345703125 0.06005859375 0.02099609375
5 0.736328125 0.64501953125 0.06201171875 0.01904296875
2 0.7236328125 0.57763671875 0.08349609375 0.04736328125
4 0.33349609375 0.31298828125 0.20556640625 0.04541015625
4 0.54638671875 0.31494140625 0.20166015625 0.04541015625
4 0.44189453125 0.42138671875 0.41455078125 0.04150390625
2 0.43994140625 0.5068359375 0.41455078125 0.04541015625
2 0.43896484375 0.5947265625 0.41259765625 0.0400390625