5 0.1142578125 0.2783203125 0.16357421875 0.0322265625
5 0.09521484375 0.4072265625 0.1337890625 0.025390625
5 0.1044921875 0.51953125 0.13916015625 0.0234375
5 0.18017578125 0.62890625 0.30419921875 0.02685546875
5 0.16552734375 0.73681640625 0.2744140625 0.0244140625
5 0.0810546875 0.8427734375 0.0947265625 0.025390625
6 0.06396484375 0.3330078125 0.03369140625 0.02978515625
6 0.30322265625 0.3310546875 0.03662109375 0.02880859375
6 0.54052734375 0.3310546875 0.03515625 0.02685546875
5 0.1484375 0.3310546875 0.12158203125 0.02685546875
5 0.38720703125 0.33203125 0.12841796875 0.02685546875
5 0.62890625 0.330078125 0.13671875 0.02880859375
4 0.2626953125 0.45263671875 0.4609375 0.056640625
4 0.73974609375 0.453125 0.4609375 0.0556640625
4 0.50146484375 0.5634765625 0.93505859375 0.048828125
4 0.2626953125 0.67236328125 0.46337890625 0.05322265625
4 0.7412109375 0.671875 0.46337890625 0.056640625
4 0.5 0.78125 0.943359375 0.0576171875
4 0.501953125 0.890625 0.94482421875 0.05908203125
4 0.50146484375 0.95947265625 0.94580078125 0.05908203125