5 0.5048828125 0.05712890625 0.890625 0.0546875
5 0.09814453125 0.12353515625 0.15283203125 0.02001953125
5 0.091796875 0.23291015625 0.12451171875 0.02978515625
5 0.111328125 0.34619140625 0.1826171875 0.02783203125
5 0.12353515625 0.46044921875 0.18798828125 0.0390625
5 0.09521484375 0.572265625 0.1474609375 0.02880859375
5 0.111328125 0.705078125 0.17724609375 0.0322265625
5 0.2646484375 0.75732421875 0.416015625 0.03466796875
5 0.20654296875 0.81494140625 0.2890625 0.025390625
5 0.142578125 0.87255859375 0.17724609375 0.025390625
5 0.19775390625 0.93115234375 0.26904296875 0.02685546875
5 0.1103515625 0.625 0.07421875 0.025390625
5 0.3447265625 0.62744140625 0.0673828125 0.0234375
5 0.58056640625 0.62548828125 0.052734375 0.02685546875
4 0.26025390625 0.16845703125 0.4609375 0.0498046875
4 0.7392578125 0.16796875 0.451171875 0.05126953125
4 0.5 0.279296875 0.93505859375 0.05224609375
4 0.501953125 0.39453125 0.93896484375 0.048828125
4 0.5 0.5068359375 0.9296875 0.048828125
6 0.05419921875 0.62646484375 0.0244140625 0.0224609375
6 0.29541015625 0.62890625 0.02294921875 0.0244140625
6 0.53369140625 0.62646484375 0.02685546875 0.0224609375
6 0.041015625 0.7568359375 0.02294921875 0.0244140625
6 0.04248046875 0.81396484375 0.0283203125 0.02099609375
6 0.041015625 0.87255859375 0.02294921875 0.02099609375
6 0.04248046875 0.93212890625 0.02587890625 0.0244140625