6 0.1259765625 0.1240234375 0.07421875 0.04296875
6 0.12646484375 0.1796875 0.0771484375 0.04296875
6 0.12451171875 0.2373046875 0.0751953125 0.046875
6 0.1259765625 0.294921875 0.076171875 0.044921875
6 0.1259765625 0.3544921875 0.078125 0.0390625
6 0.12451171875 0.41015625 0.0751953125 0.044921875
6 0.12548828125 0.4677734375 0.0732421875 0.04296875
6 0.125 0.5283203125 0.076171875 0.04296875
6 0.12451171875 0.58642578125 0.0732421875 0.0419921875
6 0.1259765625 0.6416015625 0.07421875 0.046875
6 0.1240234375 0.70068359375 0.076171875 0.0478515625