1 0.267578125 0.17431640625 0.01171875 0.0244140625
1 0.267578125 0.2646484375 0.013671875 0.021484375
7 0.90966796875 0.29443359375 0.0361328125 0.0439453125
7 0.90966796875 0.5576171875 0.0400390625 0.04296875
6 0.48193359375 0.6865234375 0.0185546875 0.02734375
6 0.37646484375 0.6875 0.0166015625 0.025390625
7 0.90869140625 0.63916015625 0.0380859375 0.0419921875
6 0.27001953125 0.68798828125 0.0185546875 0.0283203125
1 0.267578125 0.2197265625 0.013671875 0.0234375
1 0.267578125 0.310546875 0.015625 0.0234375
1 0.2685546875 0.357421875 0.015625 0.025390625
1 0.26708984375 0.400390625 0.0146484375 0.021484375
1 0.267578125 0.4482421875 0.017578125 0.02734375
7 0.90771484375 0.85546875 0.0302734375 0.04296875