5 0.66455078125 0.06201171875 0.052734375 0.03076171875
5 0.7421875 0.0634765625 0.0546875 0.0283203125
5 0.87890625 0.0615234375 0.06494140625 0.02685546875
5 0.9599609375 0.06298828125 0.05224609375 0.03466796875
5 0.81396484375 0.064453125 0.0380859375 0.0322265625
0 0.76025390625 0.80908203125 0.14013671875 0.0439453125
3 0.8125 0.31591796875 0.01904296875 0.0322265625
5 0.7255859375 0.38818359375 0.0615234375 0.03466796875
5 0.78466796875 0.45849609375 0.04931640625 0.025390625
5 0.78662109375 0.5810546875 0.048828125 0.021484375
5 0.78662109375 0.7529296875 0.048828125 0.017578125
5 0.7802734375 0.63671875 0.03369140625 0.0361328125
5 0.61767578125 0.43896484375 0.0625 0.03759765625
5 0.62939453125 0.4931640625 0.08544921875 0.03076171875
5 0.607421875 0.54736328125 0.04443359375 0.02685546875
5 0.61865234375 0.603515625 0.06298828125 0.0322265625
5 0.62451171875 0.6533203125 0.07373046875 0.03466796875