4 0.4931640625 0.302734375 0.77490234375 0.0673828125
1 0.11279296875 0.68115234375 0.0322265625 0.03271484375
1 0.2451171875 0.53857421875 0.0341796875 0.03466796875
1 0.11376953125 0.42822265625 0.0322265625 0.03662109375
0 0.85302734375 0.8115234375 0.09375 0.06201171875
0 0.7294921875 0.81201171875 0.123046875 0.06103515625
5 0.30517578125 0.4306640625 0.11474609375 0.02734375
5 0.33740234375 0.54296875 0.10986328125 0.02734375
5 0.33349609375 0.68310546875 0.1689453125 0.03271484375
5 0.21435546875 0.81640625 0.21875 0.03369140625
5 0.19384765625 0.18310546875 0.18505859375 0.03271484375
3 0.189453125 0.4287109375 0.0810546875 0.08837890625
3 0.1904296875 0.6806640625 0.0771484375 0.08837890625
3 0.87890625 0.1796875 0.0322265625 0.03369140625