2 0.23193359375 0.45947265625 0.46142578125 0.06982421875
4 0.7705078125 0.18212890625 0.45849609375 0.0673828125
4 0.77099609375 0.2880859375 0.4580078125 0.068359375
4 0.76904296875 0.39306640625 0.4619140625 0.0673828125
0 0.89208984375 0.501953125 0.2158203125 0.064453125
0 0.65087890625 0.50048828125 0.2158203125 0.0615234375
1 0.61865234375 0.6064453125 0.0322265625 0.03271484375
1 0.619140625 0.6630859375 0.03076171875 0.0341796875
6 0.5595703125 0.60595703125 0.03076171875 0.03125
6 0.560546875 0.662109375 0.03076171875 0.03271484375
0 0.85986328125 0.83154296875 0.27978515625 0.06298828125
4 0.36181640625 0.8291015625 0.71875 0.06982421875
5 0.0478515625 0.5244140625 0.0771484375 0.037109375
5 0.04931640625 0.59228515625 0.07470703125 0.02978515625
5 0.05078125 0.654296875 0.07470703125 0.02880859375
5 0.05126953125 0.7177734375 0.076171875 0.03564453125
2 0.83447265625 0.630859375 0.33056640625 0.064453125