2 0.5439453125 0.73583984375 0.322265625 0.0498046875
6 0.4013671875 0.52685546875 0.041015625 0.0498046875
6 0.4033203125 0.35595703125 0.041015625 0.0556640625
3 0.22607421875 0.05615234375 0.0595703125 0.0712890625
6 0.40234375 0.40283203125 0.03515625 0.0478515625
6 0.40380859375 0.462890625 0.0380859375 0.04296875
4 0.5546875 0.517578125 0.267578125 0.056640625
0 0.49755859375 0.6220703125 0.2314453125 0.0703125
3 0.09619140625 0.06103515625 0.0556640625 0.0615234375
3 0.34033203125 0.06103515625 0.0556640625 0.0634765625
3 0.45068359375 0.06005859375 0.0556640625 0.0693359375
3 0.708984375 0.0625 0.072265625 0.06640625
3 0.8515625 0.06005859375 0.068359375 0.0634765625