1 0.16455078125 0.2216796875 0.025390625 0.03662109375
1 0.16455078125 0.2763671875 0.02880859375 0.03857421875
1 0.16357421875 0.48291015625 0.0302734375 0.03662109375
1 0.16552734375 0.53662109375 0.02734375 0.04052734375
1 0.16357421875 0.5908203125 0.0302734375 0.04296875
1 0.16455078125 0.7998046875 0.03173828125 0.03662109375
1 0.16357421875 0.8544921875 0.0302734375 0.03857421875
5 0.31884765625 0.21826171875 0.2509765625 0.02978515625
5 0.28271484375 0.275390625 0.185546875 0.02783203125
5 0.31396484375 0.48583984375 0.25732421875 0.02978515625
5 0.3212890625 0.53857421875 0.26220703125 0.0322265625
5 0.333984375 0.58984375 0.2841796875 0.0322265625
5 0.310546875 0.7998046875 0.2412109375 0.02783203125
5 0.2509765625 0.8544921875 0.115234375 0.02978515625
0 0.5126953125 0.2197265625 0.115234375 0.0322265625
0 0.447265625 0.27392578125 0.115234375 0.02978515625
0 0.4921875 0.48486328125 0.0732421875 0.0322265625
0 0.50390625 0.53857421875 0.0751953125 0.0322265625
0 0.5224609375 0.59228515625 0.07666015625 0.0322265625
0 0.48876953125 0.80078125 0.08935546875 0.02978515625
0 0.3671875 0.85546875 0.0927734375 0.0322265625