5 0.37158203125 0.34375 0.0341796875 0.0224609375
5 0.37158203125 0.48388671875 0.0322265625 0.0263671875
0 0.48046875 0.654296875 0.099609375 0.0751953125
4 0.4814453125 0.3994140625 0.25 0.06884765625
4 0.48095703125 0.53955078125 0.2509765625 0.06884765625
4 0.81396484375 0.310546875 0.2099609375 0.048828125
7 0.72265625 0.732421875 0.033203125 0.03662109375
7 0.7216796875 0.80712890625 0.033203125 0.03662109375
7 0.7685546875 0.0498046875 0.041015625 0.0546875
5 0.7265625 0.05078125 0.04296875 0.04443359375
5 0.134765625 0.0517578125 0.03125 0.0263671875
3 0.02197265625 0.05078125 0.0263671875 0.04052734375
3 0.07666015625 0.0478515625 0.0185546875 0.04248046875
3 0.05322265625 0.046875 0.0224609375 0.04443359375
3 0.1015625 0.05078125 0.01953125 0.03662109375
3 0.79931640625 0.0517578125 0.0166015625 0.05078125
3 0.8203125 0.0498046875 0.015625 0.05078125
5 0.87646484375 0.048828125 0.0712890625 0.0283203125
0 0.958984375 0.0478515625 0.06640625 0.05078125
3 0.97607421875 0.162109375 0.0205078125 0.04443359375
0 0.9765625 0.2568359375 0.021484375 0.046875
0 0.9775390625 0.35107421875 0.01953125 0.03662109375
0 0.478515625 0.8916015625 0.150390625 0.0791015625
0 0.61962890625 0.8388671875 0.0673828125 0.05078125
5 0.72265625 0.22802734375 0.037109375 0.03466796875
5 0.78955078125 0.7333984375 0.0966796875 0.0302734375
5 0.796875 0.80712890625 0.107421875 0.0244140625
5 0.81005859375 0.17236328125 0.1005859375 0.0322265625
3 0.9072265625 0.13916015625 0.009765625 0.01806640625
3 0.92138671875 0.1376953125 0.0087890625 0.0205078125
3 0.91259765625 0.22412109375 0.0087890625 0.01416015625
3 0.912109375 0.416015625 0.0078125 0.01611328125
3 0.91162109375 0.4775390625 0.0068359375 0.01806640625
3 0.912109375 0.54052734375 0.0078125 0.01416015625
3 0.91259765625 0.6044921875 0.0068359375 0.0205078125
3 0.91259765625 0.66552734375 0.0087890625 0.01611328125
0 0.328125 0.27392578125 0.041015625 0.04052734375