3 0.28466796875 0.25439453125 0.0341796875 0.04150390625
3 0.76513671875 0.17041015625 0.01904296875 0.025390625
3 0.80712890625 0.16943359375 0.02197265625 0.02734375
5 0.3017578125 0.447265625 0.0625 0.025390625
5 0.30029296875 0.51171875 0.0625 0.02001953125
5 0.3017578125 0.58349609375 0.0595703125 0.02880859375
5 0.3056640625 0.650390625 0.0654296875 0.03271484375
5 0.296875 0.72265625 0.05322265625 0.025390625
5 0.30029296875 0.79052734375 0.0517578125 0.03076171875
5 0.29638671875 0.859375 0.04638671875 0.0341796875
5 0.3154296875 0.92578125 0.08154296875 0.01806640625
5 0.3076171875 0.99169921875 0.07177734375 0.01611328125
4 0.623046875 0.447265625 0.24072265625 0.046875
4 0.6220703125 0.515625 0.24462890625 0.04541015625
4 0.623046875 0.58251953125 0.24072265625 0.04541015625
4 0.62451171875 0.650390625 0.24609375 0.0361328125
4 0.62158203125 0.72119140625 0.24072265625 0.046875
4 0.6220703125 0.79052734375 0.24462890625 0.04541015625
4 0.62158203125 0.85595703125 0.2431640625 0.04150390625
4 0.62158203125 0.927734375 0.2431640625 0.04345703125
4 0.6220703125 0.9873046875 0.24169921875 0.025390625