0 0.17529296875 0.205078125 0.1201171875 0.044921875
0 0.1767578125 0.28857421875 0.12841796875 0.03955078125
0 0.17626953125 0.33642578125 0.12890625 0.03955078125
0 0.17578125 0.38720703125 0.1298828125 0.04345703125
0 0.17578125 0.443359375 0.1298828125 0.041015625
0 0.17578125 0.49365234375 0.1298828125 0.04345703125
0 0.17578125 0.54443359375 0.1298828125 0.0380859375
0 0.1494140625 0.65625 0.1845703125 0.06298828125
0 0.17724609375 0.7119140625 0.12890625 0.0380859375
0 0.17724609375 0.7626953125 0.12890625 0.041015625
0 0.177734375 0.81494140625 0.12841796875 0.03955078125
4 0.37158203125 0.20654296875 0.1826171875 0.0478515625
3 0.6943359375 0.076171875 0.0234375 0.02978515625
3 0.74609375 0.07421875 0.0244140625 0.0341796875
3 0.796875 0.07373046875 0.01904296875 0.03564453125
3 0.8486328125 0.0751953125 0.02099609375 0.03271484375
3 0.751953125 0.857421875 0.02001953125 0.02880859375
3 0.79150390625 0.85888671875 0.02099609375 0.02587890625
3 0.8310546875 0.857421875 0.0166015625 0.02880859375
3 0.86962890625 0.857421875 0.01708984375 0.02587890625
3 0.52001953125 0.60107421875 0.0107421875 0.02587890625
3 0.52001953125 0.6611328125 0.0146484375 0.02587890625
3 0.44775390625 0.2060546875 0.013671875 0.0244140625
3 0.1259765625 0.287109375 0.02099609375 0.02587890625
3 0.126953125 0.3388671875 0.01904296875 0.02587890625
3 0.12744140625 0.388671875 0.01806640625 0.0244140625
3 0.12744140625 0.44140625 0.01806640625 0.02587890625
3 0.12744140625 0.4912109375 0.01806640625 0.02197265625
3 0.126953125 0.54150390625 0.01708984375 0.0244140625