7 0.9267578125 0.1455078125 0.05078125 0.02734375
7 0.927734375 0.40185546875 0.05078125 0.0263671875
7 0.92724609375 0.65966796875 0.0498046875 0.0263671875
6 0.05908203125 0.18408203125 0.0224609375 0.0224609375
6 0.05859375 0.32373046875 0.021484375 0.0224609375
6 0.05908203125 0.3564453125 0.0224609375 0.01953125
6 0.05859375 0.47998046875 0.025390625 0.0224609375
6 0.05859375 0.62109375 0.0234375 0.0234375
6 0.0595703125 0.65380859375 0.0234375 0.0224609375
6 0.0595703125 0.77734375 0.0234375 0.021484375
6 0.05859375 0.91748046875 0.0234375 0.0224609375
6 0.05908203125 0.95068359375 0.0244140625 0.0224609375
1 0.0869140625 0.21728515625 0.021484375 0.0205078125
1 0.0869140625 0.2490234375 0.021484375 0.01953125
1 0.08740234375 0.28271484375 0.0224609375 0.0205078125
1 0.0869140625 0.51318359375 0.0234375 0.0224609375
1 0.0869140625 0.54638671875 0.021484375 0.0205078125
1 0.08740234375 0.5791015625 0.0224609375 0.01953125
1 0.0869140625 0.8095703125 0.021484375 0.01953125
1 0.08740234375 0.8427734375 0.0224609375 0.01953125
1 0.08740234375 0.8759765625 0.0224609375 0.01953125
1 0.56005859375 0.25244140625 0.0224609375 0.0205078125
1 0.56005859375 0.2841796875 0.0205078125 0.01953125
1 0.56005859375 0.3173828125 0.0224609375 0.01953125
1 0.560546875 0.50927734375 0.021484375 0.0205078125
1 0.5595703125 0.54150390625 0.01953125 0.0205078125
1 0.56005859375 0.57470703125 0.0205078125 0.0185546875
1 0.56005859375 0.76611328125 0.0224609375 0.0205078125
1 0.5595703125 0.798828125 0.021484375 0.01953125
1 0.560546875 0.83203125 0.021484375 0.021484375
5 0.67529296875 0.76513671875 0.1982421875 0.0185546875
5 0.65625 0.798828125 0.154296875 0.017578125
5 0.67333984375 0.83251953125 0.1904296875 0.0146484375
5 0.6533203125 0.51025390625 0.15234375 0.0185546875
5 0.6318359375 0.541015625 0.11328125 0.015625
5 0.6494140625 0.57470703125 0.1484375 0.0166015625
5 0.63818359375 0.2509765625 0.1240234375 0.015625
5 0.61669921875 0.2841796875 0.0791015625 0.013671875
5 0.634765625 0.31640625 0.11328125 0.01953125
5 0.17529296875 0.18408203125 0.2021484375 0.0146484375
5 0.60498046875 0.14453125 0.1162109375 0.015625
5 0.1650390625 0.21630859375 0.123046875 0.0166015625
5 0.14453125 0.24853515625 0.08203125 0.0166015625
5 0.16259765625 0.28271484375 0.1201171875 0.0205078125
5 0.21435546875 0.32470703125 0.2802734375 0.0185546875
5 0.1494140625 0.35791015625 0.150390625 0.0185546875
5 0.17431640625 0.48095703125 0.1982421875 0.0185546875
5 0.17919921875 0.51318359375 0.1552734375 0.0185546875
5 0.16064453125 0.5458984375 0.1123046875 0.017578125
5 0.1767578125 0.5791015625 0.1484375 0.01953125
5 0.21337890625 0.62158203125 0.2783203125 0.0185546875
5 0.16357421875 0.654296875 0.1767578125 0.017578125
5 0.17578125 0.77734375 0.201171875 0.017578125
5 0.2021484375 0.80859375 0.197265625 0.017578125
5 0.18212890625 0.8427734375 0.1552734375 0.017578125
5 0.19921875 0.875 0.19140625 0.017578125
5 0.21435546875 0.91796875 0.2763671875 0.017578125
5 0.1865234375 0.9501953125 0.22265625 0.017578125
5 0.62060546875 0.40283203125 0.1513671875 0.0224609375
5 0.65087890625 0.65869140625 0.2060546875 0.0224609375
0 0.6513671875 0.45849609375 0.1953125 0.0302734375
0 0.650390625 0.7158203125 0.197265625 0.03125
0 0.6513671875 0.201171875 0.197265625 0.03125
5 0.849609375 0.20166015625 0.158203125 0.0166015625
5 0.8505859375 0.45751953125 0.15625 0.0185546875
5 0.8505859375 0.71435546875 0.158203125 0.0205078125