3 0.1591796875 0.248046875 0.04833984375 0.03515625
3 0.15576171875 0.3056640625 0.05078125 0.0390625
3 0.1591796875 0.3671875 0.05322265625 0.04296875
3 0.15673828125 0.4228515625 0.05322265625 0.04296875
3 0.1611328125 0.482421875 0.05322265625 0.02685546875
3 0.16015625 0.5400390625 0.0419921875 0.0556640625
3 0.5517578125 0.66455078125 0.03955078125 0.041015625
3 0.5517578125 0.72509765625 0.0439453125 0.0390625
3 0.55419921875 0.78515625 0.04833984375 0.04736328125
3 0.54833984375 0.83740234375 0.04638671875 0.037109375
3 0.5517578125 0.9638671875 0.0439453125 0.04296875
3 0.26953125 0.19140625 0.03955078125 0.04541015625
3 0.4833984375 0.10888671875 0.04833984375 0.06982421875
3 0.58154296875 0.111328125 0.07275390625 0.06591796875
3 0.70947265625 0.1123046875 0.08154296875 0.06396484375
3 0.81005859375 0.1142578125 0.083984375 0.06787109375
3 0.9169921875 0.1171875 0.09033203125 0.06591796875
3 0.06640625 0.111328125 0.0751953125 0.0576171875
3 0.162109375 0.10986328125 0.0771484375 0.06396484375
3 0.787109375 0.380859375 0.02880859375 0.03271484375
3 0.83984375 0.37744140625 0.02880859375 0.03076171875
3 0.74609375 0.37744140625 0.03515625 0.03515625
3 0.65771484375 0.37841796875 0.0439453125 0.037109375
3 0.26953125 0.095703125 0.04833984375 0.03515625
3 0.271484375 0.13671875 0.0439453125 0.03515625
5 0.29345703125 0.25634765625 0.19873046875 0.03076171875
5 0.22509765625 0.31396484375 0.07080078125 0.03076171875
5 0.27685546875 0.37158203125 0.1787109375 0.03515625
5 0.244140625 0.42578125 0.09912109375 0.03271484375
5 0.24267578125 0.48583984375 0.1015625 0.037109375
5 0.21728515625 0.541015625 0.068359375 0.037109375
5 0.6943359375 0.66650390625 0.21875 0.037109375
5 0.6767578125 0.72509765625 0.17431640625 0.03076171875
5 0.66650390625 0.78173828125 0.1591796875 0.037109375
5 0.6591796875 0.83837890625 0.14794921875 0.02685546875
5 0.7021484375 0.96484375 0.22509765625 0.03271484375
0 0.6865234375 0.904296875 0.36181640625 0.06787109375