3 0.6650390625 0.232421875 0.01806640625 0.021484375
3 0.6904296875 0.2294921875 0.02099609375 0.03466796875
3 0.0732421875 0.30322265625 0.01806640625 0.0185546875
3 0.0712890625 0.3837890625 0.01513671875 0.0146484375
3 0.07080078125 0.42041015625 0.01416015625 0.02685546875
3 0.07421875 0.5 0.01806640625 0.02001953125
3 0.0732421875 0.53759765625 0.01806640625 0.0224609375
3 0.0732421875 0.57666015625 0.02197265625 0.0185546875
3 0.07470703125 0.61328125 0.01708984375 0.0224609375
3 0.07470703125 0.6513671875 0.02294921875 0.021484375
3 0.07421875 0.732421875 0.01611328125 0.025390625
3 0.072265625 0.76953125 0.01904296875 0.025390625
3 0.07470703125 0.80517578125 0.01904296875 0.02392578125
2 0.7490234375 0.63671875 0.18994140625 0.02685546875
3 0.70947265625 0.48583984375 0.02490234375 0.0400390625
0 0.154296875 0.3251953125 0.0390625 0.025390625
0 0.19482421875 0.32568359375 0.0400390625 0.02392578125
0 0.23681640625 0.32568359375 0.0419921875 0.02392578125
0 0.27880859375 0.32568359375 0.0400390625 0.02392578125
0 0.3203125 0.32666015625 0.0390625 0.025390625
1 0.150390625 0.6435546875 0.01123046875 0.01318359375
1 0.14990234375 0.67822265625 0.009765625 0.01611328125
1 0.14990234375 0.71484375 0.009765625 0.0146484375
1 0.1494140625 0.75244140625 0.01123046875 0.0146484375
1 0.14990234375 0.79052734375 0.01220703125 0.01318359375
2 0.515625 0.83447265625 0.033203125 0.02392578125
3 0.5888671875 0.83251953125 0.01220703125 0.02001953125
3 0.6103515625 0.833984375 0.01123046875 0.0224609375