5 0.39990234375 0.52783203125 0.0693359375 0.05322265625
5 0.41796875 0.33642578125 0.12841796875 0.0654296875
5 0.41796875 0.646484375 0.05224609375 0.03857421875
5 0.42041015625 0.7626953125 0.0546875 0.03857421875
5 0.41943359375 0.87890625 0.0556640625 0.03857421875
5 0.41845703125 0.98095703125 0.0537109375 0.0380859375
1 0.3544921875 0.6455078125 0.01806640625 0.0458984375
1 0.353515625 0.76171875 0.0185546875 0.0458984375
1 0.353515625 0.876953125 0.01708984375 0.04736328125
1 0.35400390625 0.9853515625 0.0205078125 0.029296875
3 0.67578125 0.33251953125 0.01953125 0.05908203125
3 0.328125 0.33935546875 0.02490234375 0.05712890625
1 0.326171875 0.52734375 0.01806640625 0.04736328125