5 0.65234375 0.18212890625 0.31787109375 0.10107421875
5 0.26123046875 0.17626953125 0.08447265625 0.0234375
5 0.263671875 0.291015625 0.0869140625 0.0283203125
5 0.25341796875 0.3662109375 0.06591796875 0.03759765625
5 0.25439453125 0.4296875 0.0634765625 0.0283203125
5 0.24951171875 0.50341796875 0.052734375 0.02587890625
5 0.5087890625 0.3076171875 0.033203125 0.0185546875
4 0.57373046875 0.35546875 0.1611328125 0.05859375
4 0.57373046875 0.482421875 0.158203125 0.0634765625
4 0.74951171875 0.4814453125 0.158203125 0.06591796875
5 0.5087890625 0.4306640625 0.0302734375 0.02099609375
5 0.74609375 0.353515625 0.07763671875 0.02587890625
5 0.6904296875 0.43310546875 0.05419921875 0.02587890625
5 0.716796875 0.54931640625 0.1015625 0.0234375
0 0.53759765625 0.59765625 0.07763671875 0.0400390625
0 0.71240234375 0.59619140625 0.07666015625 0.03759765625
0 0.5390625 0.88623046875 0.08837890625 0.0634765625
0 0.78173828125 0.888671875 0.08837890625 0.05859375
5 0.51171875 0.66552734375 0.037109375 0.02587890625
5 0.513671875 0.54833984375 0.0380859375 0.02099609375
3 0.68603515625 0.353515625 0.02099609375 0.0400390625