6 0.23974609375 0.31005859375 0.0224609375 0.0380859375
6 0.34521484375 0.31103515625 0.0205078125 0.0361328125
1 0.240234375 0.78759765625 0.015625 0.0244140625
1 0.29150390625 0.78759765625 0.0205078125 0.0283203125
1 0.341796875 0.78857421875 0.015625 0.0244140625
0 0.29931640625 0.4697265625 0.0927734375 0.037109375
0 0.29443359375 0.88671875 0.1259765625 0.07421875
0 0.30078125 0.63525390625 0.091796875 0.0361328125
5 0.314453125 0.7314453125 0.166015625 0.03125
5 0.3310546875 0.56298828125 0.197265625 0.0322265625
5 0.31982421875 0.39501953125 0.1845703125 0.0302734375
5 0.31005859375 0.251953125 0.1591796875 0.03125
5 0.40380859375 0.17431640625 0.3525390625 0.0322265625
5 0.39013671875 0.09130859375 0.3251953125 0.0517578125
5 0.28759765625 0.30908203125 0.0732421875 0.0302734375
5 0.4423828125 0.30810546875 0.166015625 0.0361328125