2 0.140625 0.361328125 0.2255859375 0.09375
3 0.39501953125 0.7421875 0.0244140625 0.0458984375
3 0.39794921875 0.8515625 0.025390625 0.05126953125
3 0.05224609375 0.923828125 0.03271484375 0.0498046875
3 0.0517578125 0.81591796875 0.03076171875 0.04443359375
3 0.0517578125 0.71240234375 0.0283203125 0.03564453125
3 0.048828125 0.1552734375 0.03662109375 0.052734375
3 0.642578125 0.16748046875 0.02685546875 0.0390625
3 0.68701171875 0.16455078125 0.025390625 0.037109375
3 0.74169921875 0.1591796875 0.03125 0.04736328125
3 0.7900390625 0.16064453125 0.029296875 0.052734375
3 0.44580078125 0.0556640625 0.0205078125 0.04052734375
3 0.34521484375 0.05615234375 0.0234375 0.03955078125
3 0.541015625 0.06201171875 0.03076171875 0.046875
2 0.52880859375 0.1630859375 0.10400390625 0.037109375
3 0.39111328125 0.05810546875 0.0205078125 0.03076171875
3 0.4921875 0.05810546875 0.0244140625 0.0283203125
3 0.59326171875 0.0576171875 0.021484375 0.03125
1 0.6484375 0.05810546875 0.02490234375 0.037109375