1 0.05908203125 0.61865234375 0.0302734375 0.0654296875
1 0.05859375 0.43017578125 0.029296875 0.0576171875
6 0.40576171875 0.52294921875 0.0400390625 0.0654296875
6 0.40576171875 0.431640625 0.0380859375 0.0625
1 0.0595703125 0.52587890625 0.02734375 0.0556640625
1 0.05908203125 0.71142578125 0.0302734375 0.0576171875
6 0.40966796875 0.619140625 0.0380859375 0.068359375
6 0.40673828125 0.7109375 0.0380859375 0.064453125
0 0.82373046875 0.45849609375 0.1728515625 0.1142578125
0 0.82373046875 0.5908203125 0.1728515625 0.1171875
0 0.8232421875 0.72216796875 0.171875 0.1103515625
0 0.826171875 0.853515625 0.17578125 0.115234375