3 0.0888671875 0.17333984375 0.12109375 0.2119140625
3 0.08984375 0.4931640625 0.109375 0.20703125
3 0.25244140625 0.49853515625 0.0966796875 0.1943359375
3 0.57861328125 0.4990234375 0.1025390625 0.154296875
3 0.74365234375 0.49609375 0.0986328125 0.18359375
3 0.90869140625 0.50390625 0.1240234375 0.20703125
3 0.90966796875 0.8134765625 0.1044921875 0.203125
3 0.578125 0.826171875 0.109375 0.212890625
3 0.251953125 0.82470703125 0.095703125 0.1923828125
3 0.41796875 0.17626953125 0.107421875 0.1904296875
3 0.58251953125 0.177734375 0.0927734375 0.177734375
3 0.744140625 0.17626953125 0.109375 0.1455078125
3 0.90283203125 0.17578125 0.0986328125 0.205078125
3 0.251953125 0.173828125 0.109375 0.1640625
3 0.41845703125 0.50927734375 0.1025390625 0.1630859375
3 0.416015625 0.81640625 0.115234375 0.1875
3 0.740234375 0.826171875 0.08203125 0.212890625
3 0.08935546875 0.83447265625 0.1103515625 0.2080078125