5 0.37548828125 0.337890625 0.1943359375 0.11181640625
5 0.294921875 0.45263671875 0.033203125 0.02099609375
5 0.5693359375 0.44970703125 0.04345703125 0.01953125
5 0.31298828125 0.54541015625 0.05810546875 0.02099609375
5 0.56884765625 0.54736328125 0.0361328125 0.017578125
0 0.36669921875 0.7294921875 0.1650390625 0.05810546875
0 0.544921875 0.73046875 0.162109375 0.05615234375
0 0.72021484375 0.73046875 0.162109375 0.05615234375
0 0.7216796875 0.8466796875 0.1650390625 0.05615234375
4 0.41162109375 0.4912109375 0.251953125 0.06005859375
4 0.6767578125 0.4931640625 0.24951171875 0.05615234375
4 0.32470703125 0.5859375 0.0751953125 0.05615234375
4 0.412109375 0.5869140625 0.08251953125 0.05029296875
4 0.498046875 0.587890625 0.07958984375 0.05224609375
4 0.6767578125 0.5849609375 0.251953125 0.05810546875