5 0.04638671875 0.02392578125 0.0791015625 0.02392578125
5 0.0751953125 0.20703125 0.1435546875 0.041015625
5 0.08642578125 0.33935546875 0.1533203125 0.03173828125
5 0.04541015625 0.5986328125 0.072265625 0.02880859375
5 0.0458984375 0.6591796875 0.0732421875 0.02392578125
5 0.06103515625 0.7724609375 0.1025390625 0.0263671875
5 0.5625 0.02392578125 0.1064453125 0.02392578125
0 0.9326171875 0.02685546875 0.11328125 0.03564453125
0 0.451171875 0.5986328125 0.07080078125 0.03955078125
0 0.04150390625 0.958984375 0.06005859375 0.05517578125
4 0.2470703125 0.07373046875 0.47607421875 0.05810546875
4 0.24755859375 0.2626953125 0.47509765625 0.056640625
4 0.25146484375 0.71240234375 0.47607421875 0.05126953125
5 0.06689453125 0.501953125 0.11572265625 0.03271484375