2 0.0869140625 0.10888671875 0.0302734375 0.021484375
0 0.1357421875 0.1083984375 0.04638671875 0.0224609375
3 0.171875 0.10888671875 0.01611328125 0.0205078125
3 0.22705078125 0.1083984375 0.0146484375 0.021484375
3 0.279296875 0.10888671875 0.013671875 0.0166015625
3 0.3251953125 0.10791015625 0.01513671875 0.0185546875
5 0.19580078125 0.1083984375 0.029296875 0.01318359375
5 0.2490234375 0.1083984375 0.0205078125 0.01318359375
5 0.29833984375 0.1083984375 0.017578125 0.01318359375
5 0.34423828125 0.10791015625 0.0205078125 0.01220703125
5 0.501953125 0.107421875 0.04150390625 0.01513671875
3 0.07763671875 0.15478515625 0.01123046875 0.01513671875
3 0.087890625 0.20849609375 0.0126953125 0.01953125
3 0.087890625 0.25048828125 0.01220703125 0.01806640625
3 0.84765625 0.109375 0.01416015625 0.015625
3 0.87353515625 0.1083984375 0.009765625 0.0166015625
0 0.908203125 0.1083984375 0.03955078125 0.02587890625
3 0.7880859375 0.15478515625 0.0107421875 0.015625
3 0.80810546875 0.15380859375 0.00927734375 0.0126953125
3 0.8271484375 0.15380859375 0.0107421875 0.01611328125
3 0.84521484375 0.1533203125 0.0107421875 0.015625
3 0.8662109375 0.15380859375 0.01123046875 0.01513671875
3 0.8857421875 0.1533203125 0.009765625 0.015625
3 0.90478515625 0.15478515625 0.01171875 0.01513671875
3 0.92236328125 0.15380859375 0.01318359375 0.0166015625
5 0.796875 0.19482421875 0.033203125 0.01416015625
5 0.79638671875 0.2373046875 0.0263671875 0.013671875
5 0.7958984375 0.27685546875 0.029296875 0.01416015625
5 0.64404296875 0.2265625 0.04541015625 0.0146484375
3 0.6767578125 0.22802734375 0.00927734375 0.009765625
5 0.26953125 0.2197265625 0.0400390625 0.01318359375
5 0.34521484375 0.2197265625 0.0361328125 0.01171875
5 0.26953125 0.3203125 0.03125 0.009765625
5 0.34423828125 0.3203125 0.0361328125 0.0126953125
5 0.2685546875 0.4208984375 0.02294921875 0.0107421875
5 0.34521484375 0.419921875 0.03759765625 0.01513671875
5 0.26904296875 0.5185546875 0.02978515625 0.01220703125
0 0.1435546875 0.658203125 0.14306640625 0.041015625
3 0.45068359375 0.87939453125 0.01318359375 0.01708984375
3 0.4755859375 0.87939453125 0.01611328125 0.01708984375
3 0.5 0.87939453125 0.0146484375 0.01953125
2 0.53759765625 0.8798828125 0.04052734375 0.02685546875
3 0.08740234375 0.31689453125 0.013671875 0.01611328125
3 0.08740234375 0.35888671875 0.013671875 0.01806640625
3 0.08740234375 0.4013671875 0.013671875 0.0166015625
3 0.08740234375 0.46728515625 0.01318359375 0.0185546875
3 0.087890625 0.509765625 0.0126953125 0.0185546875
3 0.08740234375 0.57421875 0.013671875 0.01806640625
3 0.08740234375 0.61767578125 0.0126953125 0.0126953125
3 0.087890625 0.70166015625 0.0146484375 0.01611328125
3 0.08837890625 0.74267578125 0.0126953125 0.015625
3 0.0869140625 0.78271484375 0.013671875 0.0185546875
3 0.0869140625 0.82568359375 0.013671875 0.015625
4 0.26806640625 0.1640625 0.03173828125 0.0126953125
4 0.2685546875 0.1806640625 0.03125 0.0146484375
4 0.34423828125 0.1650390625 0.0302734375 0.00830078125
4 0.34423828125 0.18017578125 0.02978515625 0.01416015625
4 0.337890625 0.29248046875 0.02783203125 0.0126953125
4 0.26318359375 0.39306640625 0.02783203125 0.01123046875
0 0.34423828125 0.37890625 0.0322265625 0.009765625
0 0.34375 0.3935546875 0.033203125 0.01220703125
0 0.26904296875 0.19580078125 0.03271484375 0.01123046875
0 0.34423828125 0.197265625 0.0302734375 0.01123046875
3 0.35791015625 0.29248046875 0.00927734375 0.00732421875
5 0.34130859375 0.36572265625 0.03173828125 0.009765625
3 0.27978515625 0.2939453125 0.0087890625 0.0126953125