0 0.115234375 0.80810546875 0.0849609375 0.056640625
0 0.21875 0.8115234375 0.08740234375 0.056640625
5 0.12255859375 0.71484375 0.10986328125 0.02978515625
5 0.740234375 0.4501953125 0.125 0.0400390625
0 0.73486328125 0.62158203125 0.115234375 0.056640625
0 0.86376953125 0.6201171875 0.1123046875 0.05322265625
0 0.32861328125 0.22021484375 0.107421875 0.05322265625
5 0.44384765625 0.21142578125 0.07763671875 0.02978515625
5 0.5361328125 0.21484375 0.0625 0.04345703125
5 0.67236328125 0.21142578125 0.18017578125 0.04345703125
5 0.361328125 0.1435546875 0.20751953125 0.05322265625
5 0.29736328125 0.29345703125 0.044921875 0.0400390625
5 0.33642578125 0.44189453125 0.12255859375 0.04345703125
5 0.30126953125 0.75830078125 0.02734375 0.02978515625
4 0.4638671875 0.35498046875 0.37744140625 0.07666015625
4 0.46630859375 0.50341796875 0.37255859375 0.080078125
4 0.46875 0.58837890625 0.37255859375 0.07666015625
4 0.3974609375 0.66845703125 0.22998046875 0.06982421875
4 0.58740234375 0.66845703125 0.125 0.06982421875
3 0.32861328125 0.85009765625 0.0673828125 0.09326171875
0 0.45263671875 0.84814453125 0.125 0.056640625
0 0.572265625 0.84814453125 0.0849609375 0.056640625