7 0.6708984375 0.4296875 0.04833984375 0.05712890625
7 0.80126953125 0.28955078125 0.04931640625 0.05126953125
0 0.77783203125 0.42919921875 0.0947265625 0.07763671875
0 0.73046875 0.5712890625 0.18896484375 0.0791015625
3 0.1103515625 0.8505859375 0.03662109375 0.06787109375
3 0.1650390625 0.85205078125 0.04443359375 0.0791015625
3 0.33935546875 0.85400390625 0.0302734375 0.0498046875
3 0.4814453125 0.8515625 0.02978515625 0.0693359375
4 0.77783203125 0.93896484375 0.4443359375 0.09423828125
3 0.6513671875 0.75341796875 0.0556640625 0.09326171875
3 0.59521484375 0.7578125 0.0390625 0.0654296875
3 0.708984375 0.75341796875 0.0380859375 0.0595703125
4 0.94091796875 0.5380859375 0.1181640625 0.07080078125