5 0.25537109375 0.26025390625 0.1875 0.05126953125
5 0.20458984375 0.3857421875 0.05078125 0.02587890625
5 0.1953125 0.47265625 0.03173828125 0.0322265625
5 0.2041015625 0.5595703125 0.04296875 0.0322265625
5 0.35498046875 0.3857421875 0.033203125 0.0322265625
5 0.36572265625 0.47265625 0.04931640625 0.02587890625
5 0.3759765625 0.5595703125 0.06982421875 0.0322265625
5 0.513671875 0.3857421875 0.03955078125 0.03857421875
5 0.5517578125 0.4775390625 0.10302734375 0.0419921875
5 0.533203125 0.56103515625 0.06689453125 0.02880859375
5 0.70458984375 0.47265625 0.09228515625 0.0322265625
5 0.677734375 0.3857421875 0.03515625 0.0322265625
4 0.23583984375 0.427734375 0.10302734375 0.044921875
4 0.23583984375 0.5146484375 0.1064453125 0.0322265625
4 0.39453125 0.427734375 0.1064453125 0.044921875
4 0.39306640625 0.51123046875 0.10302734375 0.03857421875
4 0.55224609375 0.435546875 0.10498046875 0.03515625
4 0.7109375 0.42626953125 0.1015625 0.0419921875
4 0.55419921875 0.51611328125 0.1015625 0.04833984375
4 0.7119140625 0.5126953125 0.10302734375 0.0419921875
2 0.220703125 0.599609375 0.0732421875 0.04833984375
2 0.37841796875 0.59814453125 0.07470703125 0.03857421875
2 0.53662109375 0.59814453125 0.076171875 0.044921875
2 0.69677734375 0.599609375 0.076171875 0.0419921875
0 0.513671875 0.6865234375 0.05859375 0.04833984375
0 0.34130859375 0.828125 0.1650390625 0.06103515625
0 0.5126953125 0.82470703125 0.15234375 0.06103515625
0 0.666015625 0.826171875 0.14111328125 0.064453125
1 0.181640625 0.9580078125 0.017578125 0.044921875
0 0.22119140625 0.32470703125 0.09375 0.044921875