5 0.33154296875 0.2734375 0.1083984375 0.052734375
5 0.3310546875 0.34228515625 0.1044921875 0.0458984375
5 0.31201171875 0.4091796875 0.06787109375 0.0400390625
5 0.3212890625 0.4775390625 0.0888671875 0.04736328125
5 0.31396484375 0.53759765625 0.0751953125 0.04736328125
4 0.50927734375 0.27685546875 0.2373046875 0.05419921875
4 0.51025390625 0.3408203125 0.2373046875 0.05419921875
4 0.50927734375 0.408203125 0.2373046875 0.052734375
4 0.5966796875 0.53759765625 0.23974609375 0.052734375
0 0.32421875 0.603515625 0.07958984375 0.05419921875
5 0.44580078125 0.4736328125 0.05078125 0.04150390625
5 0.54052734375 0.47705078125 0.0703125 0.0400390625
6 0.4072265625 0.47021484375 0.0224609375 0.0400390625
6 0.4912109375 0.470703125 0.0283203125 0.0498046875
6 0.5966796875 0.4716796875 0.0234375 0.0458984375
2 0.4306640625 0.5361328125 0.0791015625 0.0498046875
5 0.6455078125 0.47314453125 0.0703125 0.0458984375