5 0.2255859375 0.16796875 0.05419921875 0.017578125
5 0.2177734375 0.2646484375 0.02587890625 0.0166015625
5 0.2568359375 0.259765625 0.0166015625 0.017578125
5 0.26220703125 0.279296875 0.025390625 0.017578125
5 0.34765625 0.26513671875 0.01806640625 0.015625
5 0.35009765625 0.291015625 0.02294921875 0.017578125
5 0.4072265625 0.2919921875 0.01513671875 0.013671875
5 0.46923828125 0.2900390625 0.0166015625 0.015625
5 0.55908203125 0.2919921875 0.01708984375 0.013671875
5 0.56591796875 0.265625 0.0576171875 0.0185546875
5 0.56494140625 0.3125 0.0322265625 0.017578125
5 0.71044921875 0.26806640625 0.076171875 0.02294921875
5 0.23828125 0.3798828125 0.08056640625 0.01953125
5 0.25537109375 0.46533203125 0.1162109375 0.015625
5 0.23095703125 0.54833984375 0.06689453125 0.0166015625
5 0.2255859375 0.630859375 0.05615234375 0.017578125
5 0.2685546875 0.7197265625 0.1416015625 0.015625
5 0.25 0.12939453125 0.10498046875 0.01318359375
3 0.115234375 0.078125 0.15185546875 0.021484375
6 0.2421875 0.2607421875 0.00732421875 0.01220703125
6 0.24169921875 0.27978515625 0.0068359375 0.01318359375
6 0.54345703125 0.2939453125 0.0078125 0.01220703125
6 0.5439453125 0.3134765625 0.00732421875 0.013671875
2 0.36181640625 0.3212890625 0.04638671875 0.037109375
4 0.4228515625 0.322265625 0.044921875 0.037109375
4 0.48388671875 0.3212890625 0.04638671875 0.037109375
4 0.82470703125 0.30322265625 0.30517578125 0.0400390625
2 0.58837890625 0.41650390625 0.77978515625 0.0390625
2 0.58740234375 0.49853515625 0.779296875 0.0380859375
4 0.5791015625 0.58251953125 0.7626953125 0.0390625
4 0.59033203125 0.66845703125 0.7841796875 0.0390625
4 0.58935546875 0.75634765625 0.7841796875 0.0390625
0 0.224609375 0.82470703125 0.041015625 0.0322265625
0 0.42333984375 0.82373046875 0.03662109375 0.03076171875
3 0.21533203125 0.08203125 0.017578125 0.02685546875
3 0.013671875 0.10595703125 0.01708984375 0.02685546875
3 0.01318359375 0.06298828125 0.01513671875 0.02783203125
3 0.013671875 0.1494140625 0.015625 0.0361328125
3 0.0126953125 0.19140625 0.01513671875 0.0322265625
3 0.01318359375 0.2314453125 0.0146484375 0.03125
3 0.05078125 0.28515625 0.0078125 0.0146484375
3 0.05126953125 0.31201171875 0.00732421875 0.01318359375
3 0.0517578125 0.33837890625 0.00830078125 0.015625
3 0.05126953125 0.20458984375 0.00830078125 0.0166015625
3 0.05126953125 0.2568359375 0.00830078125 0.013671875
3 0.05126953125 0.2314453125 0.00830078125 0.0166015625
3 0.05126953125 0.36767578125 0.00732421875 0.0146484375
3 0.0126953125 0.2744140625 0.01416015625 0.03076171875