5 0.2373046875 0.181640625 0.08984375 0.02978515625
5 0.25 0.306640625 0.1201171875 0.033203125
5 0.65478515625 0.4765625 0.080078125 0.033203125
5 0.6650390625 0.546875 0.10009765625 0.02685546875
5 0.6611328125 0.6083984375 0.0576171875 0.0234375
5 0.302734375 0.615234375 0.2099609375 0.02978515625
5 0.232421875 0.43310546875 0.0751953125 0.02685546875
5 0.25732421875 0.74658203125 0.1298828125 0.033203125
7 0.60498046875 0.60498046875 0.0498046875 0.03662109375
4 0.6962890625 0.23486328125 0.22265625 0.0634765625
4 0.37353515625 0.2333984375 0.37255859375 0.06689453125
2 0.37353515625 0.35986328125 0.36767578125 0.0732421875
0 0.5185546875 0.669921875 0.08251953125 0.06005859375
4 0.3349609375 0.66845703125 0.27978515625 0.0634765625
2 0.37646484375 0.7998046875 0.37744140625 0.06689453125
1 0.59765625 0.478515625 0.02001953125 0.03662109375
6 0.5986328125 0.54345703125 0.0224609375 0.033203125