5 0.11572265625 0.06494140625 0.07958984375 0.056640625
5 0.5673828125 0.0625 0.14501953125 0.056640625
5 0.16064453125 0.318359375 0.16943359375 0.0517578125
5 0.5634765625 0.31591796875 0.2275390625 0.056640625
5 0.205078125 0.54443359375 0.2607421875 0.0615234375
0 0.50146484375 0.8955078125 0.18017578125 0.095703125
4 0.27197265625 0.15966796875 0.37939453125 0.10302734375
4 0.69287109375 0.15966796875 0.38037109375 0.10791015625
5 0.15234375 0.39208984375 0.07568359375 0.0419921875
5 0.263671875 0.390625 0.07470703125 0.03955078125
5 0.37451171875 0.39208984375 0.07080078125 0.03662109375
5 0.515625 0.3896484375 0.05419921875 0.0419921875
5 0.60400390625 0.39208984375 0.048828125 0.0419921875
5 0.681640625 0.39453125 0.037109375 0.03662109375
6 0.09912109375 0.38818359375 0.033203125 0.06396484375
6 0.2119140625 0.390625 0.02587890625 0.04931640625
6 0.32470703125 0.3896484375 0.02197265625 0.0419921875
6 0.47509765625 0.39306640625 0.02685546875 0.03955078125
6 0.56494140625 0.390625 0.02978515625 0.04931640625
6 0.64697265625 0.390625 0.0322265625 0.04931640625