5 0.12451171875 0.1484375 0.03662109375 0.021484375
5 0.12353515625 0.263671875 0.03564453125 0.013671875
5 0.13330078125 0.37841796875 0.0517578125 0.0146484375
5 0.1162109375 0.49365234375 0.01904296875 0.01611328125
5 0.12353515625 0.6083984375 0.033203125 0.01513671875
5 0.1376953125 0.72412109375 0.0625 0.01611328125
5 0.12548828125 0.87646484375 0.0107421875 0.0126953125
5 0.4052734375 0.1484375 0.03662109375 0.01611328125
5 0.40478515625 0.26416015625 0.0361328125 0.01611328125
5 0.41259765625 0.3798828125 0.05029296875 0.01708984375
5 0.39697265625 0.49365234375 0.01904296875 0.01611328125
5 0.65625 0.14794921875 0.03515625 0.01611328125
5 0.67236328125 0.26513671875 0.06787109375 0.0205078125
4 0.22314453125 0.19580078125 0.2353515625 0.05517578125
4 0.22314453125 0.310546875 0.23486328125 0.056640625
4 0.2236328125 0.42431640625 0.23486328125 0.0556640625
4 0.2236328125 0.54052734375 0.236328125 0.0556640625
4 0.22314453125 0.65478515625 0.23486328125 0.05224609375
4 0.2236328125 0.76904296875 0.23486328125 0.05517578125
4 0.75830078125 0.1962890625 0.2373046875 0.0595703125
4 0.75634765625 0.3095703125 0.236328125 0.05859375
5 0.41064453125 0.87646484375 0.01904296875 0.01611328125