1 0.1865234375 0.2587890625 0.025390625 0.02734375
1 0.18701171875 0.3271484375 0.0224609375 0.029296875
1 0.1845703125 0.38671875 0.025390625 0.0390625
1 0.2177734375 0.56494140625 0.033203125 0.0419921875
1 0.37890625 0.56396484375 0.025390625 0.0302734375
1 0.53955078125 0.560546875 0.0263671875 0.04296875
1 0.7001953125 0.56494140625 0.033203125 0.0341796875
1 0.22021484375 0.63232421875 0.0283203125 0.0361328125
1 0.2177734375 0.677734375 0.033203125 0.033203125
1 0.21826171875 0.72314453125 0.0302734375 0.0322265625
1 0.2158203125 0.791015625 0.02734375 0.029296875
1 0.2177734375 0.83984375 0.025390625 0.029296875
1 0.22021484375 0.90185546875 0.0341796875 0.0302734375
1 0.21875 0.947265625 0.033203125 0.037109375
1 0.37939453125 0.791015625 0.0244140625 0.029296875
1 0.37939453125 0.8388671875 0.0322265625 0.0390625
1 0.37890625 0.908203125 0.025390625 0.03125
1 0.37890625 0.9501953125 0.029296875 0.04296875
1 0.5390625 0.7939453125 0.021484375 0.044921875
1 0.541015625 0.8408203125 0.029296875 0.04296875
1 0.541015625 0.90869140625 0.025390625 0.0361328125
1 0.54052734375 0.9501953125 0.0244140625 0.029296875
6 0.68505859375 0.26513671875 0.0283203125 0.0400390625
6 0.68408203125 0.32666015625 0.0283203125 0.0341796875
6 0.685546875 0.3837890625 0.029296875 0.033203125