0 0.29052734375 0.1240234375 0.1328125 0.04345703125
0 0.4248046875 0.1240234375 0.11767578125 0.04345703125
0 0.10107421875 0.39892578125 0.2021484375 0.064453125
0 0.8798828125 0.48388671875 0.09228515625 0.04541015625
0 0.919921875 0.1240234375 0.123046875 0.04345703125
0 0.8447265625 0.0361328125 0.05078125 0.03466796875
3 0.240234375 0.03466796875 0.02490234375 0.033203125
3 0.28125 0.03759765625 0.03125 0.03125
3 0.92626953125 0.70947265625 0.0205078125 0.04345703125
3 0.94873046875 0.705078125 0.0166015625 0.02978515625
3 0.53662109375 0.7060546875 0.02001953125 0.041015625
3 0.56005859375 0.70654296875 0.0244140625 0.03125
3 0.0341796875 0.45263671875 0.021484375 0.03662109375
3 0.03662109375 0.51318359375 0.01708984375 0.033203125
3 0.0361328125 0.568359375 0.02197265625 0.0390625
3 0.03515625 0.6259765625 0.01904296875 0.025390625
3 0.03564453125 0.68017578125 0.02001953125 0.02880859375
3 0.03515625 0.80517578125 0.0185546875 0.03466796875
3 0.03662109375 0.861328125 0.01806640625 0.03759765625
3 0.037109375 0.91552734375 0.0185546875 0.03564453125
3 0.03515625 0.9716796875 0.01708984375 0.02978515625
4 0.10302734375 0.30810546875 0.14990234375 0.03662109375
3 0.97216796875 0.03662109375 0.01708984375 0.03125