0 0.6826171875 0.42578125 0.05712890625 0.03759765625
0 0.38720703125 0.76171875 0.03515625 0.03759765625
2 0.51318359375 0.4130859375 0.2734375 0.04296875
4 0.521484375 0.5693359375 0.2568359375 0.04736328125
4 0.7861328125 0.56591796875 0.25537109375 0.04296875
3 0.94091796875 0.32568359375 0.0166015625 0.029296875
4 0.5263671875 0.654296875 0.26171875 0.072265625
3 0.302734375 0.3271484375 0.01318359375 0.02099609375
3 0.2998046875 0.37939453125 0.01025390625 0.0224609375
3 0.30029296875 0.4150390625 0.0087890625 0.01953125
3 0.2998046875 0.44921875 0.01025390625 0.0234375
3 0.29931640625 0.49169921875 0.0107421875 0.02490234375
3 0.29931640625 0.52490234375 0.00927734375 0.0224609375
3 0.29931640625 0.56298828125 0.0107421875 0.0234375
3 0.29931640625 0.59912109375 0.0107421875 0.0263671875
0 0.9091796875 0.3271484375 0.0390625 0.0263671875