5 0.5 0.205078125 0.27099609375 0.0439453125
5 0.13134765625 0.314453125 0.1083984375 0.029296875
5 0.5615234375 0.314453125 0.123046875 0.02490234375
5 0.14501953125 0.44677734375 0.13525390625 0.03564453125
5 0.1904296875 0.58642578125 0.22314453125 0.03125
5 0.1572265625 0.720703125 0.1689453125 0.0458984375
5 0.140625 0.85400390625 0.13525390625 0.029296875
4 0.28125 0.376953125 0.39599609375 0.07080078125
4 0.71435546875 0.37939453125 0.39599609375 0.0751953125
4 0.49560546875 0.513671875 0.8291015625 0.07275390625
4 0.498046875 0.64794921875 0.8251953125 0.07080078125
4 0.4970703125 0.7841796875 0.8271484375 0.07275390625
2 0.21435546875 0.9189453125 0.27099609375 0.0751953125
2 0.47509765625 0.91650390625 0.17919921875 0.07080078125
2 0.7041015625 0.919921875 0.21240234375 0.06884765625
3 0.86865234375 0.91748046875 0.06689453125 0.05615234375