1 0.04248046875 0.111328125 0.0283203125 0.041015625
1 0.56005859375 0.111328125 0.0283203125 0.037109375
1 0.8017578125 0.11328125 0.029296875 0.041015625
1 0.04052734375 0.35205078125 0.0341796875 0.0458984375
1 0.27783203125 0.35302734375 0.0322265625 0.0419921875
1 0.0400390625 0.5830078125 0.02734375 0.03515625
1 0.25732421875 0.58056640625 0.0322265625 0.0419921875
1 0.5009765625 0.58154296875 0.037109375 0.0478515625
1 0.08349609375 0.87548828125 0.0361328125 0.0517578125
1 0.08056640625 0.9462890625 0.0302734375 0.041015625
1 0.55859375 0.8076171875 0.02734375 0.041015625
1 0.70068359375 0.806640625 0.0302734375 0.04296875
1 0.84765625 0.80712890625 0.029296875 0.0458984375
5 0.138671875 0.11669921875 0.13671875 0.0517578125
5 0.09130859375 0.04541015625 0.1337890625 0.0419921875
5 0.712890625 0.04345703125 0.33984375 0.0419921875
5 0.65283203125 0.11767578125 0.1337890625 0.0537109375
5 0.89697265625 0.115234375 0.1337890625 0.044921875
5 0.5703125 0.27490234375 0.064453125 0.0341796875
5 0.6689453125 0.3515625 0.154296875 0.041015625
5 0.3740234375 0.353515625 0.140625 0.05078125
5 0.13623046875 0.35595703125 0.1259765625 0.0439453125
5 0.1435546875 0.28271484375 0.244140625 0.0576171875
5 0.12158203125 0.51513671875 0.1884765625 0.0537109375
5 0.12353515625 0.58740234375 0.1181640625 0.0380859375
5 0.35888671875 0.58251953125 0.1396484375 0.0400390625
5 0.6044921875 0.5830078125 0.146484375 0.04296875
5 0.6396484375 0.74267578125 0.1953125 0.0400390625
5 0.6318359375 0.81201171875 0.091796875 0.0400390625
5 0.77392578125 0.80908203125 0.0986328125 0.0380859375
5 0.92529296875 0.8076171875 0.1123046875 0.041015625
5 0.11474609375 0.7412109375 0.1943359375 0.037109375
5 0.18408203125 0.806640625 0.2333984375 0.048828125
5 0.2265625 0.875 0.232421875 0.046875
5 0.2275390625 0.9453125 0.248046875 0.044921875
3 0.564453125 0.35107421875 0.037109375 0.0556640625