5 0.14794921875 0.29541015625 0.05810546875 0.02783203125
5 0.13623046875 0.40185546875 0.0361328125 0.02783203125
5 0.3955078125 0.29736328125 0.0546875 0.02783203125
5 0.13134765625 0.509765625 0.0283203125 0.02099609375
5 0.14599609375 0.61669921875 0.05810546875 0.02587890625
0 0.77197265625 0.6259765625 0.21533203125 0.05908203125
0 0.1865234375 0.9306640625 0.12353515625 0.05224609375
4 0.36279296875 0.66259765625 0.48291015625 0.05908203125
4 0.36376953125 0.5546875 0.4853515625 0.0625
4 0.36572265625 0.4501953125 0.486328125 0.0625
4 0.240234375 0.3408203125 0.23583984375 0.05908203125
4 0.4892578125 0.3427734375 0.2373046875 0.05908203125