5 0.19091796875 0.14892578125 0.068359375 0.03662109375
5 0.56982421875 0.142578125 0.07080078125 0.0556640625
5 0.20166015625 0.35888671875 0.09912109375 0.05029296875
5 0.38134765625 0.3564453125 0.02294921875 0.04541015625
5 0.58251953125 0.357421875 0.09912109375 0.04345703125
4 0.30810546875 0.228515625 0.2978515625 0.09912109375
4 0.2548828125 0.44189453125 0.1943359375 0.09375
4 0.41259765625 0.44091796875 0.08935546875 0.09912109375
4 0.689453125 0.2294921875 0.2998046875 0.09716796875
4 0.68798828125 0.44091796875 0.29833984375 0.09912109375
4 0.68798828125 0.658203125 0.2998046875 0.09228515625
5 0.5498046875 0.56884765625 0.037109375 0.04541015625
3 0.45166015625 0.35302734375 0.021484375 0.048828125
3 0.83056640625 0.56884765625 0.02490234375 0.0556640625