6 0.06884765625 0.31884765625 0.0498046875 0.0732421875
6 0.0673828125 0.19970703125 0.048828125 0.0732421875
6 0.06640625 0.5263671875 0.046875 0.07421875
6 0.06787109375 0.64697265625 0.0517578125 0.0693359375
6 0.06787109375 0.7607421875 0.0498046875 0.0703125
6 0.06494140625 0.87841796875 0.0498046875 0.0712890625
5 0.16162109375 0.18798828125 0.1298828125 0.0751953125
5 0.15966796875 0.306640625 0.1240234375 0.068359375
5 0.22509765625 0.515625 0.2607421875 0.072265625
5 0.22509765625 0.63037109375 0.2607421875 0.0673828125
5 0.212890625 0.751953125 0.23046875 0.072265625
5 0.18115234375 0.87060546875 0.1689453125 0.0732421875