1 0.08447265625 0.6943359375 0.0283203125 0.048828125
1 0.083984375 0.77587890625 0.029296875 0.0361328125
1 0.08349609375 0.1318359375 0.0322265625 0.05859375
7 0.5791015625 0.138671875 0.11328125 0.06640625
7 0.57177734375 0.24365234375 0.1181640625 0.0693359375
7 0.57275390625 0.34326171875 0.1162109375 0.0654296875
1 0.08447265625 0.2880859375 0.0322265625 0.046875
1 0.08349609375 0.20751953125 0.0322265625 0.0380859375
1 0.083984375 0.853515625 0.025390625 0.044921875
5 0.23779296875 0.1318359375 0.2548828125 0.03515625
5 0.267578125 0.208984375 0.302734375 0.041015625
5 0.22265625 0.29150390625 0.212890625 0.0302734375
5 0.80078125 0.12744140625 0.294921875 0.0380859375
5 0.81298828125 0.234375 0.3291015625 0.046875
5 0.80029296875 0.33349609375 0.2939453125 0.0400390625
5 0.265625 0.69140625 0.322265625 0.04296875
5 0.2861328125 0.77001953125 0.357421875 0.0498046875
5 0.3095703125 0.85009765625 0.40234375 0.0380859375