5 0.0673828125 0.294921875 0.0244140625 0.0234375
5 0.07666015625 0.4130859375 0.0361328125 0.01806640625
5 0.0849609375 0.53076171875 0.05322265625 0.0166015625
5 0.3232421875 0.3203125 0.02099609375 0.01806640625
5 0.32958984375 0.41650390625 0.0341796875 0.0166015625
5 0.0751953125 0.6494140625 0.03515625 0.01806640625
5 0.09375 0.72998046875 0.07177734375 0.01513671875
5 0.1005859375 0.61181640625 0.0849609375 0.01513671875
5 0.091796875 0.4921875 0.06787109375 0.01513671875
5 0.0869140625 0.376953125 0.05859375 0.01513671875
0 0.408203125 0.54736328125 0.19287109375 0.06103515625
4 0.408203125 0.45703125 0.1943359375 0.05810546875
4 0.408203125 0.357421875 0.19140625 0.05126953125
4 0.15380859375 0.33544921875 0.1923828125 0.05419921875
4 0.15380859375 0.451171875 0.19384765625 0.0556640625
4 0.15380859375 0.5703125 0.1923828125 0.05712890625
4 0.154296875 0.6904296875 0.19287109375 0.0556640625
0 0.15380859375 0.80078125 0.19384765625 0.05712890625
3 0.0732421875 0.68896484375 0.01318359375 0.02783203125
3 0.23486328125 0.68798828125 0.0146484375 0.02099609375
3 0.07275390625 0.56884765625 0.0126953125 0.0263671875
3 0.072265625 0.45068359375 0.01171875 0.0263671875
3 0.0732421875 0.33349609375 0.01318359375 0.0224609375
3 0.3271484375 0.35693359375 0.01416015625 0.01953125
3 0.3271484375 0.455078125 0.0126953125 0.0234375
3 0.4892578125 0.45556640625 0.0166015625 0.01953125