5 0.2412109375 0.5791015625 0.046875 0.03369140625
5 0.2373046875 0.775390625 0.04931640625 0.02685546875
5 0.26513671875 0.9658203125 0.09912109375 0.02978515625
3 0.82958984375 0.28759765625 0.02197265625 0.0322265625
3 0.8291015625 0.33984375 0.02197265625 0.03857421875
3 0.8291015625 0.388671875 0.02197265625 0.0361328125
3 0.8291015625 0.44384765625 0.0224609375 0.03857421875
3 0.82958984375 0.49462890625 0.0205078125 0.037109375
3 0.83056640625 0.54638671875 0.02197265625 0.037109375
0 0.8740234375 0.1455078125 0.06396484375 0.0439453125
3 0.96923828125 0.1484375 0.0302734375 0.05029296875
3 0.70361328125 0.146484375 0.0322265625 0.05908203125
3 0.73974609375 0.14599609375 0.0283203125 0.05029296875
3 0.77685546875 0.14599609375 0.03369140625 0.044921875
3 0.814453125 0.1455078125 0.02587890625 0.0439453125
3 0.93212890625 0.14794921875 0.0185546875 0.03857421875
3 0.1748046875 0.14599609375 0.0244140625 0.0322265625
3 0.21240234375 0.146484375 0.01708984375 0.03076171875