5 0.35693359375 0.18017578125 0.0810546875 0.02734375
5 0.3388671875 0.322265625 0.04736328125 0.029296875
5 0.3564453125 0.47314453125 0.08056640625 0.02978515625
5 0.49560546875 0.642578125 0.3212890625 0.0517578125
0 0.5 0.73388671875 0.361328125 0.0810546875
0 0.49951171875 0.86572265625 0.35888671875 0.0732421875
4 0.50048828125 0.53955078125 0.36376953125 0.08251953125
4 0.49853515625 0.392578125 0.361328125 0.0849609375
4 0.501953125 0.2470703125 0.3623046875 0.083984375
3 0.64794921875 0.24267578125 0.03369140625 0.04248046875
3 0.64990234375 0.38818359375 0.03271484375 0.03662109375
3 0.646484375 0.53857421875 0.0341796875 0.03515625
5 0.39111328125 0.09521484375 0.06884765625 0.029296875
5 0.599609375 0.09228515625 0.05126953125 0.03173828125