0 0.1669921875 0.12451171875 0.12646484375 0.037109375
0 0.1669921875 0.19677734375 0.12646484375 0.04052734375
0 0.16796875 0.23583984375 0.12646484375 0.037109375
0 0.16748046875 0.27392578125 0.1279296875 0.0390625
0 0.1669921875 0.3125 0.12646484375 0.03515625
0 0.1669921875 0.349609375 0.12646484375 0.0390625
0 0.16748046875 0.3876953125 0.1279296875 0.037109375
0 0.16845703125 0.42822265625 0.1279296875 0.04052734375
2 0.2783203125 0.16259765625 0.03271484375 0.02099609375
5 0.2734375 0.12744140625 0.0595703125 0.02099609375
0 0.765625 0.12744140625 0.0595703125 0.0283203125
0 0.845703125 0.12890625 0.09130859375 0.0283203125
0 0.75439453125 0.23681640625 0.03515625 0.02490234375
0 0.7900390625 0.23681640625 0.0302734375 0.02490234375
0 0.82958984375 0.23779296875 0.0390625 0.02294921875
0 0.75439453125 0.27197265625 0.03515625 0.02490234375
0 0.7900390625 0.27392578125 0.02783203125 0.02099609375
0 0.82958984375 0.27197265625 0.0390625 0.02099609375
0 0.75439453125 0.306640625 0.03271484375 0.02294921875
0 0.7900390625 0.306640625 0.0302734375 0.02294921875
0 0.82958984375 0.3076171875 0.0390625 0.02099609375
0 0.75537109375 0.3408203125 0.0341796875 0.02099609375
0 0.7900390625 0.341796875 0.0302734375 0.02294921875
0 0.830078125 0.341796875 0.03759765625 0.02294921875
0 0.75439453125 0.37744140625 0.03271484375 0.02294921875
0 0.79052734375 0.37646484375 0.029296875 0.02099609375
0 0.82958984375 0.37744140625 0.03662109375 0.01953125
0 0.75439453125 0.41064453125 0.03515625 0.02294921875
0 0.7900390625 0.41162109375 0.02783203125 0.02099609375
0 0.830078125 0.41259765625 0.03759765625 0.02294921875
0 0.75439453125 0.4462890625 0.03271484375 0.01953125
0 0.791015625 0.4453125 0.0302734375 0.02099609375
0 0.82958984375 0.44775390625 0.0390625 0.02294921875
0 0.75439453125 0.48046875 0.03515625 0.02490234375
0 0.79052734375 0.4814453125 0.029296875 0.02294921875
0 0.82958984375 0.482421875 0.0390625 0.02099609375
0 0.8203125 0.51416015625 0.044921875 0.02490234375
0 0.87646484375 0.51611328125 0.0302734375 0.02099609375
5 0.7841796875 0.16357421875 0.02685546875 0.01611328125
4 0.8447265625 0.16357421875 0.09130859375 0.0263671875
5 0.408203125 0.205078125 0.03173828125 0.017578125
5 0.56494140625 0.203125 0.02197265625 0.017578125
5 0.65478515625 0.2041015625 0.0400390625 0.01220703125
5 0.79296875 0.2041015625 0.03173828125 0.01611328125
5 0.41162109375 0.23486328125 0.1337890625 0.01416015625
5 0.56640625 0.2333984375 0.0244140625 0.01416015625
5 0.654296875 0.23388671875 0.04638671875 0.01611328125
5 0.4111328125 0.2705078125 0.11328125 0.017578125
5 0.41064453125 0.3037109375 0.107421875 0.017578125
5 0.40966796875 0.33935546875 0.07421875 0.017578125
5 0.41064453125 0.37353515625 0.07080078125 0.01611328125
5 0.41064453125 0.40966796875 0.08544921875 0.017578125
5 0.4111328125 0.4453125 0.06201171875 0.017578125
5 0.40966796875 0.47802734375 0.07421875 0.01953125
5 0.568359375 0.267578125 0.04736328125 0.01220703125
5 0.56689453125 0.30224609375 0.02294921875 0.017578125
5 0.5673828125 0.33935546875 0.05615234375 0.02099609375
5 0.56591796875 0.37353515625 0.0546875 0.01220703125
5 0.56640625 0.4091796875 0.05126953125 0.01611328125
5 0.56689453125 0.443359375 0.04248046875 0.01416015625
5 0.56640625 0.47900390625 0.0390625 0.01416015625
5 0.65576171875 0.2705078125 0.04248046875 0.017578125
5 0.6552734375 0.3037109375 0.0439453125 0.017578125
5 0.654296875 0.33935546875 0.03662109375 0.01416015625
5 0.65478515625 0.37353515625 0.04248046875 0.01953125
5 0.654296875 0.4091796875 0.04150390625 0.01220703125
5 0.65478515625 0.44189453125 0.03759765625 0.01416015625
5 0.65576171875 0.47802734375 0.04248046875 0.01611328125
1 0.25439453125 0.2333984375 0.009765625 0.01416015625
1 0.25537109375 0.26953125 0.0107421875 0.01611328125
1 0.25537109375 0.3046875 0.0107421875 0.01611328125
1 0.25537109375 0.33837890625 0.0107421875 0.01611328125
1 0.25537109375 0.37353515625 0.0107421875 0.01611328125
1 0.25537109375 0.4091796875 0.0107421875 0.01611328125
1 0.25537109375 0.443359375 0.0107421875 0.01416015625
1 0.25537109375 0.47802734375 0.0107421875 0.01611328125
0 0.11328125 0.62890625 0.01953125 0.166015625
5 0.876953125 0.0810546875 0.0244140625 0.017578125
3 0.8544921875 0.08203125 0.01806640625 0.0263671875
3 0.1181640625 0.0830078125 0.01708984375 0.01416015625