1 0.3720703125 0.5732421875 0.064453125 0.2109375
1 0.4609375 0.5732421875 0.0625 0.205078125
1 0.55078125 0.57470703125 0.064453125 0.2099609375
1 0.36962890625 0.27734375 0.0654296875 0.208984375
1 0.4599609375 0.27685546875 0.068359375 0.2041015625
1 0.55078125 0.28076171875 0.06640625 0.2041015625
6 0.099609375 0.27880859375 0.072265625 0.2060546875
6 0.19287109375 0.279296875 0.0693359375 0.2109375
6 0.28076171875 0.27734375 0.0673828125 0.2109375
6 0.28173828125 0.5732421875 0.0771484375 0.21484375
6 0.18896484375 0.57568359375 0.0732421875 0.2158203125
6 0.09912109375 0.572265625 0.0693359375 0.2109375