5 0.10546875 0.02685546875 0.1982421875 0.041015625
5 0.044921875 0.087890625 0.064453125 0.0322265625
5 0.07080078125 0.1318359375 0.11279296875 0.0302734375
5 0.12548828125 0.18408203125 0.20947265625 0.0302734375
5 0.0693359375 0.22607421875 0.109375 0.0283203125
5 0.06787109375 0.279296875 0.099609375 0.02587890625
5 0.0732421875 0.3408203125 0.1337890625 0.03662109375
5 0.0322265625 0.39306640625 0.0517578125 0.0283203125
5 0.0263671875 0.44580078125 0.037109375 0.03466796875
5 0.12060546875 0.4921875 0.18994140625 0.03662109375
5 0.26904296875 0.55712890625 0.099609375 0.04541015625
5 0.41845703125 0.55517578125 0.12255859375 0.03662109375
5 0.58154296875 0.55712890625 0.12255859375 0.03662109375
5 0.74658203125 0.55712890625 0.13037109375 0.04541015625
5 0.1455078125 0.61376953125 0.1884765625 0.0322265625
5 0.0537109375 0.68505859375 0.091796875 0.0322265625
1 0.03369140625 0.61572265625 0.0224609375 0.0322265625
6 0.203125 0.55322265625 0.02587890625 0.041015625
6 0.3408203125 0.55517578125 0.03369140625 0.041015625
6 0.50244140625 0.55419921875 0.0322265625 0.0390625
6 0.666015625 0.55419921875 0.03076171875 0.03466796875
0 0.435546875 0.94677734375 0.09521484375 0.05419921875
0 0.5517578125 0.9482421875 0.11767578125 0.0517578125
4 0.53369140625 0.08447265625 0.900390625 0.0390625
4 0.55615234375 0.1298828125 0.861328125 0.0390625
4 0.5517578125 0.22607421875 0.85205078125 0.041015625
4 0.5498046875 0.279296875 0.85498046875 0.03466796875
4 0.56689453125 0.337890625 0.8408203125 0.0390625
4 0.52490234375 0.3916015625 0.92431640625 0.03466796875
4 0.51708984375 0.44384765625 0.9404296875 0.03466796875
4 0.54736328125 0.68408203125 0.88232421875 0.04345703125
5 0.5 0.73486328125 0.1044921875 0.0322265625