0 0.78369140625 0.1337890625 0.1064453125 0.04345703125
3 0.6787109375 0.13232421875 0.01123046875 0.0224609375
5 0.70361328125 0.1337890625 0.03125 0.01220703125
5 0.23681640625 0.13232421875 0.0263671875 0.017578125
5 0.27392578125 0.13427734375 0.0341796875 0.015625
5 0.326171875 0.134765625 0.02685546875 0.01904296875
5 0.38134765625 0.1337890625 0.0390625 0.0166015625
5 0.4443359375 0.13330078125 0.041015625 0.017578125
5 0.29736328125 0.4443359375 0.28955078125 0.0888671875
5 0.1962890625 0.3603515625 0.08056640625 0.0322265625
5 0.2978515625 0.5361328125 0.2861328125 0.0546875
0 0.203125 0.61279296875 0.08935546875 0.04345703125