5 0.31640625 0.11767578125 0.05029296875 0.0263671875
5 0.412109375 0.119140625 0.0576171875 0.0283203125
5 0.12890625 0.0390625 0.12744140625 0.03076171875
5 0.1044921875 0.18994140625 0.10498046875 0.0263671875
5 0.1015625 0.259765625 0.09619140625 0.0263671875
5 0.08349609375 0.32861328125 0.060546875 0.03271484375
5 0.11181640625 0.3994140625 0.11962890625 0.03076171875
3 0.03564453125 0.1201171875 0.0205078125 0.0263671875
3 0.0341796875 0.46923828125 0.017578125 0.03076171875
4 0.419921875 0.658203125 0.12744140625 0.05029296875
4 0.41845703125 0.75439453125 0.13037109375 0.0458984375
6 0.36181640625 0.8427734375 0.01904296875 0.03076171875
6 0.4443359375 0.8427734375 0.02197265625 0.0263671875
0 0.826171875 0.279296875 0.09326171875 0.0478515625
0 0.9228515625 0.28076171875 0.080078125 0.0546875
3 0.880859375 0.03369140625 0.02197265625 0.037109375
3 0.92529296875 0.03515625 0.02197265625 0.0390625
3 0.2587890625 0.1201171875 0.017578125 0.03076171875
3 0.3505859375 0.11669921875 0.0146484375 0.02392578125
3 0.1982421875 0.1201171875 0.017578125 0.0263671875
3 0.1982421875 0.470703125 0.017578125 0.0283203125