0 0.21533203125 0.7119140625 0.20849609375 0.05517578125
0 0.271484375 0.7880859375 0.1015625 0.0595703125
0 0.15966796875 0.787109375 0.09716796875 0.0576171875
0 0.5 0.42333984375 0.10009765625 0.052734375
7 0.57861328125 0.52880859375 0.029296875 0.02880859375
0 0.55712890625 0.638671875 0.0693359375 0.0380859375
5 0.4228515625 0.48095703125 0.0625 0.02392578125
5 0.41748046875 0.59326171875 0.05126953125 0.01904296875
5 0.5 0.7294921875 0.0390625 0.01904296875
0 0.689453125 0.1123046875 0.0234375 0.04296875
0 0.69921875 0.23095703125 0.048828125 0.05029296875
0 0.7841796875 0.29296875 0.2099609375 0.0693359375
0 0.78271484375 0.36865234375 0.2099609375 0.06689453125
0 0.783203125 0.4462890625 0.20849609375 0.064453125
0 0.783203125 0.52392578125 0.20849609375 0.06689453125
0 0.78271484375 0.6005859375 0.2099609375 0.06689453125
3 0.85205078125 0.11474609375 0.01513671875 0.02880859375