5 0.08935546875 0.28955078125 0.0419921875 0.03125
5 0.0966796875 0.3955078125 0.0517578125 0.02783203125
5 0.2216796875 0.39501953125 0.06005859375 0.0263671875
5 0.091796875 0.50830078125 0.044921875 0.02880859375
4 0.19580078125 0.337890625 0.2451171875 0.0576171875
4 0.13525390625 0.4443359375 0.12451171875 0.056640625
4 0.2587890625 0.44482421875 0.12158203125 0.05517578125
2 0.1962890625 0.5546875 0.244140625 0.056640625
0 0.28662109375 0.64013671875 0.06494140625 0.05419921875
5 0.97705078125 0.04638671875 0.03125 0.0302734375
5 0.92919921875 0.048828125 0.037109375 0.02783203125
5 0.88232421875 0.0498046875 0.03076171875 0.03662109375
5 0.80810546875 0.04833984375 0.08349609375 0.0263671875
5 0.72412109375 0.05078125 0.0615234375 0.03125
5 0.65576171875 0.0478515625 0.03662109375 0.0302734375
5 0.59423828125 0.048828125 0.0693359375 0.03515625