3 0.40625 0.13671875 0.0390625 0.03564453125
4 0.2265625 0.14111328125 0.4052734375 0.03955078125
1 0.07080078125 0.1845703125 0.0234375 0.02392578125
1 0.07177734375 0.22802734375 0.025390625 0.02392578125
1 0.0703125 0.27099609375 0.02197265625 0.02587890625
1 0.07080078125 0.3134765625 0.0234375 0.02783203125
1 0.07080078125 0.35888671875 0.0234375 0.02392578125
1 0.07177734375 0.40087890625 0.025390625 0.02392578125
1 0.07080078125 0.4453125 0.02685546875 0.02587890625
1 0.07177734375 0.4892578125 0.025390625 0.02587890625
1 0.07177734375 0.53271484375 0.025390625 0.02587890625
1 0.07080078125 0.5771484375 0.02685546875 0.02783203125
1 0.0703125 0.6201171875 0.025390625 0.02587890625
1 0.07080078125 0.66259765625 0.0234375 0.02392578125
1 0.07080078125 0.70751953125 0.0234375 0.02587890625
1 0.07080078125 0.7509765625 0.02685546875 0.02587890625
1 0.07177734375 0.79443359375 0.025390625 0.02587890625
1 0.07080078125 0.83740234375 0.0234375 0.02783203125
1 0.0703125 0.8828125 0.025390625 0.02783203125
1 0.07080078125 0.9248046875 0.0234375 0.02783203125
1 0.07080078125 0.97021484375 0.02685546875 0.02783203125
5 0.26611328125 0.1865234375 0.3330078125 0.02783203125
5 0.22021484375 0.22705078125 0.24169921875 0.02978515625
5 0.26708984375 0.27392578125 0.33447265625 0.02392578125
5 0.2138671875 0.3173828125 0.22802734375 0.03173828125
5 0.25830078125 0.361328125 0.32080078125 0.02392578125
5 0.2177734375 0.40283203125 0.23974609375 0.03173828125
5 0.2607421875 0.4501953125 0.32958984375 0.03173828125
5 0.21728515625 0.4912109375 0.24169921875 0.02978515625
5 0.26416015625 0.53662109375 0.3330078125 0.03369140625
5 0.212890625 0.57958984375 0.2265625 0.02783203125
5 0.2578125 0.6240234375 0.3193359375 0.02978515625
5 0.29638671875 0.66650390625 0.3935546875 0.02392578125
5 0.15185546875 0.71240234375 0.10791015625 0.02392578125
5 0.26171875 0.751953125 0.32763671875 0.02783203125
5 0.14208984375 0.79541015625 0.087890625 0.03173828125
5 0.23828125 0.84033203125 0.2802734375 0.02587890625
5 0.2255859375 0.884765625 0.2548828125 0.02392578125
5 0.3369140625 0.9267578125 0.47802734375 0.02783203125
5 0.19921875 0.96923828125 0.20263671875 0.03369140625