1 0.3818359375 0.634765625 0.025390625 0.037109375
1 0.4794921875 0.63427734375 0.025390625 0.0380859375
1 0.44677734375 0.63525390625 0.0244140625 0.0400390625
1 0.416015625 0.634765625 0.02734375 0.0390625
6 0.38134765625 0.7158203125 0.0263671875 0.0390625
6 0.41455078125 0.716796875 0.0244140625 0.03515625
6 0.44580078125 0.7158203125 0.0224609375 0.0390625
6 0.4775390625 0.7158203125 0.021484375 0.037109375
7 0.38671875 0.1474609375 0.037109375 0.033203125
7 0.42626953125 0.1455078125 0.0322265625 0.033203125
7 0.4677734375 0.14599609375 0.033203125 0.0341796875
7 0.50634765625 0.14697265625 0.0341796875 0.0341796875
7 0.38623046875 0.2216796875 0.0341796875 0.03125
7 0.42724609375 0.2236328125 0.0322265625 0.033203125
7 0.46435546875 0.22412109375 0.0341796875 0.0361328125
7 0.5048828125 0.22412109375 0.03515625 0.0361328125
7 0.38671875 0.47412109375 0.029296875 0.0322265625
7 0.427734375 0.47509765625 0.03515625 0.0322265625
7 0.4658203125 0.474609375 0.033203125 0.03515625
7 0.50634765625 0.47412109375 0.0322265625 0.0361328125
7 0.38623046875 0.552734375 0.0302734375 0.0390625
7 0.42626953125 0.55224609375 0.0322265625 0.0361328125
7 0.46630859375 0.5517578125 0.0322265625 0.037109375
7 0.50634765625 0.55224609375 0.0341796875 0.0380859375
1 0.3818359375 0.30859375 0.0234375 0.037109375
1 0.4140625 0.30810546875 0.021484375 0.0380859375
1 0.4462890625 0.30810546875 0.025390625 0.0380859375
1 0.47900390625 0.30859375 0.0224609375 0.0390625
6 0.38232421875 0.3896484375 0.0224609375 0.037109375
6 0.4130859375 0.390625 0.0234375 0.0390625
6 0.447265625 0.388671875 0.0234375 0.041015625
6 0.47900390625 0.38916015625 0.0244140625 0.0400390625