6 0.13623046875 0.81103515625 0.0478515625 0.0732421875
6 0.2333984375 0.8056640625 0.03515625 0.064453125
6 0.328125 0.8056640625 0.029296875 0.064453125
6 0.42138671875 0.81201171875 0.0283203125 0.0478515625
6 0.4052734375 0.412109375 0.03125 0.048828125
6 0.3125 0.412109375 0.037109375 0.064453125
6 0.22021484375 0.41015625 0.0478515625 0.064453125
6 0.1201171875 0.40966796875 0.046875 0.0732421875
1 0.60302734375 0.41064453125 0.0458984375 0.0791015625
1 0.70263671875 0.40771484375 0.0419921875 0.0615234375
1 0.796875 0.41015625 0.04296875 0.060546875
1 0.88916015625 0.4140625 0.0419921875 0.056640625
1 0.60498046875 0.8134765625 0.0517578125 0.068359375
1 0.701171875 0.814453125 0.046875 0.0625
1 0.7978515625 0.8154296875 0.03125 0.0546875
1 0.88916015625 0.8134765625 0.0341796875 0.0546875