1 0.27294921875 0.45068359375 0.0576171875 0.0302734375
1 0.14013671875 0.44921875 0.0556640625 0.033203125
1 0.40283203125 0.4501953125 0.0576171875 0.03515625
1 0.53271484375 0.45068359375 0.0556640625 0.0322265625
1 0.16748046875 0.3203125 0.0517578125 0.02734375
1 0.35595703125 0.3212890625 0.0517578125 0.029296875
1 0.18115234375 0.208984375 0.0537109375 0.03125
1 0.40625 0.20703125 0.0546875 0.03125
1 0.10595703125 0.208984375 0.0498046875 0.029296875
1 0.32958984375 0.20703125 0.0537109375 0.033203125
1 0.25732421875 0.20849609375 0.0498046875 0.0283203125
1 0.2314453125 0.32080078125 0.0546875 0.0302734375
1 0.29345703125 0.31884765625 0.0517578125 0.0283203125
1 0.1044921875 0.318359375 0.05078125 0.029296875
1 0.66748046875 0.4521484375 0.0576171875 0.0390625