5 0.31591796875 0.18798828125 0.0517578125 0.02294921875
5 0.31494140625 0.267578125 0.046875 0.02001953125
5 0.32666015625 0.34814453125 0.06689453125 0.02001953125
5 0.60400390625 0.30908203125 0.04833984375 0.017578125
5 0.60107421875 0.39453125 0.04833984375 0.02001953125
5 0.62060546875 0.4853515625 0.08154296875 0.02294921875
5 0.5966796875 0.578125 0.02685546875 0.017578125
5 0.61328125 0.6591796875 0.06689453125 0.02294921875
5 0.64990234375 0.74560546875 0.14013671875 0.02294921875
5 0.642578125 0.77734375 0.1181640625 0.02880859375
0 0.6435546875 0.82373046875 0.08642578125 0.04052734375
0 0.35400390625 0.39453125 0.091796875 0.04345703125
0 0.35595703125 0.77001953125 0.1181640625 0.0546875
0 0.35400390625 0.833984375 0.1181640625 0.0546875
4 0.3564453125 0.22705078125 0.16650390625 0.04931640625
4 0.35595703125 0.3046875 0.16845703125 0.0546875
4 0.6416015625 0.34375 0.169921875 0.05224609375
4 0.642578125 0.4306640625 0.171875 0.05224609375
4 0.6435546875 0.52001953125 0.16650390625 0.04638671875
4 0.6435546875 0.6083984375 0.169921875 0.04931640625
4 0.64404296875 0.6962890625 0.171875 0.04638671875
6 0.57421875 0.74267578125 0.01171875 0.02880859375
6 0.5751953125 0.77587890625 0.009765625 0.02587890625
6 0.28564453125 0.3466796875 0.01171875 0.02294921875
3 0.2841796875 0.18505859375 0.01513671875 0.02294921875
3 0.28515625 0.267578125 0.009765625 0.02001953125
3 0.5732421875 0.30615234375 0.01318359375 0.02294921875
3 0.57177734375 0.39599609375 0.009765625 0.02294921875
3 0.57177734375 0.4853515625 0.009765625 0.02880859375
3 0.57080078125 0.572265625 0.01513671875 0.02880859375
3 0.572265625 0.65771484375 0.01171875 0.02587890625