5 0.166015625 0.03271484375 0.302734375 0.04052734375
5 0.15234375 0.15283203125 0.2998046875 0.03515625
5 0.103515625 0.357421875 0.177734375 0.0380859375
5 0.072265625 0.4765625 0.134765625 0.04052734375
5 0.0888671875 0.591796875 0.16748046875 0.0419921875
5 0.13232421875 0.70654296875 0.2451171875 0.04052734375
5 0.1298828125 0.2900390625 0.2451171875 0.0419921875
0 0.18603515625 0.93115234375 0.33740234375 0.10302734375
4 0.50146484375 0.0927734375 0.96240234375 0.05810546875
4 0.50146484375 0.208984375 0.95751953125 0.05810546875
4 0.5 0.41455078125 0.9599609375 0.06103515625
4 0.50244140625 0.53173828125 0.9599609375 0.056640625
4 0.50146484375 0.64892578125 0.96240234375 0.05810546875
4 0.49853515625 0.7666015625 0.96240234375 0.05810546875