5 0.224609375 0.17822265625 0.10986328125 0.03173828125
5 0.22998046875 0.22802734375 0.0703125 0.02099609375
5 0.228515625 0.29345703125 0.06982421875 0.02001953125
5 0.22607421875 0.35986328125 0.05517578125 0.02099609375
5 0.240234375 0.46728515625 0.14453125 0.0234375
6 0.1787109375 0.22802734375 0.0234375 0.03076171875
6 0.17724609375 0.29296875 0.02587890625 0.03271484375
6 0.1767578125 0.357421875 0.0234375 0.03271484375
5 0.19189453125 0.7294921875 0.04296875 0.02099609375
5 0.197265625 0.87890625 0.05517578125 0.02099609375
4 0.32763671875 0.779296875 0.3427734375 0.0625
4 0.673828125 0.779296875 0.34375 0.0625
4 0.49951171875 0.9306640625 0.69189453125 0.06103515625
3 0.17431640625 0.9306640625 0.01708984375 0.01904296875
5 0.49951171875 0.07958984375 0.15966796875 0.03662109375