4 0.52783203125 0.51171875 0.5673828125 0.03515625
4 0.52294921875 0.583984375 0.5712890625 0.03369140625
5 0.40576171875 0.47802734375 0.353515625 0.02587890625
5 0.4091796875 0.55126953125 0.349609375 0.0244140625
5 0.49560546875 0.62353515625 0.52587890625 0.0263671875
2 0.52587890625 0.6572265625 0.5712890625 0.0302734375
0 0.52587890625 0.70654296875 0.5712890625 0.048828125
3 0.15478515625 0.12890625 0.08740234375 0.03955078125
3 0.1083984375 0.251953125 0.04150390625 0.01806640625
3 0.8154296875 0.90966796875 0.05810546875 0.03955078125
3 0.9287109375 0.81982421875 0.04833984375 0.03076171875
7 0.09716796875 0.0322265625 0.13330078125 0.0380859375
3 0.92578125 0.9111328125 0.0595703125 0.03369140625
3 0.7841796875 0.0341796875 0.0654296875 0.03076171875
3 0.8544921875 0.0322265625 0.06640625 0.03515625
3 0.9375 0.033203125 0.0556640625 0.0322265625
3 0.634765625 0.0322265625 0.03759765625 0.029296875