5 0.3759765625 0.2626953125 0.19677734375 0.04541015625
5 0.3701171875 0.47509765625 0.076171875 0.025390625
5 0.36865234375 0.5791015625 0.07421875 0.046875
5 0.365234375 0.6748046875 0.07958984375 0.04541015625
5 0.365234375 0.76953125 0.083984375 0.0478515625
0 0.82470703125 0.146484375 0.07421875 0.06689453125
0 0.9072265625 0.1474609375 0.0908203125 0.0654296875
4 0.53076171875 0.1474609375 0.513671875 0.06787109375
5 0.12890625 0.36572265625 0.10693359375 0.033203125
5 0.11865234375 0.46484375 0.05859375 0.025390625
5 0.1044921875 0.53759765625 0.03173828125 0.0244140625
3 0.07568359375 0.46435546875 0.017578125 0.02685546875
3 0.07470703125 0.53515625 0.01806640625 0.02978515625
3 0.857421875 0.267578125 0.015625 0.02685546875
3 0.8916015625 0.27001953125 0.01708984375 0.0244140625
3 0.873046875 0.08544921875 0.01171875 0.0244140625
3 0.91064453125 0.0859375 0.013671875 0.02099609375
3 0.2958984375 0.0859375 0.01806640625 0.02783203125
3 0.2548828125 0.1484375 0.01953125 0.0322265625
3 0.197265625 0.3662109375 0.0224609375 0.03662109375
3 0.29833984375 0.1474609375 0.02197265625 0.03662109375