0 0.13232421875 0.21337890625 0.0693359375 0.05419921875
0 0.21044921875 0.2119140625 0.0771484375 0.05126953125
0 0.2939453125 0.21435546875 0.0810546875 0.05712890625
0 0.38330078125 0.21435546875 0.08837890625 0.048828125
0 0.4951171875 0.21337890625 0.1298828125 0.048828125
0 0.94580078125 0.0859375 0.07275390625 0.0556640625
3 0.89404296875 0.0859375 0.01806640625 0.0361328125
0 0.63330078125 0.3291015625 0.15087890625 0.052734375
3 0.8779296875 0.2998046875 0.0185546875 0.033203125
5 0.2041015625 0.33251953125 0.1357421875 0.0400390625
5 0.18505859375 0.3994140625 0.10302734375 0.029296875
4 0.42431640625 0.44580078125 0.5703125 0.052734375
0 0.189453125 0.53955078125 0.10693359375 0.0625
3 0.16015625 0.69287109375 0.015625 0.03076171875
3 0.1591796875 0.77001953125 0.0205078125 0.029296875
3 0.16064453125 0.85009765625 0.01806640625 0.03076171875
3 0.15966796875 0.92578125 0.01953125 0.029296875
3 0.6865234375 0.6923828125 0.01171875 0.029296875
3 0.68505859375 0.76513671875 0.01416015625 0.04736328125
3 0.6865234375 0.84912109375 0.0107421875 0.029296875
3 0.68701171875 0.92626953125 0.01171875 0.033203125
5 0.2392578125 0.67626953125 0.125 0.02783203125
5 0.22509765625 0.7548828125 0.0966796875 0.03173828125
5 0.23291015625 0.83251953125 0.1064453125 0.03759765625
5 0.24560546875 0.90771484375 0.1318359375 0.0263671875
5 0.306640625 0.984375 0.255859375 0.03125