3 0.03515625 0.0234375 0.0361328125 0.0283203125
3 0.11279296875 0.0224609375 0.033203125 0.02197265625
3 0.18017578125 0.0234375 0.0283203125 0.02197265625
0 0.1201171875 0.072265625 0.1123046875 0.0517578125
5 0.2392578125 0.0732421875 0.08154296875 0.0205078125
5 0.32080078125 0.07373046875 0.04345703125 0.01708984375
5 0.40087890625 0.0732421875 0.07763671875 0.0185546875
5 0.486328125 0.07373046875 0.0419921875 0.017578125
5 0.55078125 0.0732421875 0.04736328125 0.0185546875
5 0.64794921875 0.0732421875 0.1025390625 0.021484375
5 0.76318359375 0.072265625 0.08251953125 0.02001953125
5 0.18212890625 0.1845703125 0.17041015625 0.0244140625
5 0.2353515625 0.28662109375 0.1103515625 0.0166015625
5 0.14013671875 0.40185546875 0.078125 0.017578125
5 0.1279296875 0.47265625 0.05615234375 0.0205078125
5 0.41845703125 0.400390625 0.10400390625 0.01953125
5 0.40771484375 0.47265625 0.064453125 0.02197265625
5 0.6962890625 0.39892578125 0.0947265625 0.0205078125
5 0.19677734375 0.595703125 0.1943359375 0.01953125
5 0.15283203125 0.63818359375 0.10546875 0.017578125
5 0.4208984375 0.63720703125 0.09716796875 0.01708984375
5 0.7060546875 0.6376953125 0.13037109375 0.0185546875
5 0.17822265625 0.75927734375 0.15771484375 0.02099609375
5 0.14892578125 0.7998046875 0.0888671875 0.01416015625
5 0.38330078125 0.79931640625 0.10302734375 0.02001953125
5 0.5947265625 0.80322265625 0.05712890625 0.017578125
0 0.85791015625 0.19482421875 0.0791015625 0.03662109375
0 0.4423828125 0.30615234375 0.095703125 0.03759765625
0 0.84814453125 0.83154296875 0.0947265625 0.0341796875
4 0.22900390625 0.43115234375 0.24560546875 0.03955078125
4 0.4990234375 0.43212890625 0.24462890625 0.0380859375
4 0.7734375 0.43310546875 0.24853515625 0.03564453125
4 0.77392578125 0.66748046875 0.24951171875 0.0341796875
4 0.2119140625 0.8310546875 0.21875 0.037109375
4 0.4443359375 0.833984375 0.2158203125 0.03857421875
4 0.6787109375 0.8310546875 0.2177734375 0.037109375
2 0.2265625 0.50537109375 0.248046875 0.033203125
2 0.49951171875 0.50439453125 0.2490234375 0.03662109375
2 0.22802734375 0.66796875 0.25048828125 0.03759765625
2 0.50048828125 0.66845703125 0.24560546875 0.0361328125