1 0.3818359375 0.2646484375 0.0625 0.05859375
1 0.3779296875 0.3779296875 0.0625 0.05078125
1 0.38134765625 0.49609375 0.0654296875 0.06640625
1 0.380859375 0.6142578125 0.056640625 0.060546875
1 0.37939453125 0.73046875 0.0576171875 0.0625
5 0.5029296875 0.263671875 0.126953125 0.048828125
5 0.42333984375 0.12158203125 0.1591796875 0.0498046875
5 0.50927734375 0.37548828125 0.1240234375 0.0556640625
5 0.48974609375 0.498046875 0.0966796875 0.052734375
5 0.5078125 0.61572265625 0.130859375 0.0478515625
5 0.5107421875 0.7265625 0.12890625 0.0625