7 0.88427734375 0.09033203125 0.1923828125 0.0810546875
7 0.8779296875 0.1826171875 0.197265625 0.095703125
7 0.673828125 0.1826171875 0.1953125 0.103515625
7 0.6669921875 0.08837890625 0.185546875 0.0771484375
7 0.67626953125 0.38134765625 0.1806640625 0.0693359375
7 0.873046875 0.380859375 0.177734375 0.06640625
7 0.8701171875 0.46875 0.177734375 0.072265625
7 0.67041015625 0.470703125 0.1787109375 0.06640625
7 0.90185546875 0.83935546875 0.1376953125 0.0732421875
7 0.904296875 0.93017578125 0.138671875 0.0732421875
7 0.4052734375 0.31201171875 0.224609375 0.0908203125
7 0.4091796875 0.43603515625 0.228515625 0.1005859375
7 0.1494140625 0.43212890625 0.232421875 0.0966796875
7 0.146484375 0.31298828125 0.224609375 0.0947265625
7 0.3984375 0.19287109375 0.228515625 0.0947265625
7 0.40283203125 0.0810546875 0.2275390625 0.0859375
7 0.1455078125 0.078125 0.2265625 0.09375
7 0.14453125 0.1904296875 0.228515625 0.09765625
7 0.150390625 0.5556640625 0.220703125 0.091796875
7 0.40771484375 0.55419921875 0.2236328125 0.0888671875
7 0.408203125 0.68017578125 0.228515625 0.0947265625
7 0.40673828125 0.79833984375 0.2216796875 0.0927734375
7 0.4072265625 0.91943359375 0.21875 0.0908203125
7 0.146484375 0.67919921875 0.22265625 0.0888671875
7 0.14306640625 0.7998046875 0.2255859375 0.083984375
7 0.142578125 0.91748046875 0.2265625 0.0927734375
7 0.66845703125 0.28955078125 0.1845703125 0.0693359375
7 0.8740234375 0.2861328125 0.18359375 0.076171875