2 0.7734375 0.4736328125 0.328125 0.072265625
1 0.619140625 0.64208984375 0.025390625 0.0556640625
1 0.619140625 0.70263671875 0.025390625 0.0537109375
1 0.6201171875 0.76318359375 0.025390625 0.0498046875
1 0.6181640625 0.822265625 0.021484375 0.048828125
1 0.62060546875 0.884765625 0.0244140625 0.05078125
1 0.62744140625 0.19677734375 0.0263671875 0.0517578125
5 0.66796875 0.64599609375 0.05859375 0.0439453125
5 0.654296875 0.70556640625 0.03125 0.0419921875
5 0.65673828125 0.765625 0.0419921875 0.044921875
5 0.66015625 0.82763671875 0.048828125 0.0439453125
5 0.6572265625 0.88623046875 0.041015625 0.0419921875
4 0.73486328125 0.37353515625 0.2587890625 0.1005859375
4 0.75390625 0.03564453125 0.294921875 0.0654296875
1 0.8876953125 0.3720703125 0.025390625 0.05859375