5 0.22607421875 0.083984375 0.0439453125 0.02294921875
5 0.2255859375 0.2060546875 0.0458984375 0.02294921875
5 0.234375 0.32177734375 0.060546875 0.02783203125
5 0.21728515625 0.44091796875 0.02783203125 0.02392578125
5 0.2236328125 0.5595703125 0.0419921875 0.0205078125
5 0.240234375 0.6806640625 0.07763671875 0.02783203125
5 0.56640625 0.6806640625 0.07958984375 0.02783203125
5 0.5498046875 0.56201171875 0.0498046875 0.025390625
5 0.53955078125 0.44091796875 0.02783203125 0.02197265625
5 0.560546875 0.32373046875 0.06787109375 0.01953125
5 0.54931640625 0.20361328125 0.0458984375 0.0205078125
5 0.5498046875 0.0859375 0.04638671875 0.01953125
4 0.33935546875 0.13427734375 0.26953125 0.05078125
4 0.33984375 0.2529296875 0.27001953125 0.056640625
4 0.34033203125 0.37158203125 0.26904296875 0.0517578125
4 0.3408203125 0.48779296875 0.26904296875 0.0556640625
4 0.33984375 0.60888671875 0.26953125 0.05322265625
4 0.33935546875 0.7265625 0.26953125 0.05419921875
4 0.6630859375 0.134765625 0.26953125 0.05419921875
4 0.6630859375 0.25048828125 0.26953125 0.05419921875
4 0.66357421875 0.37158203125 0.2685546875 0.0517578125
4 0.66357421875 0.48974609375 0.26708984375 0.05419921875
4 0.6640625 0.611328125 0.2685546875 0.0556640625
4 0.6630859375 0.72802734375 0.26953125 0.05078125
0 0.25 0.8134765625 0.09326171875 0.05419921875
0 0.328125 0.81298828125 0.052734375 0.05078125
0 0.55615234375 0.8154296875 0.05615234375 0.05810546875
0 0.61572265625 0.81396484375 0.056640625 0.05810546875