2 0.11376953125 0.23095703125 0.2080078125 0.1376953125
2 0.11328125 0.5556640625 0.21484375 0.15234375
2 0.125 0.87841796875 0.23828125 0.1396484375
2 0.3642578125 0.2294921875 0.212890625 0.134765625
2 0.3623046875 0.55126953125 0.2109375 0.1416015625
2 0.37646484375 0.87548828125 0.2333984375 0.1494140625
2 0.6171875 0.23046875 0.21484375 0.14453125
2 0.61376953125 0.5537109375 0.2119140625 0.158203125
2 0.62646484375 0.8740234375 0.2373046875 0.140625
2 0.86767578125 0.232421875 0.2119140625 0.150390625
2 0.86865234375 0.552734375 0.2119140625 0.154296875
2 0.87744140625 0.8720703125 0.2275390625 0.142578125