2 0.7529296875 0.2978515625 0.27734375 0.072265625
6 0.75146484375 0.13427734375 0.2763671875 0.0693359375
4 0.24462890625 0.42529296875 0.2744140625 0.0712890625
4 0.2451171875 0.515625 0.275390625 0.072265625
0 0.16796875 0.134765625 0.12109375 0.068359375
0 0.302734375 0.1337890625 0.12109375 0.064453125
0 0.44287109375 0.1337890625 0.1201171875 0.068359375
7 0.498046875 0.27880859375 0.06640625 0.0458984375
7 0.5029296875 0.33837890625 0.064453125 0.0478515625
1 0.47607421875 0.42822265625 0.0263671875 0.0322265625
6 0.47705078125 0.521484375 0.0322265625 0.037109375