5 0.07861328125 0.0537109375 0.0810546875 0.03466796875
4 0.2421875 0.12158203125 0.404296875 0.0732421875
4 0.6591796875 0.12158203125 0.4052734375 0.0771484375
5 0.65869140625 0.20361328125 0.1015625 0.03466796875
5 0.5517578125 0.20263671875 0.087890625 0.03662109375
5 0.4892578125 0.0556640625 0.0634765625 0.03466796875
5 0.07421875 0.20703125 0.07470703125 0.0322265625
5 0.31103515625 0.2060546875 0.07470703125 0.03857421875
5 0.09912109375 0.3623046875 0.12939453125 0.03857421875
5 0.12841796875 0.42919921875 0.0966796875 0.03857421875
0 0.0927734375 0.58935546875 0.1103515625 0.099609375
1 0.046875 0.43212890625 0.0224609375 0.03662109375
1 0.2041015625 0.43115234375 0.01904296875 0.03466796875
2 0.55224609375 0.27197265625 0.08447265625 0.0771484375
2 0.65869140625 0.27099609375 0.103515625 0.0751953125
4 0.150390625 0.27099609375 0.220703125 0.0751953125
4 0.38525390625 0.27197265625 0.22509765625 0.0810546875