2 0.66259765625 0.568359375 0.591796875 0.08544921875
5 0.40234375 0.50146484375 0.0751953125 0.03125
5 0.484375 0.6533203125 0.23486328125 0.03955078125
0 0.546875 0.890625 0.2734375 0.0654296875
0 0.82763671875 0.8935546875 0.27490234375 0.07080078125
4 0.66064453125 0.72021484375 0.58837890625 0.07080078125
5 0.51513671875 0.42919921875 0.080078125 0.04541015625
5 0.1142578125 0.212890625 0.06494140625 0.02294921875
5 0.16650390625 0.29541015625 0.169921875 0.03955078125
5 0.2607421875 0.212890625 0.1083984375 0.03955078125
5 0.39501953125 0.2060546875 0.05322265625 0.025390625
5 0.4990234375 0.21044921875 0.05810546875 0.0341796875
5 0.62158203125 0.208984375 0.080078125 0.025390625
5 0.7373046875 0.21044921875 0.04150390625 0.0283203125
5 0.86767578125 0.212890625 0.10498046875 0.0341796875
3 0.57080078125 0.208984375 0.02490234375 0.03125
3 0.705078125 0.20751953125 0.0234375 0.0283203125
3 0.79931640625 0.21044921875 0.02490234375 0.04541015625
3 0.45849609375 0.20751953125 0.0234375 0.04541015625
6 0.35400390625 0.20751953125 0.021484375 0.03955078125
3 0.19091796875 0.20751953125 0.0283203125 0.0625
3 0.06494140625 0.2939453125 0.02685546875 0.04833984375
3 0.06591796875 0.208984375 0.03173828125 0.05419921875