0 0.80322265625 0.8876953125 0.12451171875 0.04248046875
0 0.88623046875 0.1044921875 0.06494140625 0.0341796875
0 0.19677734375 0.8876953125 0.12646484375 0.04248046875
1 0.32666015625 0.62255859375 0.01953125 0.02490234375
1 0.14453125 0.70654296875 0.021484375 0.02685546875
5 0.39501953125 0.6240234375 0.10009765625 0.0166015625
5 0.20361328125 0.70703125 0.08740234375 0.01904296875
5 0.18115234375 0.2119140625 0.056640625 0.02734375
5 0.28662109375 0.21240234375 0.04833984375 0.02490234375
5 0.39111328125 0.21142578125 0.05126953125 0.029296875
5 0.50048828125 0.21240234375 0.048828125 0.02685546875
5 0.2685546875 0.1064453125 0.07373046875 0.0166015625
5 0.3564453125 0.1064453125 0.064453125 0.0166015625
5 0.45458984375 0.10595703125 0.087890625 0.0166015625
5 0.56201171875 0.10546875 0.0869140625 0.015625
5 0.66357421875 0.1064453125 0.078125 0.01416015625
5 0.73828125 0.10595703125 0.037109375 0.01513671875