5 0.380859375 0.1669921875 0.11669921875 0.05712890625
5 0.3662109375 0.3232421875 0.0732421875 0.02978515625
5 0.36376953125 0.49609375 0.0654296875 0.02001953125
7 0.61181640625 0.36474609375 0.048828125 0.04296875
7 0.61279296875 0.5341796875 0.048828125 0.04736328125
7 0.6123046875 0.6728515625 0.05126953125 0.04248046875
7 0.7119140625 0.6416015625 0.05078125 0.04833984375
7 0.8046875 0.64306640625 0.0556640625 0.04248046875
7 0.89453125 0.64208984375 0.05126953125 0.04443359375
5 0.7255859375 0.20654296875 0.07568359375 0.02783203125
5 0.09912109375 0.71240234375 0.0537109375 0.017578125
5 0.22998046875 0.7138671875 0.0498046875 0.01953125
5 0.095703125 0.81591796875 0.04248046875 0.015625
5 0.2275390625 0.81787109375 0.0478515625 0.021484375
0 0.1669921875 0.54150390625 0.2509765625 0.044921875
0 0.16796875 0.6025390625 0.25244140625 0.0458984375
0 0.82421875 0.74658203125 0.27197265625 0.04296875
0 0.8232421875 0.80712890625 0.2734375 0.0439453125
0 0.8232421875 0.8701171875 0.27685546875 0.04833984375
7 0.115234375 0.7509765625 0.07861328125 0.05615234375
7 0.23828125 0.75146484375 0.07275390625 0.05615234375
7 0.11328125 0.8544921875 0.07568359375 0.05908203125
7 0.2392578125 0.859375 0.07275390625 0.0546875