2 0.0810546875 0.0361328125 0.154296875 0.05419921875
5 0.0751953125 0.2314453125 0.033203125 0.0244140625
5 0.076171875 0.490234375 0.029296875 0.0205078125
5 0.07861328125 0.70947265625 0.03564453125 0.0234375
4 0.8828125 0.12890625 0.2333984375 0.06982421875
5 0.8154296875 0.21435546875 0.052734375 0.0205078125
5 0.9404296875 0.21484375 0.0615234375 0.02197265625
5 0.88623046875 0.2978515625 0.185546875 0.0439453125
5 0.80322265625 0.42578125 0.02685546875 0.01806640625
5 0.8037109375 0.689453125 0.03076171875 0.02197265625
5 0.88330078125 0.68896484375 0.0234375 0.01806640625
5 0.9599609375 0.6904296875 0.0234375 0.0205078125
5 0.9599609375 0.8271484375 0.03759765625 0.0205078125
5 0.88232421875 0.82763671875 0.0361328125 0.0166015625
5 0.8056640625 0.82568359375 0.0302734375 0.01806640625
5 0.8046875 0.96240234375 0.0244140625 0.015625
5 0.88134765625 0.9638671875 0.046875 0.01806640625
5 0.96044921875 0.96337890625 0.04248046875 0.0166015625
3 0.80517578125 0.9169921875 0.01416015625 0.0244140625
3 0.8828125 0.9169921875 0.0087890625 0.02197265625
3 0.9609375 0.9169921875 0.01513671875 0.02685546875
3 0.96044921875 0.779296875 0.013671875 0.0126953125
3 0.8828125 0.77880859375 0.0107421875 0.0244140625
3 0.8046875 0.78125 0.013671875 0.02197265625
3 0.8046875 0.64306640625 0.013671875 0.0244140625
3 0.88232421875 0.64404296875 0.01318359375 0.02587890625
3 0.96044921875 0.642578125 0.013671875 0.02587890625
3 0.8046875 0.37890625 0.013671875 0.02685546875
3 0.77734375 0.2998046875 0.01220703125 0.02685546875
4 0.21630859375 0.29541015625 0.30859375 0.06689453125
4 0.53662109375 0.294921875 0.31005859375 0.06591796875
4 0.37646484375 0.55078125 0.62890625 0.064453125
4 0.37548828125 0.7685546875 0.6240234375 0.06591796875
0 0.8642578125 0.0341796875 0.0654296875 0.052734375
0 0.947265625 0.03466796875 0.09716796875 0.05419921875
3 0.98046875 0.12890625 0.01708984375 0.03857421875