7 0.92333984375 0.72216796875 0.0771484375 0.0341796875
0 0.7822265625 0.068359375 0.171875 0.060546875
0 0.09765625 0.2099609375 0.134765625 0.05078125
0 0.2734375 0.349609375 0.173828125 0.048828125
0 0.125 0.494140625 0.189453125 0.052734375
0 0.1123046875 0.6357421875 0.1640625 0.052734375
0 0.0888671875 0.828125 0.119140625 0.048828125
4 0.4931640625 0.9462890625 0.9296875 0.05859375
5 0.10302734375 0.35107421875 0.1025390625 0.0361328125
5 0.28125 0.2080078125 0.177734375 0.037109375
5 0.166015625 0.1533203125 0.28515625 0.03125
5 0.09912109375 0.29443359375 0.1416015625 0.0361328125
5 0.14501953125 0.43359375 0.2333984375 0.03515625
5 0.060546875 0.0654296875 0.064453125 0.02734375
5 0.09814453125 0.580078125 0.1435546875 0.03515625
5 0.11962890625 0.720703125 0.1943359375 0.033203125
5 0.11181640625 0.7705078125 0.1650390625 0.037109375
5 0.1337890625 0.89111328125 0.220703125 0.0302734375
5 0.30078125 0.49365234375 0.09375 0.0283203125
5 0.353515625 0.634765625 0.251953125 0.033203125
5 0.21337890625 0.82763671875 0.0615234375 0.0341796875
3 0.9208984375 0.06640625 0.056640625 0.04296875