2 0.2275390625 0.783203125 0.326171875 0.08984375
1 0.77197265625 0.93310546875 0.0302734375 0.0751953125
0 0.8720703125 0.16064453125 0.078125 0.0869140625
0 0.95556640625 0.15869140625 0.0673828125 0.0830078125
0 0.88818359375 0.75146484375 0.1865234375 0.0712890625
3 0.0380859375 0.13330078125 0.029296875 0.0419921875
3 0.11767578125 0.1337890625 0.0302734375 0.04296875
3 0.18505859375 0.13037109375 0.0244140625 0.0478515625
3 0.265625 0.13330078125 0.025390625 0.0361328125
3 0.3408203125 0.1337890625 0.025390625 0.04296875
3 0.40185546875 0.13134765625 0.0283203125 0.0517578125
3 0.4560546875 0.13427734375 0.025390625 0.0361328125