5 0.087890625 0.14306640625 0.06298828125 0.068359375
5 0.08642578125 0.578125 0.0712890625 0.0537109375
5 0.69775390625 0.27783203125 0.0732421875 0.05517578125
5 0.67626953125 0.8447265625 0.04052734375 0.04052734375
5 0.69921875 0.05615234375 0.07861328125 0.05712890625
0 0.806640625 0.05859375 0.10546875 0.1171875
5 0.0703125 0.43017578125 0.048828125 0.04052734375
5 0.314453125 0.4326171875 0.04248046875 0.05517578125
5 0.09375 0.85693359375 0.087890625 0.05517578125
5 0.35205078125 0.86279296875 0.107421875 0.05712890625
4 0.17138671875 0.34619140625 0.23095703125 0.09765625
4 0.41943359375 0.34228515625 0.23193359375 0.09912109375
4 0.17138671875 0.77734375 0.23193359375 0.09765625
4 0.4169921875 0.775390625 0.2333984375 0.1005859375
4 0.828125 0.408203125 0.162109375 0.07470703125
4 0.8291015625 0.49609375 0.16259765625 0.078125
4 0.8291015625 0.5791015625 0.16259765625 0.078125
4 0.8291015625 0.666015625 0.16162109375 0.07958984375
4 0.830078125 0.7490234375 0.16162109375 0.0732421875
5 0.72119140625 0.74951171875 0.0380859375 0.0390625
5 0.7158203125 0.66748046875 0.02978515625 0.04052734375
5 0.7255859375 0.5830078125 0.0400390625 0.03759765625
5 0.71728515625 0.49658203125 0.02685546875 0.0439453125
5 0.720703125 0.41455078125 0.0380859375 0.029296875
7 0.68310546875 0.40185546875 0.0341796875 0.048828125
7 0.6806640625 0.48388671875 0.03662109375 0.04736328125
7 0.68359375 0.57080078125 0.03466796875 0.05859375
7 0.68115234375 0.6552734375 0.03857421875 0.06201171875
7 0.68212890625 0.74169921875 0.037109375 0.05517578125
1 0.6708984375 0.92333984375 0.0166015625 0.04248046875
5 0.71337890625 0.927734375 0.0546875 0.04052734375