1 0.54052734375 0.2587890625 0.0185546875 0.02685546875
1 0.5400390625 0.31787109375 0.017578125 0.02685546875
1 0.5400390625 0.37744140625 0.017578125 0.02783203125
1 0.5400390625 0.43798828125 0.017578125 0.0244140625
1 0.5400390625 0.49755859375 0.017578125 0.02685546875
1 0.54052734375 0.55712890625 0.0185546875 0.025390625
1 0.29931640625 0.19091796875 0.01611328125 0.02685546875
1 0.29931640625 0.2509765625 0.01904296875 0.02685546875
0 0.82275390625 0.93896484375 0.09716796875 0.0556640625
0 0.92919921875 0.93994140625 0.10009765625 0.05322265625
3 0.37890625 0.04052734375 0.021484375 0.02978515625
3 0.05322265625 0.12060546875 0.0146484375 0.02099609375
7 0.9423828125 0.1201171875 0.04541015625 0.033203125
5 0.88037109375 0.1220703125 0.06591796875 0.03125
3 0.0888671875 0.42724609375 0.01318359375 0.0390625
3 0.0888671875 0.486328125 0.01318359375 0.03662109375
3 0.08837890625 0.55078125 0.02001953125 0.02978515625
3 0.0888671875 0.60986328125 0.0205078125 0.03564453125
5 0.3857421875 0.1953125 0.1259765625 0.02685546875
5 0.3779296875 0.25439453125 0.11181640625 0.0224609375
5 0.14208984375 0.1220703125 0.14013671875 0.02880859375
5 0.19091796875 0.04296875 0.33642578125 0.0390625
3 0.24658203125 0.25390625 0.01318359375 0.03466796875
3 0.08837890625 0.30615234375 0.0224609375 0.03466796875