6 0.4619140625 0.505859375 0.037109375 0.029296875
6 0.46044921875 0.541015625 0.0400390625 0.025390625
6 0.46142578125 0.60888671875 0.0400390625 0.0341796875
6 0.45947265625 0.6748046875 0.0380859375 0.02734375
6 0.45654296875 0.7998046875 0.0361328125 0.029296875
1 0.47216796875 0.29736328125 0.0634765625 0.0439453125
6 0.4619140625 0.8349609375 0.041015625 0.02734375
6 0.46240234375 0.86962890625 0.0419921875 0.0283203125
6 0.46044921875 0.904296875 0.0439453125 0.02734375
6 0.4619140625 0.93994140625 0.041015625 0.0302734375
6 0.4599609375 0.9736328125 0.0390625 0.03125