5 0.744140625 0.173828125 0.04150390625 0.0146484375
5 0.74267578125 0.232421875 0.029296875 0.015625
5 0.52490234375 0.478515625 0.1767578125 0.02978515625
5 0.76953125 0.34228515625 0.04736328125 0.01318359375
5 0.96142578125 0.48828125 0.05908203125 0.0166015625
5 0.33984375 0.6376953125 0.0517578125 0.015625
5 0.330078125 0.68603515625 0.046875 0.01220703125
5 0.3291015625 0.72900390625 0.04345703125 0.015625
5 0.32470703125 0.76953125 0.0341796875 0.0146484375
5 0.33447265625 0.8134765625 0.04931640625 0.02001953125
5 0.326171875 0.87353515625 0.03564453125 0.017578125
5 0.51708984375 0.607421875 0.0625 0.025390625
5 0.71728515625 0.607421875 0.0458984375 0.01904296875
5 0.50390625 0.78857421875 0.107421875 0.025390625
5 0.92822265625 0.607421875 0.04833984375 0.01904296875
5 0.91064453125 0.79052734375 0.0859375 0.01904296875
5 0.166015625 0.21240234375 0.11083984375 0.0224609375
5 0.0986328125 0.1396484375 0.03076171875 0.01220703125
5 0.146484375 0.13818359375 0.02099609375 0.0146484375
5 0.19287109375 0.13818359375 0.03564453125 0.009765625
5 0.2392578125 0.13720703125 0.0234375 0.01220703125
5 0.28662109375 0.13671875 0.021484375 0.01318359375
5 0.470703125 0.13818359375 0.03173828125 0.0146484375
5 0.5302734375 0.1396484375 0.06396484375 0.0166015625
5 0.5927734375 0.14013671875 0.02734375 0.01123046875
5 0.57275390625 0.10107421875 0.017578125 0.01123046875
5 0.14404296875 0.31884765625 0.04345703125 0.017578125
5 0.22412109375 0.31884765625 0.04150390625 0.01318359375
5 0.30419921875 0.31982421875 0.0400390625 0.01318359375
5 0.384765625 0.3193359375 0.0400390625 0.0146484375
5 0.46435546875 0.31982421875 0.0439453125 0.0087890625
5 0.54638671875 0.31982421875 0.0390625 0.015625
4 0.34423828125 0.09912109375 0.2685546875 0.0244140625
3 0.5400390625 0.09716796875 0.021484375 0.02099609375
3 0.556640625 0.099609375 0.009765625 0.0146484375
3 0.599609375 0.09716796875 0.02392578125 0.0234375
4 0.8193359375 0.1962890625 0.18505859375 0.02783203125
4 0.81982421875 0.25390625 0.18408203125 0.02783203125
0 0.81982421875 0.3076171875 0.18310546875 0.02685546875
0 0.81982421875 0.400390625 0.18505859375 0.02978515625
7 0.7373046875 0.34130859375 0.015625 0.01123046875
0 0.33642578125 0.60595703125 0.115234375 0.0322265625
3 0.30078125 0.63623046875 0.01318359375 0.01904296875
3 0.29443359375 0.685546875 0.02099609375 0.02001953125
3 0.2939453125 0.72705078125 0.01318359375 0.02099609375
3 0.2939453125 0.7705078125 0.01513671875 0.01904296875
3 0.2939453125 0.8134765625 0.01513671875 0.017578125
3 0.29345703125 0.87158203125 0.01318359375 0.01904296875
3 0.4658203125 0.61572265625 0.01318359375 0.0244140625
3 0.6748046875 0.61669921875 0.01416015625 0.02001953125
3 0.88330078125 0.6171875 0.01318359375 0.01904296875
2 0.6865234375 0.7890625 0.08984375 0.02880859375
2 0.779296875 0.7900390625 0.08642578125 0.02880859375
4 0.7900390625 0.490234375 0.11181640625 0.03759765625
3 0.87646484375 0.4833984375 0.0224609375 0.03125
0 0.18505859375 0.38232421875 0.0517578125 0.0244140625
0 0.2314453125 0.3828125 0.029296875 0.0234375
0 0.41748046875 0.3818359375 0.0517578125 0.025390625
2 0.13232421875 0.3818359375 0.0439453125 0.025390625
2 0.27880859375 0.38232421875 0.0390625 0.02685546875
2 0.3212890625 0.38330078125 0.03564453125 0.0244140625
2 0.365234375 0.38330078125 0.0439453125 0.0244140625