4 0.259765625 0.28125 0.41943359375 0.07763671875
4 0.259765625 0.44677734375 0.419921875 0.080078125
4 0.7041015625 0.28125 0.421875 0.080078125
4 0.703125 0.44873046875 0.42138671875 0.08203125
0 0.10009765625 0.85009765625 0.10693359375 0.09130859375
0 0.8623046875 0.8505859375 0.10546875 0.08984375
5 0.1376953125 0.11279296875 0.18896484375 0.05908203125
5 0.0869140625 0.205078125 0.09521484375 0.05224609375
5 0.53271484375 0.205078125 0.0849609375 0.04541015625
5 0.548828125 0.37353515625 0.125 0.0400390625
5 0.076171875 0.541015625 0.0625 0.03564453125
5 0.06982421875 0.3740234375 0.04638671875 0.03466796875