7 0.31103515625 0.92138671875 0.03857421875 0.05615234375
5 0.3359375 0.12890625 0.09521484375 0.041015625
5 0.357421875 0.22900390625 0.103515625 0.0390625
5 0.3515625 0.38720703125 0.09521484375 0.037109375
5 0.52685546875 0.55224609375 0.0439453125 0.033203125
5 0.322265625 0.55419921875 0.03662109375 0.033203125
5 0.33544921875 0.71923828125 0.0576171875 0.033203125
5 0.814453125 0.55224609375 0.0693359375 0.037109375
5 0.3876953125 0.92041015625 0.09765625 0.03515625
5 0.09228515625 0.77587890625 0.14599609375 0.041015625
5 0.06982421875 0.65234375 0.10009765625 0.03515625
5 0.09228515625 0.5361328125 0.1298828125 0.0390625
5 0.1103515625 0.42724609375 0.166015625 0.05029296875
5 0.044921875 0.1787109375 0.056640625 0.06201171875
5 0.0439453125 0.05419921875 0.05908203125 0.06591796875
3 0.708984375 0.59814453125 0.017578125 0.05029296875
3 0.52978515625 0.76123046875 0.01513671875 0.04638671875
3 0.4775390625 0.92333984375 0.01318359375 0.041015625
3 0.40771484375 0.1298828125 0.0107421875 0.0390625