0 0.78759765625 0.74462890625 0.24853515625 0.05810546875
0 0.34423828125 0.74365234375 0.51220703125 0.05615234375
1 0.09912109375 0.6845703125 0.01904296875 0.02880859375
5 0.25634765625 0.689453125 0.2783203125 0.0234375
4 0.21240234375 0.6240234375 0.25146484375 0.048828125
4 0.47607421875 0.623046875 0.24853515625 0.05419921875
4 0.34228515625 0.326171875 0.513671875 0.046875
4 0.47216796875 0.3876953125 0.25146484375 0.05078125
4 0.4736328125 0.4501953125 0.24853515625 0.048828125
4 0.2119140625 0.44677734375 0.2529296875 0.052734375
4 0.21240234375 0.38671875 0.25146484375 0.052734375