2 0.20849609375 0.11474609375 0.3291015625 0.08349609375
0 0.20654296875 0.60498046875 0.255859375 0.123046875
0 0.2060546875 0.76025390625 0.2548828125 0.12060546875
0 0.20654296875 0.9208984375 0.255859375 0.12060546875
6 0.42724609375 0.11474609375 0.0439453125 0.07080078125
1 0.48779296875 0.11474609375 0.0400390625 0.0625
1 0.5400390625 0.11376953125 0.037109375 0.060546875
0 0.67919921875 0.11767578125 0.1748046875 0.0810546875
3 0.80712890625 0.11376953125 0.02001953125 0.02294921875
3 0.939453125 0.11376953125 0.02001953125 0.03564453125
4 0.8740234375 0.111328125 0.0732421875 0.0771484375
1 0.47412109375 0.939453125 0.025390625 0.033203125