3 0.54345703125 0.1455078125 0.0439453125 0.033203125
3 0.54638671875 0.1875 0.0458984375 0.03125
3 0.8837890625 0.02197265625 0.048828125 0.0322265625
1 0.5341796875 0.27294921875 0.04296875 0.0322265625
1 0.53173828125 0.3134765625 0.0419921875 0.025390625
1 0.53173828125 0.357421875 0.0380859375 0.029296875
1 0.53271484375 0.40283203125 0.0419921875 0.0263671875
1 0.53173828125 0.44775390625 0.0400390625 0.0244140625
2 0.75439453125 0.49560546875 0.4794921875 0.0419921875
2 0.75634765625 0.53955078125 0.4814453125 0.0400390625
4 0.7548828125 0.146484375 0.48046875 0.041015625
4 0.7548828125 0.18896484375 0.48046875 0.0361328125
0 0.75439453125 0.23193359375 0.4814453125 0.0361328125
0 0.75537109375 0.58251953125 0.4833984375 0.0380859375
0 0.75439453125 0.6259765625 0.4833984375 0.037109375
0 0.75537109375 0.66796875 0.4814453125 0.037109375
0 0.75439453125 0.71142578125 0.4794921875 0.0400390625
0 0.75439453125 0.755859375 0.4794921875 0.037109375
0 0.75537109375 0.79833984375 0.4755859375 0.0361328125
1 0.5341796875 0.83740234375 0.04296875 0.0263671875
5 0.13232421875 0.14404296875 0.2021484375 0.0283203125
5 0.15234375 0.1884765625 0.240234375 0.025390625
5 0.07763671875 0.23046875 0.0986328125 0.02734375
5 0.19970703125 0.27392578125 0.3427734375 0.0263671875
5 0.20068359375 0.3173828125 0.3447265625 0.02734375
5 0.1240234375 0.36181640625 0.189453125 0.0302734375
5 0.14013671875 0.4033203125 0.2177734375 0.0234375
5 0.17333984375 0.44873046875 0.2822265625 0.0263671875
5 0.11328125 0.4912109375 0.166015625 0.025390625
5 0.0966796875 0.53369140625 0.12890625 0.0302734375
5 0.08642578125 0.57958984375 0.0986328125 0.0302734375
5 0.0791015625 0.62255859375 0.09375 0.0263671875
5 0.12744140625 0.6669921875 0.1923828125 0.029296875
5 0.23681640625 0.70947265625 0.4111328125 0.0283203125
5 0.25048828125 0.7529296875 0.4384765625 0.02734375
5 0.16064453125 0.79638671875 0.2646484375 0.0302734375
5 0.1923828125 0.83984375 0.337890625 0.029296875