6 0.46875 0.69384765625 0.05078125 0.0986328125
6 0.66748046875 0.68798828125 0.0537109375 0.0966796875
6 0.8544921875 0.6904296875 0.056640625 0.095703125
1 0.0625 0.212890625 0.05078125 0.091796875
1 0.064453125 0.32763671875 0.048828125 0.0947265625
1 0.0615234375 0.455078125 0.05078125 0.08984375
5 0.19287109375 0.2099609375 0.1884765625 0.052734375
5 0.1611328125 0.33056640625 0.125 0.0673828125
5 0.20263671875 0.45654296875 0.2080078125 0.0537109375
5 0.55126953125 0.69091796875 0.1103515625 0.0576171875
5 0.74169921875 0.69140625 0.0849609375 0.05859375
5 0.92578125 0.69189453125 0.076171875 0.0498046875