5 0.10986328125 0.13330078125 0.037109375 0.03125
5 0.1103515625 0.31103515625 0.03564453125 0.03271484375
5 0.10986328125 0.48095703125 0.0361328125 0.02978515625
5 0.10986328125 0.654296875 0.037109375 0.03955078125
5 0.423828125 0.65673828125 0.048828125 0.0380859375
5 0.4169921875 0.4853515625 0.037109375 0.046875
5 0.416015625 0.31005859375 0.0341796875 0.03662109375
5 0.4169921875 0.13525390625 0.037109375 0.0380859375
5 0.72265625 0.13720703125 0.03857421875 0.03662109375
5 0.72314453125 0.30859375 0.03271484375 0.03662109375
5 0.7216796875 0.48291015625 0.0361328125 0.03125
5 0.7236328125 0.66015625 0.03662109375 0.03662109375
4 0.19287109375 0.21337890625 0.20166015625 0.11181640625
4 0.193359375 0.38525390625 0.19775390625 0.10498046875
4 0.193359375 0.5615234375 0.203125 0.10888671875
4 0.19287109375 0.73388671875 0.2021484375 0.1103515625
4 0.5 0.7314453125 0.20166015625 0.1064453125
4 0.49951171875 0.56103515625 0.20166015625 0.107421875
4 0.5 0.38818359375 0.20166015625 0.107421875
4 0.49951171875 0.21240234375 0.201171875 0.107421875
4 0.8056640625 0.7314453125 0.20166015625 0.10888671875
4 0.80615234375 0.56005859375 0.201171875 0.11181640625
4 0.80615234375 0.38671875 0.19775390625 0.10498046875
4 0.80615234375 0.21337890625 0.2021484375 0.10888671875