7 0.45703125 0.42822265625 0.056640625 0.0380859375
7 0.45458984375 0.70849609375 0.0458984375 0.0380859375
7 0.4541015625 0.50048828125 0.060546875 0.0458984375
7 0.45703125 0.5693359375 0.05859375 0.037109375
7 0.45703125 0.642578125 0.056640625 0.03125
7 0.45458984375 0.78076171875 0.0556640625 0.0400390625
7 0.45654296875 0.853515625 0.0537109375 0.037109375
7 0.45654296875 0.9248046875 0.0576171875 0.03515625
4 0.4990234375 0.03173828125 0.48046875 0.0439453125
3 0.0283203125 0.03369140625 0.02734375 0.0361328125
3 0.02880859375 0.12646484375 0.0361328125 0.0361328125
3 0.771484375 0.13134765625 0.021484375 0.0302734375
3 0.884765625 0.12890625 0.025390625 0.02734375
3 0.88525390625 0.208984375 0.0283203125 0.03125
3 0.9306640625 0.21044921875 0.025390625 0.0361328125
3 0.9755859375 0.21044921875 0.029296875 0.0283203125