4 0.7939453125 0.0517578125 0.0966796875 0.0498046875
0 0.85009765625 0.3515625 0.06591796875 0.03662109375
0 0.91455078125 0.353515625 0.04931640625 0.0400390625
0 0.9677734375 0.353515625 0.04052734375 0.0400390625
3 0.8837890625 0.0498046875 0.02197265625 0.046875
3 0.3076171875 0.0517578125 0.0185546875 0.04345703125
3 0.357421875 0.05517578125 0.02392578125 0.03662109375
3 0.25146484375 0.0517578125 0.03564453125 0.0498046875
3 0.19677734375 0.0517578125 0.013671875 0.03662109375
7 0.6865234375 0.51318359375 0.02734375 0.02685546875
3 0.97705078125 0.05322265625 0.02197265625 0.0400390625