3 0.11767578125 0.02734375 0.02099609375 0.02734375
3 0.1484375 0.02734375 0.0185546875 0.02294921875
4 0.0859375 0.0703125 0.16064453125 0.029296875
0 0.0859375 0.13525390625 0.15966796875 0.02880859375
5 0.0341796875 0.16552734375 0.03466796875 0.01611328125
3 0.19921875 0.0283203125 0.01123046875 0.01708984375
5 0.24951171875 0.02099609375 0.05224609375 0.0185546875
3 0.4111328125 0.02880859375 0.0185546875 0.02587890625
3 0.45361328125 0.03125 0.01513671875 0.02294921875
3 0.4833984375 0.029296875 0.01708984375 0.0234375
3 0.521484375 0.029296875 0.01416015625 0.0263671875
3 0.55029296875 0.02880859375 0.01416015625 0.02587890625
3 0.59228515625 0.029296875 0.015625 0.02685546875
3 0.62548828125 0.02880859375 0.01806640625 0.02392578125
3 0.6689453125 0.02978515625 0.01708984375 0.0234375
3 0.69873046875 0.029296875 0.01708984375 0.02587890625
3 0.7275390625 0.029296875 0.01708984375 0.0205078125
3 0.75732421875 0.0302734375 0.01611328125 0.025390625
2 0.8203125 0.02734375 0.05615234375 0.0302734375
3 0.8798828125 0.0283203125 0.01513671875 0.02197265625
3 0.982421875 0.029296875 0.0185546875 0.02587890625
0 0.87109375 0.0703125 0.08544921875 0.02734375
0 0.95703125 0.06982421875 0.08544921875 0.02783203125
3 0.84130859375 0.1044921875 0.01416015625 0.0205078125
3 0.86083984375 0.10400390625 0.0126953125 0.0185546875
3 0.87548828125 0.103515625 0.0048828125 0.017578125
3 0.88916015625 0.1044921875 0.0126953125 0.01806640625
3 0.9091796875 0.10400390625 0.01171875 0.0185546875
3 0.9287109375 0.1044921875 0.0126953125 0.01904296875
3 0.9482421875 0.103515625 0.01171875 0.017578125
3 0.96728515625 0.1044921875 0.01318359375 0.015625
3 0.986328125 0.10498046875 0.01220703125 0.01806640625
4 0.85791015625 0.1357421875 0.0439453125 0.02392578125
4 0.91357421875 0.1357421875 0.044921875 0.02392578125
4 0.970703125 0.13525390625 0.04541015625 0.0224609375
4 0.85791015625 0.16845703125 0.04541015625 0.025390625
4 0.91455078125 0.169921875 0.04638671875 0.02197265625
3 0.95703125 0.16845703125 0.013671875 0.01513671875
3 0.8857421875 0.16845703125 0.009765625 0.01513671875
3 0.982421875 0.1689453125 0.013671875 0.0166015625
3 0.59326171875 0.166015625 0.01708984375 0.02685546875
3 0.39404296875 0.4658203125 0.0224609375 0.029296875
3 0.46142578125 0.46728515625 0.02490234375 0.02392578125
3 0.517578125 0.46826171875 0.0263671875 0.02685546875