2 0.5 0.1083984375 0.310546875 0.052734375
2 0.82421875 0.111328125 0.30859375 0.0546875
2 0.17578125 0.1103515625 0.3125 0.060546875
2 0.17626953125 0.61865234375 0.3115234375 0.0556640625
2 0.49951171875 0.62255859375 0.3076171875 0.0556640625
1 0.37109375 0.17138671875 0.017578125 0.0205078125
1 0.369140625 0.22119140625 0.017578125 0.0224609375
1 0.369140625 0.27490234375 0.015625 0.0224609375
1 0.36962890625 0.328125 0.0185546875 0.025390625
1 0.369140625 0.376953125 0.01953125 0.0234375
1 0.36962890625 0.42822265625 0.0205078125 0.0244140625
1 0.6923828125 0.171875 0.01953125 0.021484375
1 0.69287109375 0.2255859375 0.0205078125 0.021484375
1 0.69189453125 0.27490234375 0.0185546875 0.0244140625
1 0.6923828125 0.32666015625 0.017578125 0.0244140625
1 0.69189453125 0.376953125 0.0185546875 0.0234375
1 0.69189453125 0.4287109375 0.0185546875 0.02734375
1 0.046875 0.736328125 0.021484375 0.021484375
1 0.046875 0.78759765625 0.021484375 0.0263671875
1 0.046875 0.837890625 0.021484375 0.0234375
1 0.04638671875 0.8896484375 0.0205078125 0.025390625
1 0.04638671875 0.93994140625 0.0205078125 0.0224609375
1 0.37060546875 0.73583984375 0.0205078125 0.0205078125
1 0.3701171875 0.78759765625 0.01953125 0.0244140625
1 0.369140625 0.83935546875 0.01953125 0.0263671875
1 0.369140625 0.88916015625 0.021484375 0.0263671875
1 0.369140625 0.94140625 0.017578125 0.0234375