5 0.57421875 0.27734375 0.01953125 0.0126953125
0 0.60498046875 0.27685546875 0.02880859375 0.025390625
5 0.400390625 0.27978515625 0.0390625 0.02001953125
5 0.3876953125 0.32568359375 0.01220703125 0.01416015625
5 0.38916015625 0.36376953125 0.0146484375 0.01513671875
5 0.388671875 0.40380859375 0.0166015625 0.0185546875
5 0.3984375 0.4443359375 0.03173828125 0.015625
4 0.51953125 0.32568359375 0.2001953125 0.02294921875
4 0.51904296875 0.36572265625 0.2001953125 0.02294921875
2 0.51953125 0.40478515625 0.19921875 0.02197265625
3 0.75830078125 0.10302734375 0.0087890625 0.01904296875