0 0.87744140625 0.22998046875 0.080078125 0.0400390625
4 0.74609375 0.2265625 0.1826171875 0.05322265625
0 0.4951171875 0.3583984375 0.1748046875 0.0634765625
0 0.68603515625 0.35498046875 0.17236328125 0.0634765625
5 0.43994140625 0.306640625 0.080078125 0.02001953125
5 0.42236328125 0.419921875 0.03515625 0.02001953125
5 0.43359375 0.5234375 0.0576171875 0.02001953125
5 0.44140625 0.6181640625 0.072265625 0.02978515625
5 0.69140625 0.77978515625 0.04248046875 0.02685546875
5 0.7060546875 0.6767578125 0.0673828125 0.033203125
5 0.70361328125 0.8818359375 0.0576171875 0.0166015625
4 0.59130859375 0.46484375 0.36767578125 0.0498046875
4 0.58984375 0.5634765625 0.3701171875 0.046875
4 0.52490234375 0.6650390625 0.240234375 0.0498046875
4 0.7998046875 0.8232421875 0.25 0.046875
4 0.7998046875 0.92333984375 0.25 0.046875
4 0.4775390625 0.80322265625 0.14013671875 0.05322265625