7 0.271484375 0.5087890625 0.0458984375 0.0458984375
0 0.28857421875 0.6103515625 0.080078125 0.068359375
0 0.38330078125 0.609375 0.080078125 0.06689453125
0 0.47900390625 0.611328125 0.08349609375 0.06982421875
6 0.7373046875 0.5087890625 0.0185546875 0.03662109375
6 0.82763671875 0.51025390625 0.02001953125 0.033203125
5 0.5751953125 0.6103515625 0.046875 0.02392578125
5 0.67138671875 0.61181640625 0.04736328125 0.0302734375
3 0.80908203125 0.61181640625 0.1484375 0.06494140625
5 0.177734375 0.83984375 0.0693359375 0.02880859375
4 0.16015625 0.73828125 0.08837890625 0.06689453125
1 0.12548828125 0.8388671875 0.017578125 0.033203125
1 0.125 0.9326171875 0.0185546875 0.0302734375
5 0.17578125 0.93017578125 0.068359375 0.025390625
5 0.77294921875 0.5087890625 0.041015625 0.0302734375
5 0.86279296875 0.51025390625 0.0390625 0.02392578125