2 0.5400390625 0.34375 0.771484375 0.107421875
3 0.111328125 0.19384765625 0.02734375 0.0556640625
3 0.11181640625 0.29443359375 0.0283203125 0.0556640625
3 0.11181640625 0.3994140625 0.0224609375 0.05078125
3 0.111328125 0.50244140625 0.02734375 0.0673828125
3 0.0673828125 0.1669921875 0.025390625 0.0546875
3 0.06884765625 0.255859375 0.0224609375 0.0546875
3 0.0673828125 0.35498046875 0.029296875 0.0595703125
3 0.068359375 0.455078125 0.021484375 0.0625
3 0.06982421875 0.5546875 0.0244140625 0.0546875
3 0.06884765625 0.06640625 0.0263671875 0.046875