2 0.87890625 0.0634765625 0.2421875 0.126953125
3 0.02587890625 0.0634765625 0.0517578125 0.126953125
0 0.8544921875 0.92919921875 0.068359375 0.0810546875
0 0.9375 0.9296875 0.072265625 0.08203125
1 0.5234375 0.6357421875 0.017578125 0.0390625
1 0.5234375 0.69580078125 0.017578125 0.0361328125
1 0.52294921875 0.7607421875 0.0185546875 0.03515625
1 0.7841796875 0.6337890625 0.025390625 0.044921875
1 0.78271484375 0.6943359375 0.0244140625 0.046875
1 0.78564453125 0.75634765625 0.0224609375 0.0478515625
3 0.6748046875 0.05908203125 0.02734375 0.0517578125
3 0.72802734375 0.05810546875 0.0185546875 0.0458984375