5 0.0615234375 0.30859375 0.08740234375 0.07421875
5 0.26806640625 0.3046875 0.107421875 0.07421875
5 0.43701171875 0.30859375 0.0576171875 0.06689453125
5 0.65625 0.306640625 0.10888671875 0.07080078125
5 0.849609375 0.30859375 0.1103515625 0.06689453125
5 0.8427734375 0.70654296875 0.10400390625 0.06689453125
5 0.66650390625 0.7099609375 0.1337890625 0.07421875
5 0.486328125 0.7099609375 0.1591796875 0.0595703125
5 0.26220703125 0.70458984375 0.0888671875 0.06298828125
5 0.05810546875 0.7080078125 0.0712890625 0.06298828125
0 0.87353515625 0.8251953125 0.15771484375 0.1337890625
4 0.10205078125 0.42919921875 0.15380859375 0.1298828125
4 0.1201171875 0.8291015625 0.1953125 0.14111328125
4 0.31494140625 0.8291015625 0.18896484375 0.14111328125
4 0.2958984375 0.42919921875 0.15380859375 0.15234375
4 0.48681640625 0.42578125 0.1552734375 0.1376953125
4 0.5048828125 0.83251953125 0.1865234375 0.14111328125
4 0.68017578125 0.43115234375 0.15625 0.14111328125
4 0.8583984375 0.427734375 0.1904296875 0.14892578125
5 0.10888671875 0.08349609375 0.2177734375 0.115234375