6 0.29345703125 0.17724609375 0.0205078125 0.0400390625
6 0.3544921875 0.17724609375 0.021484375 0.0380859375
6 0.421875 0.17724609375 0.01953125 0.0400390625
6 0.482421875 0.17822265625 0.01953125 0.0400390625
6 0.5595703125 0.17822265625 0.0234375 0.0419921875
6 0.62255859375 0.1796875 0.0224609375 0.04296875
0 0.1669921875 0.4169921875 0.248046875 0.078125
0 0.53271484375 0.41455078125 0.2490234375 0.0810546875
0 0.84228515625 0.86376953125 0.2451171875 0.0791015625
6 0.8701171875 0.2783203125 0.01953125 0.041015625
6 0.9306640625 0.2783203125 0.017578125 0.0390625
6 0.869140625 0.380859375 0.021484375 0.037109375
6 0.93017578125 0.38037109375 0.0224609375 0.0400390625
5 0.73291015625 0.27978515625 0.0341796875 0.0302734375
5 0.78466796875 0.38232421875 0.1376953125 0.0283203125