5 0.390625 0.0986328125 0.6455078125 0.0478515625
5 0.1435546875 0.18115234375 0.1513671875 0.03271484375
5 0.2392578125 0.3310546875 0.36669921875 0.03662109375
5 0.2431640625 0.48388671875 0.41455078125 0.03466796875
5 0.49609375 0.63720703125 0.86474609375 0.0458984375
5 0.51806640625 0.8330078125 0.693359375 0.0654296875
0 0.498046875 0.9462890625 0.82861328125 0.09228515625
4 0.50390625 0.24658203125 0.8408203125 0.08642578125
4 0.505859375 0.4013671875 0.8447265625 0.07275390625
4 0.50390625 0.546875 0.8408203125 0.0693359375
4 0.5 0.7197265625 0.83251953125 0.12646484375
1 0.10546875 0.8251953125 0.0595703125 0.02685546875