1 0.1904296875 0.724609375 0.01904296875 0.02587890625
1 0.19140625 0.771484375 0.01904296875 0.02783203125
1 0.1904296875 0.81982421875 0.01904296875 0.02783203125
1 0.1904296875 0.86767578125 0.01904296875 0.02392578125
1 0.19091796875 0.9140625 0.017578125 0.02392578125
1 0.7041015625 0.47802734375 0.017578125 0.02783203125
1 0.7041015625 0.5341796875 0.017578125 0.02587890625
1 0.7041015625 0.587890625 0.017578125 0.02587890625
1 0.7041015625 0.6416015625 0.017578125 0.02587890625
1 0.70361328125 0.69775390625 0.01904296875 0.02783203125
4 0.79638671875 0.4853515625 0.15185546875 0.04248046875
4 0.79638671875 0.54150390625 0.15185546875 0.04052734375
4 0.79638671875 0.59521484375 0.1494140625 0.04052734375
4 0.7978515625 0.64990234375 0.1494140625 0.04248046875
4 0.7978515625 0.7041015625 0.1494140625 0.037109375
2 0.78271484375 0.82275390625 0.1767578125 0.04052734375
2 0.783203125 0.875 0.17578125 0.04248046875
5 0.7275390625 0.77734375 0.06689453125 0.02392578125
5 0.73828125 0.94921875 0.09375 0.02783203125
5 0.75048828125 0.44287109375 0.1123046875 0.0205078125
5 0.73779296875 0.294921875 0.08740234375 0.02392578125
5 0.734375 0.17822265625 0.08349609375 0.02392578125
5 0.77197265625 0.119140625 0.10986328125 0.02392578125
3 0.84716796875 0.17724609375 0.0126953125 0.0185546875
3 0.84619140625 0.29296875 0.013671875 0.0166015625
3 0.84619140625 0.44091796875 0.01123046875 0.0126953125
3 0.84716796875 0.7763671875 0.017578125 0.0185546875
3 0.84716796875 0.9453125 0.0126953125 0.0166015625
1 0.703125 0.1171875 0.01513671875 0.0205078125
3 0.20849609375 0.0556640625 0.02001953125 0.02978515625
3 0.236328125 0.0546875 0.017578125 0.03125
3 0.28955078125 0.0537109375 0.017578125 0.02978515625
3 0.318359375 0.0537109375 0.017578125 0.02587890625
3 0.4814453125 0.0546875 0.02001953125 0.02783203125
3 0.876953125 0.0556640625 0.01904296875 0.033203125
3 0.1904296875 0.9443359375 0.0166015625 0.02197265625
5 0.28076171875 0.73095703125 0.1162109375 0.02783203125
5 0.2880859375 0.7763671875 0.1337890625 0.02978515625
5 0.27001953125 0.8251953125 0.0947265625 0.02783203125
5 0.27392578125 0.87158203125 0.1025390625 0.03125
5 0.28076171875 0.91845703125 0.11865234375 0.02978515625