4 0.1044921875 0.2099609375 0.1083984375 0.0439453125
4 0.318359375 0.44189453125 0.25732421875 0.0419921875
4 0.318359375 0.50146484375 0.2578125 0.04345703125
4 0.318359375 0.55712890625 0.25732421875 0.04248046875
4 0.318359375 0.61669921875 0.259765625 0.04443359375
4 0.31884765625 0.673828125 0.2578125 0.04345703125
4 0.31884765625 0.73291015625 0.25830078125 0.04150390625
5 0.2138671875 0.3720703125 0.029296875 0.017578125
5 0.2744140625 0.37451171875 0.0537109375 0.017578125
5 0.3349609375 0.37353515625 0.0322265625 0.01806640625
3 0.14306640625 0.1533203125 0.0087890625 0.01904296875