5 0.69873046875 0.26123046875 0.0595703125 0.0205078125
5 0.755859375 0.3232421875 0.0947265625 0.04052734375
5 0.8125 0.3603515625 0.0263671875 0.01611328125
5 0.6943359375 0.4375 0.03271484375 0.01416015625
5 0.693359375 0.4814453125 0.02880859375 0.01513671875
5 0.685546875 0.560546875 0.03515625 0.09033203125
5 0.81103515625 0.564453125 0.033203125 0.0859375
5 0.54150390625 0.6962890625 0.04931640625 0.01513671875
5 0.458984375 0.26220703125 0.04443359375 0.0166015625
5 0.54052734375 0.30810546875 0.02978515625 0.017578125
5 0.6181640625 0.30810546875 0.0322265625 0.017578125
5 0.462890625 0.30712890625 0.03173828125 0.01611328125
4 0.4853515625 0.37841796875 0.10107421875 0.05615234375
4 0.58984375 0.37646484375 0.10107421875 0.05322265625
4 0.58984375 0.4365234375 0.10107421875 0.05419921875
4 0.48486328125 0.4375 0.10205078125 0.05224609375
4 0.49658203125 0.49560546875 0.12109375 0.05322265625
2 0.599609375 0.4951171875 0.0810546875 0.04931640625
2 0.6064453125 0.57958984375 0.06591796875 0.0517578125
0 0.537109375 0.6474609375 0.12451171875 0.04443359375
4 0.4677734375 0.57958984375 0.06396484375 0.0498046875
4 0.537109375 0.57958984375 0.0654296875 0.05078125
5 0.486328125 0.53759765625 0.08984375 0.01171875