3 0.35302734375 0.09521484375 0.01806640625 0.02685546875
3 0.3720703125 0.0966796875 0.01416015625 0.02685546875
3 0.8017578125 0.09521484375 0.02001953125 0.02685546875
3 0.8232421875 0.0986328125 0.01611328125 0.02685546875
5 0.62255859375 0.3330078125 0.04296875 0.01953125
5 0.6201171875 0.4296875 0.0419921875 0.017578125
5 0.6220703125 0.52734375 0.0400390625 0.02490234375
5 0.619140625 0.62060546875 0.0380859375 0.01953125
5 0.17578125 0.36572265625 0.02197265625 0.01416015625
5 0.17626953125 0.453125 0.02294921875 0.017578125
5 0.1826171875 0.541015625 0.037109375 0.01953125
5 0.19921875 0.6455078125 0.06787109375 0.01953125
5 0.2021484375 0.615234375 0.076171875 0.02294921875
0 0.2744140625 0.75732421875 0.21923828125 0.0478515625
0 0.7216796875 0.74609375 0.2412109375 0.056640625
4 0.27392578125 0.40478515625 0.22021484375 0.056640625
4 0.2744140625 0.4921875 0.22119140625 0.05322265625
4 0.27392578125 0.578125 0.22216796875 0.05126953125
4 0.2744140625 0.6865234375 0.21923828125 0.05859375
4 0.7216796875 0.37939453125 0.2412109375 0.05859375
4 0.72216796875 0.47314453125 0.2421875 0.05517578125
4 0.72265625 0.5693359375 0.2431640625 0.05517578125
4 0.72119140625 0.666015625 0.244140625 0.05322265625
3 0.49609375 0.09326171875 0.01416015625 0.0302734375
3 0.9482421875 0.0966796875 0.01611328125 0.0302734375