4 0.353515625 0.41064453125 0.21337890625 0.04833984375
4 0.35400390625 0.47265625 0.21240234375 0.044921875
4 0.64794921875 0.56591796875 0.21337890625 0.044921875
4 0.6484375 0.50146484375 0.2099609375 0.046875
4 0.6484375 0.4375 0.21240234375 0.044921875
4 0.64794921875 0.3740234375 0.2109375 0.04833984375
5 0.6484375 0.30078125 0.056640625 0.02490234375
0 0.6474609375 0.640625 0.21240234375 0.04833984375
0 0.3525390625 0.6015625 0.21240234375 0.0498046875
0 0.353515625 0.68505859375 0.208984375 0.04345703125
5 0.35595703125 0.3359375 0.0498046875 0.0283203125