1 0.15283203125 0.4189453125 0.0341796875 0.0625
1 0.15380859375 0.51416015625 0.0380859375 0.0615234375
1 0.1533203125 0.6103515625 0.03515625 0.0625
1 0.15380859375 0.7060546875 0.0380859375 0.060546875
1 0.15283203125 0.80078125 0.0341796875 0.0625
5 0.32275390625 0.1865234375 0.4365234375 0.07421875
5 0.2451171875 0.31982421875 0.228515625 0.0419921875
5 0.251953125 0.41943359375 0.140625 0.0498046875
5 0.24609375 0.5146484375 0.126953125 0.046875
5 0.345703125 0.61328125 0.322265625 0.056640625
5 0.25048828125 0.70703125 0.1318359375 0.046875
5 0.25390625 0.80517578125 0.142578125 0.0556640625