5 0.0322265625 0.05908203125 0.06396484375 0.029296875
5 0.056640625 0.19921875 0.11328125 0.03759765625
5 0.1435546875 0.3623046875 0.28662109375 0.03271484375
5 0.07080078125 0.515625 0.14111328125 0.03466796875
5 0.84521484375 0.0615234375 0.26416015625 0.041015625
5 0.8115234375 0.57470703125 0.19580078125 0.03759765625
5 0.83544921875 0.13671875 0.1533203125 0.0244140625
5 0.81005859375 0.1826171875 0.10791015625 0.03466796875
5 0.87939453125 0.23681640625 0.2412109375 0.03466796875
5 0.87646484375 0.29443359375 0.2412109375 0.0244140625
5 0.8701171875 0.3583984375 0.22802734375 0.03125
5 0.810546875 0.41796875 0.11181640625 0.02294921875
5 0.8408203125 0.48095703125 0.16943359375 0.02783203125
5 0.83056640625 0.65234375 0.15185546875 0.03955078125
5 0.83447265625 0.70751953125 0.16015625 0.03125
5 0.83544921875 0.765625 0.1640625 0.029296875
5 0.83544921875 0.82373046875 0.15869140625 0.02783203125
5 0.83251953125 0.87939453125 0.1533203125 0.02783203125
5 0.8359375 0.93994140625 0.16259765625 0.03125
4 0.28662109375 0.11865234375 0.5732421875 0.0673828125
4 0.2880859375 0.26904296875 0.56787109375 0.0625
4 0.28515625 0.4248046875 0.5703125 0.060546875
0 0.13330078125 0.91796875 0.2666015625 0.0654296875
0 0.43994140625 0.92041015625 0.2666015625 0.0673828125
1 0.72509765625 0.13427734375 0.02392578125 0.029296875
1 0.72509765625 0.1845703125 0.02392578125 0.02783203125
1 0.72509765625 0.23828125 0.02392578125 0.02783203125
1 0.72607421875 0.294921875 0.0224609375 0.0263671875
1 0.724609375 0.3564453125 0.025390625 0.02783203125
1 0.72509765625 0.4189453125 0.02392578125 0.02783203125
1 0.72509765625 0.478515625 0.02392578125 0.029296875
6 0.72607421875 0.6533203125 0.025390625 0.03125
6 0.7265625 0.708984375 0.02685546875 0.03125
6 0.72509765625 0.765625 0.02685546875 0.03271484375
6 0.7275390625 0.82275390625 0.025390625 0.03271484375
6 0.7265625 0.88037109375 0.02685546875 0.03271484375
6 0.7265625 0.943359375 0.02392578125 0.03125
3 0.50341796875 0.58447265625 0.0224609375 0.02783203125
3 0.546875 0.58349609375 0.021484375 0.0263671875