5 0.427734375 0.04345703125 0.15234375 0.0302734375
5 0.392578125 0.10791015625 0.06884765625 0.021484375
5 0.416015625 0.15283203125 0.119140625 0.01513671875
5 0.37353515625 0.21435546875 0.03662109375 0.01513671875
5 0.380859375 0.27392578125 0.04541015625 0.02001953125
5 0.40771484375 0.3388671875 0.0986328125 0.02001953125
5 0.68505859375 0.15283203125 0.0869140625 0.021484375
5 0.69287109375 0.21435546875 0.10546875 0.021484375
5 0.68994140625 0.27734375 0.09375 0.02001953125
5 0.69921875 0.34033203125 0.119140625 0.0166015625
5 0.67822265625 0.40234375 0.08056640625 0.0166015625
5 0.38525390625 0.40380859375 0.06005859375 0.0166015625
5 0.41357421875 0.4658203125 0.1103515625 0.02001953125
5 0.39111328125 0.552734375 0.06884765625 0.02001953125
5 0.40380859375 0.5966796875 0.09033203125 0.0185546875
5 0.671875 0.59326171875 0.0634765625 0.01513671875
5 0.4072265625 0.6552734375 0.09716796875 0.021484375
5 0.654296875 0.66015625 0.0283203125 0.0185546875
5 0.3779296875 0.72021484375 0.04541015625 0.0185546875
5 0.66162109375 0.71875 0.046875 0.0185546875
5 0.6630859375 0.78125 0.04345703125 0.02001953125
5 0.40185546875 0.87060546875 0.0869140625 0.021484375
5 0.6630859375 0.8447265625 0.05029296875 0.02001953125
3 0.93798828125 0.552734375 0.0166015625 0.02001953125
3 0.93798828125 0.10791015625 0.0234375 0.0185546875
2 0.72705078125 0.17626953125 0.16748046875 0.03173828125
2 0.728515625 0.240234375 0.16748046875 0.03662109375
2 0.72802734375 0.30126953125 0.166015625 0.03515625
2 0.728515625 0.3623046875 0.16748046875 0.0302734375
2 0.72802734375 0.42822265625 0.17236328125 0.03515625
2 0.41357421875 0.4267578125 0.1103515625 0.03173828125
2 0.4765625 0.30126953125 0.23291015625 0.03173828125
2 0.44580078125 0.36474609375 0.1708984375 0.03173828125
2 0.44580078125 0.48974609375 0.1708984375 0.0283203125
2 0.44482421875 0.6201171875 0.1689453125 0.03173828125
2 0.447265625 0.68017578125 0.16748046875 0.03173828125
2 0.76025390625 0.68359375 0.23095703125 0.03515625
2 0.72802734375 0.74462890625 0.1689453125 0.033203125
2 0.7578125 0.80615234375 0.2294921875 0.033203125
2 0.7294921875 0.86962890625 0.166015625 0.0302734375
4 0.72705078125 0.62109375 0.16748046875 0.03662109375
2 0.44580078125 0.240234375 0.1708984375 0.0302734375
4 0.44580078125 0.89501953125 0.16748046875 0.0302734375
0 0.75048828125 0.953125 0.0634765625 0.033203125
0 0.95166015625 0.953125 0.06005859375 0.033203125
2 0.85107421875 0.95263671875 0.1171875 0.0283203125