4 0.31689453125 0.48974609375 0.390625 0.0498046875
4 0.31591796875 0.6376953125 0.3857421875 0.0556640625
4 0.31640625 0.783203125 0.38916015625 0.052734375
4 0.31689453125 0.931640625 0.38818359375 0.05419921875
5 0.1826171875 0.4462890625 0.11669921875 0.02490234375
5 0.14892578125 0.5947265625 0.05712890625 0.02783203125
5 0.16162109375 0.73828125 0.07763671875 0.02783203125
5 0.1962890625 0.88720703125 0.1494140625 0.029296875
5 0.1826171875 0.365234375 0.1435546875 0.0263671875
5 0.19580078125 0.2431640625 0.177734375 0.0322265625
3 0.51806640625 0.1298828125 0.03173828125 0.04833984375
3 0.49560546875 0.033203125 0.0205078125 0.02783203125
3 0.53466796875 0.03369140625 0.02294921875 0.0322265625
3 0.57275390625 0.033203125 0.0244140625 0.02783203125
3 0.68603515625 0.2822265625 0.02685546875 0.03955078125
1 0.81689453125 0.3876953125 0.30517578125 0.04541015625