1 0.076171875 0.43505859375 0.017578125 0.0283203125
1 0.0302734375 0.2001953125 0.01953125 0.03125
1 0.03076171875 0.1240234375 0.0185546875 0.033203125
1 0.07763671875 0.5166015625 0.0185546875 0.033203125
1 0.10009765625 0.59375 0.0185546875 0.04296875
1 0.1005859375 0.673828125 0.01953125 0.04296875
1 0.09912109375 0.751953125 0.0185546875 0.044921875
1 0.1005859375 0.83203125 0.017578125 0.04296875
1 0.09912109375 0.91015625 0.0205078125 0.04296875
1 0.46875 0.28515625 0.025390625 0.044921875
1 0.59521484375 0.28662109375 0.0263671875 0.0498046875
1 0.73193359375 0.28515625 0.0283203125 0.046875
1 0.4677734375 0.3984375 0.02734375 0.0546875
1 0.4697265625 0.51416015625 0.02734375 0.0478515625
3 0.0517578125 0.36083984375 0.0234375 0.0498046875
3 0.0546875 0.28564453125 0.025390625 0.0498046875