6 0.07861328125 0.6513671875 0.0400390625 0.064453125
1 0.07568359375 0.939453125 0.0322265625 0.046875
6 0.080078125 0.845703125 0.041015625 0.056640625
5 0.171875 0.6513671875 0.103515625 0.05078125
5 0.248046875 0.84619140625 0.255859375 0.0576171875
5 0.24658203125 0.9443359375 0.2607421875 0.046875
5 0.21337890625 0.5546875 0.3212890625 0.04296875
0 0.1416015625 0.3798828125 0.22265625 0.09765625
5 0.31591796875 0.3818359375 0.0830078125 0.0390625
3 0.04736328125 0.0927734375 0.0341796875 0.041015625
5 0.189453125 0.09521484375 0.1953125 0.0419921875