6 0.611328125 0.2158203125 0.03515625 0.0546875
6 0.611328125 0.33154296875 0.0390625 0.0595703125
6 0.61376953125 0.44921875 0.0380859375 0.0546875
6 0.60888671875 0.56494140625 0.0380859375 0.0595703125
6 0.609375 0.68408203125 0.0390625 0.0595703125
6 0.6103515625 0.80810546875 0.03515625 0.0595703125
6 0.15966796875 0.72705078125 0.0302734375 0.0419921875
2 0.2578125 0.0546875 0.458984375 0.07421875
3 0.0380859375 0.1611328125 0.044921875 0.04296875
3 0.04052734375 0.2783203125 0.0458984375 0.048828125
3 0.04052734375 0.3984375 0.0361328125 0.052734375
3 0.03955078125 0.51806640625 0.0322265625 0.0576171875
3 0.03857421875 0.63232421875 0.0341796875 0.0498046875
3 0.0361328125 0.74755859375 0.046875 0.0498046875
3 0.04296875 0.8662109375 0.0390625 0.048828125
5 0.69873046875 0.2138671875 0.1220703125 0.037109375
5 0.67626953125 0.33642578125 0.0927734375 0.0419921875
5 0.69921875 0.4482421875 0.1171875 0.05078125
5 0.67578125 0.56884765625 0.078125 0.0537109375
5 0.66064453125 0.6806640625 0.0478515625 0.048828125
5 0.68798828125 0.8017578125 0.1025390625 0.052734375
5 0.21630859375 0.6533203125 0.0751953125 0.029296875
5 0.189453125 0.57470703125 0.068359375 0.0341796875
5 0.17236328125 0.49951171875 0.0458984375 0.0380859375
5 0.216796875 0.7275390625 0.064453125 0.04296875
3 0.4794921875 0.72802734375 0.033203125 0.0322265625
1 0.1298828125 0.5693359375 0.025390625 0.029296875
3 0.13916015625 0.33740234375 0.0224609375 0.0498046875
4 0.302734375 0.333984375 0.400390625 0.076171875
3 0.1220703125 0.412109375 0.033203125 0.056640625
3 0.04248046875 0.97412109375 0.0576171875 0.0517578125