1 0.5537109375 0.29541015625 0.037109375 0.0361328125
4 0.6884765625 0.16259765625 0.326171875 0.0966796875
4 0.66357421875 0.50439453125 0.2861328125 0.0966796875
1 0.09130859375 0.37109375 0.0205078125 0.029296875
6 0.09130859375 0.16357421875 0.0205078125 0.0322265625
3 0.09130859375 0.0615234375 0.0263671875 0.033203125
3 0.0927734375 0.57666015625 0.02734375 0.0322265625
3 0.091796875 0.67919921875 0.0234375 0.0322265625
4 0.7255859375 0.64404296875 0.380859375 0.0830078125
4 0.7255859375 0.802734375 0.375 0.08203125
4 0.72802734375 0.9619140625 0.3759765625 0.076171875