2 0.54345703125 0.158203125 0.7587890625 0.09765625
1 0.23681640625 0.28564453125 0.0400390625 0.0419921875
1 0.23828125 0.74853515625 0.041015625 0.0400390625
1 0.236328125 0.6689453125 0.0390625 0.037109375
1 0.23779296875 0.5947265625 0.0419921875 0.0390625
1 0.23583984375 0.51611328125 0.0341796875 0.0380859375
1 0.23779296875 0.43896484375 0.0419921875 0.0400390625
1 0.23828125 0.36328125 0.037109375 0.0390625
5 0.3525390625 0.2841796875 0.119140625 0.02734375
5 0.3310546875 0.36376953125 0.072265625 0.0283203125
5 0.365234375 0.4384765625 0.14453125 0.0390625
5 0.373046875 0.517578125 0.16015625 0.033203125
5 0.32861328125 0.59375 0.0771484375 0.03515625
5 0.333984375 0.67041015625 0.076171875 0.0302734375
5 0.34130859375 0.7470703125 0.0908203125 0.03125
1 0.09814453125 0.4228515625 0.0478515625 0.05078125
1 0.09912109375 0.80712890625 0.0498046875 0.0517578125
5 0.24658203125 0.0654296875 0.1591796875 0.033203125