6 0.07373046875 0.5068359375 0.0458984375 0.078125
6 0.078125 0.6259765625 0.037109375 0.08984375
6 0.07763671875 0.74365234375 0.0458984375 0.0810546875
6 0.0810546875 0.86572265625 0.046875 0.0966796875
5 0.14892578125 0.50830078125 0.0869140625 0.0595703125
5 0.15478515625 0.62646484375 0.0908203125 0.0556640625
5 0.1689453125 0.74365234375 0.125 0.0576171875
5 0.1572265625 0.8603515625 0.095703125 0.060546875
0 0.39208984375 0.51416015625 0.1318359375 0.1376953125
0 0.53662109375 0.51318359375 0.1337890625 0.1396484375
0 0.69921875 0.51123046875 0.169921875 0.1376953125
0 0.86865234375 0.51123046875 0.1474609375 0.1455078125