0 0.505859375 0.10009765625 0.751953125 0.05810546875
0 0.509765625 0.888671875 0.744140625 0.0751953125
0 0.23828125 0.5576171875 0.20849609375 0.07958984375
0 0.46337890625 0.56005859375 0.21044921875 0.07666015625
0 0.69287109375 0.5615234375 0.21240234375 0.07666015625
2 0.509765625 0.33251953125 0.744140625 0.06396484375
4 0.5078125 0.22607421875 0.748046875 0.05810546875
4 0.5087890625 0.43896484375 0.74609375 0.072265625
4 0.505859375 0.68212890625 0.740234375 0.0595703125
4 0.69873046875 0.791015625 0.3544921875 0.06396484375
4 0.31884765625 0.78857421875 0.3701171875 0.05126953125
5 0.224609375 0.73779296875 0.18115234375 0.0283203125
5 0.5986328125 0.73779296875 0.17333984375 0.0283203125
5 0.20947265625 0.6328125 0.16357421875 0.025390625
5 0.18310546875 0.39013671875 0.1025390625 0.025390625
5 0.18115234375 0.28564453125 0.1025390625 0.02685546875
5 0.18994140625 0.17529296875 0.1162109375 0.02685546875
3 0.849609375 0.56103515625 0.029296875 0.03564453125