4 0.21826171875 0.267578125 0.1611328125 0.04150390625
4 0.388671875 0.2666015625 0.16015625 0.04345703125
4 0.55810546875 0.2666015625 0.1611328125 0.04345703125
4 0.21875 0.42919921875 0.16015625 0.04150390625
4 0.4736328125 0.42822265625 0.33251953125 0.04345703125
4 0.55810546875 0.515625 0.1611328125 0.04150390625
4 0.388671875 0.51513671875 0.16015625 0.04345703125
2 0.21826171875 0.51416015625 0.1611328125 0.04150390625
5 0.15869140625 0.22900390625 0.044921875 0.01513671875
5 0.32958984375 0.22900390625 0.04638671875 0.01513671875
5 0.490234375 0.22900390625 0.02978515625 0.01513671875
5 0.158203125 0.3916015625 0.0439453125 0.0166015625
5 0.32568359375 0.390625 0.03857421875 0.01513671875
5 0.15478515625 0.4775390625 0.03515625 0.01513671875
5 0.318359375 0.478515625 0.0185546875 0.01318359375
5 0.49755859375 0.4775390625 0.04248046875 0.01513671875
1 0.1455078125 0.583984375 0.013671875 0.0185546875
5 0.2626953125 0.58642578125 0.2099609375 0.0166015625
1 0.14501953125 0.705078125 0.01513671875 0.02001953125
5 0.255859375 0.7060546875 0.19873046875 0.0185546875
0 0.21875 0.8359375 0.16015625 0.04150390625
0 0.55859375 0.83642578125 0.16015625 0.04345703125