3 0.435546875 0.423828125 0.068359375 0.0546875
3 0.43505859375 0.517578125 0.0615234375 0.0390625
3 0.43701171875 0.61083984375 0.0576171875 0.0400390625
3 0.4345703125 0.70263671875 0.05078125 0.0419921875
3 0.4345703125 0.84130859375 0.052734375 0.0439453125
5 0.71630859375 0.265625 0.2802734375 0.04296875
5 0.6572265625 0.42236328125 0.306640625 0.0419921875
5 0.6328125 0.51806640625 0.263671875 0.0458984375
5 0.56787109375 0.6103515625 0.1376953125 0.046875
5 0.5888671875 0.70361328125 0.1796875 0.0478515625
5 0.60888671875 0.845703125 0.2099609375 0.056640625
3 0.52978515625 0.087890625 0.0849609375 0.056640625
3 0.89794921875 0.9365234375 0.0771484375 0.05859375