5 0.0859375 0.22509765625 0.1044921875 0.02490234375
5 0.0908203125 0.40771484375 0.1015625 0.02490234375
5 0.61865234375 0.40478515625 0.19677734375 0.02978515625
5 0.56787109375 0.3251953125 0.1015625 0.02001953125
5 0.0908203125 0.3251953125 0.1015625 0.02001953125
5 0.1474609375 0.513671875 0.2216796875 0.017578125
5 0.1474609375 0.59619140625 0.20947265625 0.0224609375
5 0.681640625 0.59228515625 0.31689453125 0.02978515625
5 0.55224609375 0.6962890625 0.05859375 0.0224609375
5 0.1259765625 0.88232421875 0.166015625 0.02490234375
5 0.19091796875 0.78125 0.3017578125 0.03271484375
4 0.26318359375 0.27978515625 0.43994140625 0.0498046875
4 0.73681640625 0.27880859375 0.43408203125 0.04736328125
4 0.26171875 0.46484375 0.43701171875 0.0498046875
4 0.74169921875 0.46484375 0.4306640625 0.0498046875
4 0.73828125 0.64990234375 0.43701171875 0.0498046875
4 0.26171875 0.64990234375 0.4306640625 0.0498046875