4 0.3349609375 0.04345703125 0.5615234375 0.08642578125
5 0.107421875 0.1904296875 0.0439453125 0.03759765625
5 0.11279296875 0.30419921875 0.06005859375 0.0361328125
5 0.12158203125 0.419921875 0.07421875 0.03369140625
5 0.1484375 0.708984375 0.13330078125 0.05419921875
5 0.77783203125 0.87646484375 0.05810546875 0.0322265625
0 0.91162109375 0.8779296875 0.12158203125 0.0712890625
3 0.740234375 0.0439453125 0.0322265625 0.0458984375
3 0.80908203125 0.0439453125 0.03515625 0.0517578125
3 0.92333984375 0.046875 0.041015625 0.05419921875
3 0.98681640625 0.04541015625 0.0263671875 0.0498046875
3 0.94775390625 0.1611328125 0.02685546875 0.048828125
0 0.35693359375 0.419921875 0.146484375 0.06689453125
5 0.3603515625 0.53857421875 0.0693359375 0.0390625
5 0.57666015625 0.5361328125 0.0703125 0.04052734375
1 0.509765625 0.5341796875 0.02490234375 0.0361328125
1 0.2958984375 0.53466796875 0.02490234375 0.03466796875
5 0.14404296875 0.87744140625 0.1171875 0.03076171875