6 0.15771484375 0.72021484375 0.0302734375 0.0498046875
2 0.25146484375 0.0693359375 0.4423828125 0.083984375
6 0.712890625 0.4111328125 0.029296875 0.048828125
6 0.7138671875 0.46533203125 0.03125 0.0478515625
6 0.71337890625 0.62451171875 0.0302734375 0.0419921875
6 0.7138671875 0.57177734375 0.02734375 0.0419921875
6 0.71435546875 0.51806640625 0.0302734375 0.0478515625
4 0.296875 0.37744140625 0.38671875 0.0791015625
6 0.7138671875 0.6806640625 0.029296875 0.048828125
3 0.037109375 0.189453125 0.037109375 0.037109375
3 0.4755859375 0.18896484375 0.0234375 0.0341796875
3 0.0390625 0.31689453125 0.03125 0.0458984375
3 0.03759765625 0.44384765625 0.0302734375 0.0458984375
3 0.0380859375 0.57275390625 0.02734375 0.0439453125
3 0.03857421875 0.69921875 0.0341796875 0.046875
3 0.037109375 0.826171875 0.033203125 0.044921875
3 0.03759765625 0.955078125 0.0244140625 0.056640625
3 0.46435546875 0.71875 0.0302734375 0.017578125
5 0.14208984375 0.28125 0.0810546875 0.04296875
5 0.271484375 0.283203125 0.1328125 0.037109375
5 0.16650390625 0.55322265625 0.0380859375 0.0400390625
3 0.12353515625 0.54541015625 0.0302734375 0.0478515625
1 0.12744140625 0.63330078125 0.0263671875 0.0302734375
3 0.12255859375 0.46142578125 0.0283203125 0.0498046875
5 0.19482421875 0.46435546875 0.0986328125 0.0361328125
5 0.181640625 0.6357421875 0.068359375 0.0390625
5 0.2099609375 0.720703125 0.060546875 0.03515625
3 0.26611328125 0.4619140625 0.0263671875 0.03125