6 0.13037109375 0.1923828125 0.0380859375 0.052734375
6 0.1298828125 0.29052734375 0.037109375 0.0517578125
6 0.1298828125 0.3837890625 0.03515625 0.052734375
6 0.13037109375 0.48046875 0.0341796875 0.05078125
6 0.12939453125 0.57373046875 0.0380859375 0.0517578125
2 0.2568359375 0.94189453125 0.283203125 0.1162109375
5 0.15380859375 0.7958984375 0.0908203125 0.037109375
5 0.19091796875 0.08203125 0.1591796875 0.052734375
5 0.1865234375 0.193359375 0.05078125 0.0390625
5 0.185546875 0.28564453125 0.05078125 0.0361328125
5 0.185546875 0.38330078125 0.05078125 0.0400390625
5 0.22607421875 0.47607421875 0.1259765625 0.0322265625
5 0.19873046875 0.5712890625 0.0693359375 0.03125