7 0.09423828125 0.728515625 0.0869140625 0.0390625
7 0.21533203125 0.73291015625 0.1064453125 0.0478515625
7 0.3486328125 0.73095703125 0.103515625 0.0458984375
7 0.34912109375 0.7861328125 0.1025390625 0.046875
7 0.21630859375 0.7861328125 0.1005859375 0.046875
7 0.091796875 0.78466796875 0.08984375 0.0458984375
1 0.77978515625 0.7265625 0.0322265625 0.03515625
1 0.77978515625 0.78759765625 0.0361328125 0.0361328125
1 0.47021484375 0.72705078125 0.0380859375 0.0380859375
1 0.47314453125 0.7880859375 0.0400390625 0.037109375
6 0.54931640625 0.72705078125 0.0380859375 0.0341796875
6 0.54833984375 0.7900390625 0.0322265625 0.03515625
0 0.16357421875 0.30615234375 0.2822265625 0.0732421875
3 0.07080078125 0.3994140625 0.0537109375 0.0546875
3 0.0703125 0.47509765625 0.060546875 0.0634765625
3 0.146484375 0.474609375 0.05078125 0.052734375
3 0.14794921875 0.3984375 0.0537109375 0.052734375
3 0.224609375 0.400390625 0.068359375 0.052734375
3 0.3046875 0.3994140625 0.0546875 0.0546875
3 0.37744140625 0.4013671875 0.0498046875 0.0546875
3 0.4619140625 0.4013671875 0.052734375 0.052734375
3 0.544921875 0.40087890625 0.068359375 0.0517578125
3 0.60986328125 0.400390625 0.0439453125 0.0546875
3 0.22607421875 0.4775390625 0.0498046875 0.044921875
3 0.3017578125 0.47412109375 0.05078125 0.0478515625
3 0.376953125 0.470703125 0.0546875 0.0546875
3 0.4560546875 0.4697265625 0.05078125 0.0546875
3 0.53515625 0.47607421875 0.0546875 0.0517578125
3 0.61181640625 0.47607421875 0.0458984375 0.0498046875
3 0.6123046875 0.5517578125 0.04296875 0.056640625
3 0.6123046875 0.6318359375 0.05078125 0.03125
3 0.53759765625 0.6337890625 0.0400390625 0.041015625
3 0.537109375 0.55859375 0.05078125 0.052734375
3 0.45703125 0.55419921875 0.0546875 0.0556640625
3 0.45703125 0.63623046875 0.046875 0.0498046875
3 0.3837890625 0.63525390625 0.056640625 0.0595703125
3 0.38037109375 0.55712890625 0.0537109375 0.0673828125
3 0.296875 0.55712890625 0.0625 0.0615234375
3 0.3017578125 0.63720703125 0.044921875 0.0537109375
3 0.22607421875 0.63623046875 0.0556640625 0.0556640625
3 0.2255859375 0.5546875 0.056640625 0.0546875
3 0.1513671875 0.55712890625 0.052734375 0.0595703125
3 0.1494140625 0.6337890625 0.044921875 0.056640625
3 0.072265625 0.63623046875 0.056640625 0.0576171875
3 0.056640625 0.06396484375 0.056640625 0.0615234375
3 0.16748046875 0.06640625 0.0634765625 0.060546875
3 0.275390625 0.0634765625 0.0546875 0.0546875
3 0.53369140625 0.0634765625 0.0458984375 0.046875
3 0.53369140625 0.12939453125 0.0498046875 0.0498046875
3 0.5322265625 0.1953125 0.046875 0.041015625
3 0.5341796875 0.26318359375 0.044921875 0.0439453125
3 0.53369140625 0.330078125 0.0458984375 0.04296875
3 0.068359375 0.55712890625 0.05859375 0.0419921875