4 0.09619140625 0.09619140625 0.12109375 0.03466796875
4 0.09619140625 0.14501953125 0.1240234375 0.03173828125
4 0.26806640625 0.1103515625 0.111328125 0.03173828125
4 0.26806640625 0.16552734375 0.10791015625 0.03466796875
4 0.43896484375 0.1103515625 0.1162109375 0.056640625
4 0.43896484375 0.189453125 0.1162109375 0.05029296875
0 0.09814453125 0.2099609375 0.1240234375 0.041015625
0 0.2705078125 0.22412109375 0.109375 0.0380859375
0 0.09619140625 0.88330078125 0.111328125 0.05029296875
0 0.2705078125 0.84716796875 0.08984375 0.041015625
0 0.44384765625 0.671875 0.08984375 0.0380859375
0 0.44287109375 0.73974609375 0.09130859375 0.041015625
6 0.54736328125 0.05224609375 0.01611328125 0.03466796875
6 0.64111328125 0.0537109375 0.01806640625 0.0380859375
6 0.72314453125 0.05224609375 0.01806640625 0.03466796875
1 0.55126953125 0.220703125 0.01806640625 0.03173828125
1 0.58154296875 0.220703125 0.01611328125 0.0380859375
1 0.61181640625 0.22216796875 0.01806640625 0.03466796875
1 0.55126953125 0.287109375 0.01806640625 0.03173828125
1 0.58154296875 0.287109375 0.01953125 0.0380859375
1 0.61181640625 0.2919921875 0.01806640625 0.03466796875
1 0.55126953125 0.33935546875 0.01806640625 0.03466796875
1 0.58154296875 0.33935546875 0.01953125 0.03466796875
1 0.61376953125 0.33935546875 0.01806640625 0.03466796875
7 0.6689453125 0.2177734375 0.05078125 0.0439453125
7 0.7412109375 0.2177734375 0.041015625 0.0439453125
7 0.6689453125 0.271484375 0.05078125 0.0439453125
7 0.7412109375 0.27294921875 0.041015625 0.041015625
0 0.88818359375 0.0615234375 0.17822265625 0.0537109375
0 0.88818359375 0.20166015625 0.17138671875 0.0693359375
0 0.8896484375 0.32666015625 0.17138671875 0.0849609375
0 0.8896484375 0.43994140625 0.1650390625 0.0537109375
0 0.89111328125 0.55224609375 0.16845703125 0.07568359375
0 0.89306640625 0.67822265625 0.15869140625 0.06298828125
0 0.89453125 0.794921875 0.15185546875 0.06298828125
0 0.89794921875 0.9052734375 0.138671875 0.0693359375
0 0.60302734375 0.517578125 0.1337890625 0.056640625
0 0.6064453125 0.88330078125 0.0654296875 0.03173828125
3 0.55859375 0.8232421875 0.01611328125 0.03173828125
3 0.58154296875 0.8232421875 0.01611328125 0.03173828125
3 0.60693359375 0.82470703125 0.0146484375 0.0283203125
3 0.63232421875 0.8232421875 0.01318359375 0.03173828125
3 0.65771484375 0.8232421875 0.0146484375 0.025390625
3 0.69873046875 0.73193359375 0.0146484375 0.0439453125
3 0.71875 0.73046875 0.01611328125 0.041015625
3 0.73876953125 0.73046875 0.01318359375 0.041015625
3 0.75830078125 0.73046875 0.01611328125 0.04736328125
3 0.77783203125 0.73046875 0.01318359375 0.041015625
3 0.77783203125 0.7744140625 0.01611328125 0.03466796875
3 0.75732421875 0.77587890625 0.01806640625 0.0380859375
3 0.73779296875 0.77587890625 0.01806640625 0.0380859375
3 0.71875 0.77783203125 0.01611328125 0.03466796875
5 0.04638671875 0.39599609375 0.041015625 0.02197265625
5 0.04736328125 0.44140625 0.04248046875 0.03173828125
5 0.03759765625 0.48876953125 0.02294921875 0.03173828125
5 0.044921875 0.53955078125 0.03759765625 0.025390625
5 0.044921875 0.5849609375 0.0341796875 0.02197265625
5 0.04150390625 0.6357421875 0.0341796875 0.0283203125
5 0.0458984375 0.6796875 0.0390625 0.0283203125
1 0.55078125 0.39599609375 0.01611328125 0.03466796875
3 0.58154296875 0.3974609375 0.01611328125 0.03173828125
3 0.61279296875 0.39599609375 0.01611328125 0.03466796875
1 0.64306640625 0.3974609375 0.0146484375 0.03173828125
3 0.6748046875 0.39599609375 0.01953125 0.03466796875
3 0.7060546875 0.3974609375 0.01953125 0.0380859375
3 0.7353515625 0.39599609375 0.01953125 0.041015625
3 0.765625 0.39599609375 0.01806640625 0.03466796875
3 0.69873046875 0.77783203125 0.01806640625 0.0283203125
5 0.44287109375 0.46533203125 0.07177734375 0.04736328125