3 0.2646484375 0.03173828125 0.0283203125 0.0302734375
3 0.3388671875 0.03076171875 0.029296875 0.03173828125
3 0.41064453125 0.03125 0.02783203125 0.03076171875
3 0.48583984375 0.03173828125 0.0283203125 0.0302734375
3 0.5615234375 0.03271484375 0.033203125 0.0263671875
3 0.6376953125 0.03076171875 0.0302734375 0.03369140625
3 0.72314453125 0.0341796875 0.0283203125 0.03076171875
5 0.26318359375 0.0654296875 0.0546875 0.0263671875
5 0.337890625 0.0625 0.0302734375 0.02392578125
5 0.41064453125 0.06298828125 0.05224609375 0.01953125
5 0.482421875 0.06298828125 0.0380859375 0.01953125
5 0.55810546875 0.064453125 0.04638671875 0.02099609375
5 0.63818359375 0.0625 0.03564453125 0.02392578125
5 0.724609375 0.064453125 0.0732421875 0.02099609375
3 0.154296875 0.845703125 0.0185546875 0.02392578125
3 0.1875 0.84619140625 0.0205078125 0.01953125
3 0.22314453125 0.845703125 0.0185546875 0.02587890625
3 0.25830078125 0.845703125 0.01953125 0.02197265625
3 0.3955078125 0.26416015625 0.03173828125 0.03271484375
3 0.4287109375 0.26513671875 0.0234375 0.03076171875
3 0.15478515625 0.26318359375 0.0302734375 0.03076171875
3 0.56787109375 0.267578125 0.0205078125 0.02197265625
3 0.8076171875 0.2666015625 0.0205078125 0.0205078125
3 0.841796875 0.26806640625 0.01220703125 0.0302734375
3 0.56787109375 0.53857421875 0.01708984375 0.02197265625
3 0.5673828125 0.603515625 0.02099609375 0.02294921875
3 0.56689453125 0.6689453125 0.01708984375 0.02490234375
3 0.5673828125 0.73388671875 0.02099609375 0.02197265625
0 0.70458984375 0.7939453125 0.2919921875 0.03515625
5 0.20458984375 0.2666015625 0.0576171875 0.0302734375
4 0.72216796875 0.5380859375 0.2568359375 0.0458984375
4 0.6611328125 0.60400390625 0.134765625 0.046875
4 0.72265625 0.66845703125 0.2568359375 0.046875
4 0.72216796875 0.7333984375 0.2578125 0.0458984375
2 0.7978515625 0.60302734375 0.10498046875 0.046875