7 0.724609375 0.484375 0.044921875 0.056640625
7 0.880859375 0.47900390625 0.046875 0.0576171875
7 0.88134765625 0.54638671875 0.0458984375 0.0576171875
7 0.87890625 0.61767578125 0.05078125 0.0615234375
7 0.72314453125 0.55224609375 0.0458984375 0.0556640625
7 0.7138671875 0.728515625 0.05078125 0.060546875
7 0.7138671875 0.7998046875 0.046875 0.056640625
7 0.58203125 0.48388671875 0.044921875 0.0556640625
7 0.58203125 0.5517578125 0.044921875 0.056640625
7 0.15087890625 0.48095703125 0.0439453125 0.0380859375
7 0.1474609375 0.53076171875 0.0390625 0.0419921875
7 0.30224609375 0.47216796875 0.0400390625 0.0478515625
7 0.302734375 0.52587890625 0.041015625 0.0400390625
7 0.30224609375 0.57470703125 0.0439453125 0.0380859375
7 0.302734375 0.6259765625 0.041015625 0.044921875
7 0.30224609375 0.677734375 0.0400390625 0.041015625
7 0.30029296875 0.72900390625 0.0439453125 0.0380859375
7 0.30078125 0.77880859375 0.04296875 0.0380859375