5 0.087890625 0.0693359375 0.103515625 0.02294921875
5 0.07763671875 0.119140625 0.0810546875 0.01318359375
5 0.11181640625 0.16064453125 0.1484375 0.0166015625
5 0.1025390625 0.20849609375 0.1337890625 0.01904296875
5 0.08740234375 0.4296875 0.10107421875 0.0166015625
5 0.07177734375 0.3076171875 0.03125 0.01708984375
5 0.07666015625 0.27685546875 0.04052734375 0.01611328125
5 0.0673828125 0.24267578125 0.02294921875 0.01513671875
5 0.06689453125 0.384765625 0.060546875 0.0146484375
5 0.08544921875 0.4755859375 0.09765625 0.01708984375
5 0.04833984375 0.5732421875 0.02294921875 0.01611328125
5 0.08642578125 0.6884765625 0.09912109375 0.0185546875
5 0.4013671875 0.2177734375 0.04443359375 0.02587890625
5 0.39306640625 0.310546875 0.03076171875 0.01611328125
5 0.52001953125 0.25244140625 0.28271484375 0.0185546875
5 0.4892578125 0.3095703125 0.0244140625 0.0166015625
5 0.39990234375 0.3779296875 0.03955078125 0.021484375
5 0.39794921875 0.46337890625 0.0361328125 0.01904296875
5 0.39990234375 0.51953125 0.03955078125 0.0185546875
5 0.4228515625 0.5751953125 0.0859375 0.0205078125
5 0.41796875 0.63037109375 0.07763671875 0.0224609375
5 0.4130859375 0.68359375 0.06396484375 0.0205078125
5 0.40234375 0.7685546875 0.04443359375 0.01513671875
5 0.4169921875 0.8232421875 0.078125 0.0185546875
5 0.42041015625 0.87744140625 0.0810546875 0.021484375
7 0.24755859375 0.162109375 0.02880859375 0.02490234375
7 0.2470703125 0.43115234375 0.03076171875 0.02490234375
2 0.14892578125 0.5166015625 0.224609375 0.046875
4 0.1494140625 0.7294921875 0.22705078125 0.0458984375
0 0.91162109375 0.068359375 0.1005859375 0.04150390625
0 0.82373046875 0.06689453125 0.05810546875 0.0419921875
1 0.044921875 0.244140625 0.013671875 0.02099609375
1 0.044921875 0.27587890625 0.013671875 0.0224609375
1 0.04443359375 0.30908203125 0.01416015625 0.02099609375
0 0.4755859375 0.06884765625 0.068359375 0.03662109375
5 0.33203125 0.06884765625 0.041015625 0.0205078125
5 0.4052734375 0.06787109375 0.0458984375 0.0166015625
3 0.05615234375 0.623046875 0.03173828125 0.048828125
3 0.091796875 0.6240234375 0.02001953125 0.02587890625
3 0.12255859375 0.62451171875 0.01806640625 0.02685546875
3 0.1572265625 0.625 0.01953125 0.02783203125
3 0.18994140625 0.623046875 0.01611328125 0.03173828125
3 0.24072265625 0.623046875 0.03369140625 0.048828125