3 0.06884765625 0.4443359375 0.0419921875 0.06640625
3 0.06982421875 0.5927734375 0.0478515625 0.0703125
3 0.0712890625 0.7412109375 0.037109375 0.068359375
3 0.0703125 0.88818359375 0.03515625 0.0751953125
4 0.46484375 0.2509765625 0.6640625 0.146484375
4 0.5458984375 0.45654296875 0.4921875 0.1318359375
4 0.54443359375 0.60107421875 0.4970703125 0.1279296875
4 0.544921875 0.7509765625 0.498046875 0.123046875
4 0.5439453125 0.896484375 0.5 0.125
3 0.87060546875 0.44580078125 0.0615234375 0.0654296875
3 0.8671875 0.5927734375 0.052734375 0.078125
3 0.8671875 0.73974609375 0.052734375 0.0751953125
3 0.8671875 0.88818359375 0.0546875 0.0791015625
5 0.2998046875 0.1708984375 0.259765625 0.0546875