1 0.06884765625 0.20458984375 0.0654296875 0.0537109375
3 0.072265625 0.0595703125 0.0859375 0.068359375
3 0.25 0.06591796875 0.072265625 0.0751953125
3 0.4228515625 0.0634765625 0.09765625 0.068359375
3 0.5888671875 0.06591796875 0.09765625 0.0673828125
3 0.759765625 0.06494140625 0.080078125 0.0771484375
3 0.9345703125 0.0595703125 0.09765625 0.078125
3 0.10791015625 0.4150390625 0.0908203125 0.06640625
3 0.54931640625 0.4169921875 0.0634765625 0.0546875
3 0.92822265625 0.4189453125 0.0791015625 0.0625
3 0.8583984375 0.88427734375 0.083984375 0.0634765625
7 0.71142578125 0.6572265625 0.0732421875 0.0390625
3 0.95068359375 0.3251953125 0.0517578125 0.05078125