3 0.1845703125 0.1513671875 0.01611328125 0.013671875
3 0.18408203125 0.19189453125 0.02294921875 0.01318359375
3 0.185546875 0.2333984375 0.02294921875 0.01318359375
3 0.1845703125 0.27197265625 0.02734375 0.01220703125
4 0.52587890625 0.099609375 0.77978515625 0.02783203125
5 0.18359375 0.166015625 0.06787109375 0.0107421875
5 0.18212890625 0.2060546875 0.0595703125 0.0107421875
5 0.1845703125 0.2451171875 0.07861328125 0.0087890625
5 0.18701171875 0.28564453125 0.0556640625 0.01123046875
5 0.361328125 0.19189453125 0.08984375 0.0107421875
5 0.580078125 0.19287109375 0.11962890625 0.0107421875
5 0.796875 0.19140625 0.12353515625 0.013671875
2 0.4091796875 0.83056640625 0.25 0.0146484375
0 0.60009765625 0.76025390625 0.09912109375 0.0146484375
2 0.408203125 0.76025390625 0.25146484375 0.0146484375
0 0.7919921875 0.65966796875 0.048828125 0.013671875
0 0.79296875 0.6845703125 0.05029296875 0.01318359375
2 0.49267578125 0.5185546875 0.05029296875 0.0146484375
2 0.55078125 0.51904296875 0.05029296875 0.015625
2 0.49267578125 0.55908203125 0.05029296875 0.015625
2 0.55078125 0.5595703125 0.05029296875 0.0146484375
2 0.408203125 0.4443359375 0.25146484375 0.01611328125
1 0.59423828125 0.484375 0.01513671875 0.009765625
5 0.626953125 0.48486328125 0.0419921875 0.0107421875
5 0.32470703125 0.50390625 0.08984375 0.0107421875
5 0.3212890625 0.5458984375 0.0830078125 0.00830078125
4 0.36669921875 0.51953125 0.16552734375 0.0146484375
4 0.36669921875 0.5595703125 0.16845703125 0.0146484375
0 0.3037109375 0.48388671875 0.03955078125 0.013671875
0 0.34521484375 0.484375 0.04052734375 0.0146484375
0 0.38525390625 0.484375 0.03955078125 0.0146484375
0 0.4267578125 0.48486328125 0.04052734375 0.013671875
0 0.46728515625 0.48486328125 0.04052734375 0.013671875
0 0.50830078125 0.48486328125 0.04052734375 0.013671875
0 0.5498046875 0.484375 0.03955078125 0.0146484375
0 0.6005859375 0.51904296875 0.03271484375 0.015625
0 0.63330078125 0.51953125 0.03271484375 0.0146484375
0 0.60107421875 0.5595703125 0.03125 0.0146484375
0 0.63330078125 0.5595703125 0.03271484375 0.0146484375
0 0.69921875 0.759765625 0.09912109375 0.015625
4 0.44921875 0.34326171875 0.3330078125 0.0146484375
3 0.8974609375 0.06689453125 0.01513671875 0.00830078125
0 0.33740234375 0.87451171875 0.0908203125 0.0146484375
0 0.43896484375 0.87451171875 0.09765625 0.0146484375
0 0.55029296875 0.875 0.10888671875 0.015625