4 0.5009765625 0.0419921875 0.92138671875 0.056640625
5 0.142578125 0.11767578125 0.1904296875 0.0283203125
0 0.431640625 0.1201171875 0.2939453125 0.0546875
3 0.0849609375 0.20263671875 0.076171875 0.0380859375
2 0.5 0.294921875 0.99560546875 0.06640625
5 0.12890625 0.41943359375 0.21728515625 0.0263671875
5 0.1904296875 0.51513671875 0.3408203125 0.0263671875
5 0.22216796875 0.623046875 0.39013671875 0.0234375
5 0.26220703125 0.71875 0.484375 0.025390625
3 0.40478515625 0.517578125 0.060546875 0.025390625
3 0.2734375 0.41845703125 0.04931640625 0.0244140625
3 0.455078125 0.62255859375 0.0537109375 0.0322265625
3 0.54150390625 0.7177734375 0.04248046875 0.0234375
3 0.89794921875 0.46484375 0.10546875 0.04296875
4 0.42578125 0.46484375 0.7890625 0.044921875
2 0.5 0.560546875 0.92822265625 0.044921875
2 0.49755859375 0.666015625 0.91943359375 0.041015625
4 0.4990234375 0.76171875 0.92578125 0.044921875
5 0.18701171875 0.81396484375 0.32958984375 0.0263671875
5 0.11083984375 0.90966796875 0.181640625 0.0263671875
3 0.39111328125 0.8125 0.0517578125 0.0234375
3 0.2509765625 0.91259765625 0.05810546875 0.0244140625
4 0.4990234375 0.85888671875 0.92578125 0.0419921875
2 0.49658203125 0.955078125 0.92578125 0.0390625