0 0.81005859375 0.09130859375 0.0751953125 0.05322265625
3 0.87451171875 0.09033203125 0.009765625 0.0302734375
3 0.744140625 0.091796875 0.0185546875 0.0302734375
3 0.70166015625 0.09033203125 0.021484375 0.0244140625
3 0.66064453125 0.091796875 0.0234375 0.03271484375
5 0.486328125 0.16845703125 0.0615234375 0.01904296875
5 0.56591796875 0.1669921875 0.064453125 0.0302734375
5 0.2265625 0.3095703125 0.10693359375 0.0302734375
5 0.1796875 0.09130859375 0.123046875 0.0341796875
3 0.25927734375 0.09033203125 0.01171875 0.02197265625
3 0.28662109375 0.09033203125 0.01953125 0.02197265625