5 0.18701171875 0.4990234375 0.15576171875 0.02783203125
5 0.5009765625 0.34716796875 0.3056640625 0.03515625
5 0.1103515625 0.62060546875 0.06103515625 0.0224609375
5 0.11376953125 0.75390625 0.06103515625 0.0224609375
5 0.123046875 0.87109375 0.07958984375 0.0205078125
4 0.2900390625 0.67138671875 0.40185546875 0.0498046875
4 0.7109375 0.67138671875 0.41845703125 0.0537109375
4 0.50390625 0.8076171875 0.82958984375 0.0517578125
4 0.50390625 0.92138671875 0.82958984375 0.0498046875
5 0.1220703125 0.7099609375 0.07763671875 0.0205078125
5 0.537109375 0.7119140625 0.08154296875 0.02392578125
5 0.13232421875 0.9609375 0.10546875 0.0185546875