6 0.08349609375 0.54345703125 0.0654296875 0.0361328125
1 0.083984375 0.7236328125 0.056640625 0.033203125
6 0.08544921875 0.61767578125 0.0615234375 0.0380859375
1 0.0810546875 0.79833984375 0.056640625 0.0341796875
0 0.5068359375 0.43505859375 0.947265625 0.0576171875
3 0.1767578125 0.96337890625 0.07421875 0.0380859375
3 0.3955078125 0.96435546875 0.08984375 0.0400390625
3 0.6123046875 0.96435546875 0.072265625 0.0400390625
3 0.833984375 0.9638671875 0.087890625 0.044921875
5 0.2509765625 0.54296875 0.236328125 0.029296875
5 0.25146484375 0.619140625 0.2412109375 0.033203125
5 0.22998046875 0.72412109375 0.1943359375 0.0302734375
5 0.22998046875 0.79833984375 0.1943359375 0.0341796875
5 0.12548828125 0.21044921875 0.1669921875 0.0283203125
5 0.12353515625 0.310546875 0.1748046875 0.029296875
5 0.35693359375 0.15185546875 0.5517578125 0.0380859375
3 0.08837890625 0.0869140625 0.0458984375 0.03515625
3 0.1611328125 0.08935546875 0.056640625 0.0302734375
3 0.2314453125 0.08837890625 0.044921875 0.0341796875
3 0.7265625 0.08642578125 0.044921875 0.0341796875
3 0.7802734375 0.08837890625 0.04296875 0.0263671875
3 0.83984375 0.0869140625 0.0390625 0.03125