1 0.0869140625 0.4013671875 0.033203125 0.05078125
1 0.0849609375 0.47021484375 0.033203125 0.0478515625
1 0.0859375 0.5400390625 0.03515625 0.046875
1 0.0849609375 0.61181640625 0.033203125 0.0458984375
5 0.18115234375 0.40625 0.1337890625 0.064453125
5 0.18359375 0.4765625 0.134765625 0.056640625
5 0.1826171875 0.54638671875 0.138671875 0.0576171875
5 0.1826171875 0.6181640625 0.142578125 0.05859375
3 0.0576171875 0.0771484375 0.0390625 0.056640625
3 0.041015625 0.1962890625 0.037109375 0.060546875
3 0.11572265625 0.1953125 0.0380859375 0.05859375
3 0.18896484375 0.1982421875 0.0400390625 0.056640625
3 0.263671875 0.1962890625 0.041015625 0.060546875
3 0.525390625 0.076171875 0.02734375 0.033203125
3 0.61572265625 0.07861328125 0.0419921875 0.0537109375
3 0.9443359375 0.0400390625 0.03515625 0.029296875
3 0.35546875 0.19873046875 0.041015625 0.0576171875
3 0.6416015625 0.2021484375 0.046875 0.0546875
3 0.71630859375 0.2001953125 0.0400390625 0.056640625
3 0.80615234375 0.20068359375 0.0380859375 0.0576171875
3 0.88427734375 0.19921875 0.0478515625 0.060546875