1 0.17822265625 0.43896484375 0.0263671875 0.0439453125
1 0.349609375 0.4404296875 0.021484375 0.044921875
6 0.3828125 0.7373046875 0.025390625 0.048828125
6 0.1787109375 0.73779296875 0.0234375 0.0439453125
6 0.5869140625 0.73876953125 0.0234375 0.0400390625
5 0.25390625 0.443359375 0.123046875 0.046875
5 0.42724609375 0.44580078125 0.1201171875 0.0439453125
5 0.59619140625 0.44384765625 0.1240234375 0.0400390625
1 0.52001953125 0.43994140625 0.0244140625 0.0380859375
5 0.26806640625 0.74267578125 0.1513671875 0.0478515625
5 0.47265625 0.74267578125 0.15234375 0.0458984375
5 0.67919921875 0.74267578125 0.1533203125 0.0478515625
0 0.26171875 0.5830078125 0.189453125 0.099609375
0 0.48974609375 0.59033203125 0.1865234375 0.0869140625
0 0.71435546875 0.59033203125 0.1904296875 0.0888671875
0 0.287109375 0.8828125 0.234375 0.10546875
0 0.56298828125 0.89013671875 0.2392578125 0.0830078125
0 0.83544921875 0.8828125 0.2373046875 0.099609375