1 0.208984375 0.48486328125 0.041015625 0.0498046875
1 0.208984375 0.54931640625 0.0390625 0.0576171875
1 0.20947265625 0.61669921875 0.0400390625 0.0556640625
1 0.208984375 0.6826171875 0.03515625 0.0546875
1 0.208984375 0.75 0.041015625 0.056640625
5 0.25341796875 0.40380859375 0.1494140625 0.0400390625
5 0.24951171875 0.4873046875 0.0361328125 0.0390625
5 0.2578125 0.55078125 0.052734375 0.041015625
5 0.26904296875 0.61962890625 0.0810546875 0.0458984375
5 0.25390625 0.68603515625 0.044921875 0.0458984375
5 0.26171875 0.75341796875 0.06640625 0.0439453125