6 0.04931640625 0.04931640625 0.0751953125 0.0693359375
6 0.048828125 0.17138671875 0.076171875 0.0732421875
6 0.04736328125 0.29052734375 0.0693359375 0.0712890625
6 0.05029296875 0.4150390625 0.0751953125 0.068359375
6 0.0498046875 0.57958984375 0.072265625 0.0654296875
6 0.04931640625 0.79150390625 0.0771484375 0.0771484375
5 0.45263671875 0.05078125 0.6650390625 0.080078125
5 0.26953125 0.17236328125 0.310546875 0.0771484375
5 0.54931640625 0.2958984375 0.8720703125 0.078125
5 0.453125 0.4189453125 0.677734375 0.068359375
5 0.54345703125 0.5791015625 0.8466796875 0.1640625
5 0.5595703125 0.79345703125 0.87109375 0.1591796875
5 0.48779296875 0.94677734375 0.9736328125 0.0595703125