7 0.1767578125 0.12060546875 0.2109375 0.0888671875
7 0.41748046875 0.1220703125 0.1455078125 0.08984375
7 0.61962890625 0.12255859375 0.1494140625 0.0908203125
7 0.8388671875 0.1103515625 0.123046875 0.0625
7 0.1787109375 0.24853515625 0.21484375 0.0888671875
7 0.17822265625 0.37939453125 0.2138671875 0.0869140625
7 0.18212890625 0.76611328125 0.2001953125 0.0947265625
7 0.1826171875 0.8935546875 0.197265625 0.08984375
7 0.5283203125 0.5048828125 0.146484375 0.087890625
7 0.79443359375 0.5068359375 0.1513671875 0.08984375
7 0.41748046875 0.3798828125 0.1513671875 0.087890625
7 0.61767578125 0.3779296875 0.1494140625 0.095703125
7 0.41845703125 0.25439453125 0.1533203125 0.0888671875
7 0.61767578125 0.25634765625 0.1494140625 0.0908203125
7 0.83837890625 0.22119140625 0.1787109375 0.0908203125
7 0.83642578125 0.37744140625 0.1826171875 0.0888671875
7 0.17724609375 0.50537109375 0.2158203125 0.0908203125
7 0.17724609375 0.63525390625 0.2158203125 0.0888671875
7 0.8369140625 0.63427734375 0.162109375 0.0908203125
7 0.83837890625 0.765625 0.1533203125 0.087890625
7 0.83984375 0.89453125 0.15625 0.091796875
7 0.4287109375 0.89404296875 0.146484375 0.0947265625
7 0.61865234375 0.89501953125 0.1494140625 0.0888671875
7 0.42724609375 0.76611328125 0.1455078125 0.0927734375
7 0.615234375 0.76611328125 0.1484375 0.0888671875
7 0.42919921875 0.63916015625 0.1435546875 0.0888671875
7 0.6181640625 0.6396484375 0.14453125 0.091796875