4 0.53759765625 0.19482421875 0.818359375 0.0576171875
4 0.53564453125 0.30908203125 0.81396484375 0.05419921875
4 0.53759765625 0.42529296875 0.8154296875 0.0556640625
4 0.53759765625 0.53955078125 0.818359375 0.05419921875
4 0.5361328125 0.6552734375 0.8154296875 0.056640625
4 0.53515625 0.7705078125 0.818359375 0.05517578125
5 0.236328125 0.72412109375 0.21826171875 0.01806640625
5 0.18798828125 0.607421875 0.1162109375 0.01708984375
5 0.1650390625 0.49267578125 0.06689453125 0.0146484375
5 0.22021484375 0.38037109375 0.177734375 0.0146484375
5 0.1904296875 0.26416015625 0.13134765625 0.01806640625
5 0.1943359375 0.1484375 0.13134765625 0.02001953125