6 0.0947265625 0.15869140625 0.03125 0.0458984375
0 0.27734375 0.23193359375 0.083984375 0.0400390625
0 0.4365234375 0.23388671875 0.208984375 0.0380859375
0 0.27734375 0.61083984375 0.083984375 0.0419921875
0 0.43701171875 0.611328125 0.2080078125 0.04296875
0 0.27685546875 0.8251953125 0.0849609375 0.037109375
0 0.43994140625 0.8271484375 0.2080078125 0.0390625
3 0.5869140625 0.54248046875 0.0234375 0.0380859375
3 0.58544921875 0.16650390625 0.0263671875 0.0458984375
3 0.58642578125 0.75732421875 0.0205078125 0.0419921875
5 0.80029296875 0.107421875 0.1357421875 0.0390625
5 0.81005859375 0.18505859375 0.0830078125 0.0361328125
5 0.80908203125 0.22216796875 0.0830078125 0.0302734375
5 0.80078125 0.33251953125 0.1484375 0.0419921875
5 0.8095703125 0.41015625 0.08203125 0.033203125
5 0.80712890625 0.45166015625 0.0830078125 0.0322265625
5 0.79345703125 0.55908203125 0.1220703125 0.0380859375
5 0.8076171875 0.6396484375 0.0859375 0.037109375
5 0.80810546875 0.67626953125 0.0927734375 0.0361328125
6 0.74365234375 0.1845703125 0.0283203125 0.03515625
6 0.74658203125 0.2255859375 0.0283203125 0.0390625
6 0.74609375 0.4111328125 0.029296875 0.03515625
6 0.74609375 0.4501953125 0.029296875 0.0390625
1 0.74658203125 0.63525390625 0.0263671875 0.0400390625
1 0.7470703125 0.67529296875 0.0234375 0.0380859375
0 0.80908203125 0.78369140625 0.1513671875 0.0966796875
0 0.7587890625 0.95849609375 0.13671875 0.0615234375