0 0.16357421875 0.10400390625 0.1103515625 0.04248046875
0 0.275390625 0.10400390625 0.11376953125 0.04248046875
0 0.5048828125 0.107421875 0.115234375 0.04931640625
0 0.38916015625 0.103515625 0.11376953125 0.0439453125
0 0.28125 0.1416015625 0.1220703125 0.02197265625
0 0.28125 0.1669921875 0.12548828125 0.025390625
0 0.2802734375 0.19482421875 0.1201171875 0.0302734375
4 0.7119140625 0.11767578125 0.15576171875 0.03564453125
0 0.8349609375 0.1201171875 0.07958984375 0.03369140625
2 0.826171875 0.2646484375 0.12353515625 0.03369140625
2 0.828125 0.30908203125 0.126953125 0.02880859375
0 0.826171875 0.396484375 0.12353515625 0.03369140625
0 0.828125 0.365234375 0.12353515625 0.02197265625
0 0.828125 0.34130859375 0.126953125 0.02880859375
5 0.2060546875 0.5712890625 0.0458984375 0.013671875
5 0.2041015625 0.6357421875 0.052734375 0.01708984375
5 0.20166015625 0.6982421875 0.05419921875 0.02392578125
4 0.3388671875 0.634765625 0.20654296875 0.0322265625
4 0.3388671875 0.572265625 0.2099609375 0.0390625
0 0.57958984375 0.5458984375 0.078125 0.0302734375
0 0.578125 0.58837890625 0.078125 0.037109375
0 0.70849609375 0.54345703125 0.14599609375 0.0322265625
0 0.83740234375 0.5439453125 0.07470703125 0.03369140625
0 0.7060546875 0.58642578125 0.15087890625 0.02734375
0 0.83837890625 0.5888671875 0.07275390625 0.02880859375
0 0.59326171875 0.634765625 0.09814453125 0.0322265625
0 0.70947265625 0.6328125 0.09326171875 0.0322265625
0 0.8251953125 0.6357421875 0.0947265625 0.0302734375
1 0.3916015625 0.9375 0.0205078125 0.01708984375
1 0.421875 0.9365234375 0.0205078125 0.0185546875
1 0.4501953125 0.93798828125 0.0185546875 0.0185546875
6 0.392578125 0.9697265625 0.02197265625 0.0205078125
6 0.4228515625 0.9697265625 0.0185546875 0.0205078125
6 0.4482421875 0.97021484375 0.0185546875 0.0185546875
0 0.62451171875 0.26171875 0.13720703125 0.02880859375