0 0.79345703125 0.0693359375 0.11083984375 0.03173828125
0 0.787109375 0.11865234375 0.10791015625 0.0302734375
0 0.96533203125 0.02001953125 0.0615234375 0.0263671875
0 0.90771484375 0.01904296875 0.04443359375 0.02685546875
3 0.873046875 0.02001953125 0.01611328125 0.02783203125
0 0.8857421875 0.6171875 0.05859375 0.02685546875
3 0.9423828125 0.6162109375 0.0185546875 0.02685546875
0 0.97314453125 0.61669921875 0.03466796875 0.02685546875
0 0.95458984375 0.6865234375 0.033203125 0.0283203125
0 0.958984375 0.94970703125 0.03857421875 0.029296875
3 0.1376953125 0.0576171875 0.0185546875 0.02783203125
3 0.01123046875 0.01953125 0.01123046875 0.02294921875
3 0.0107421875 0.05810546875 0.01220703125 0.01953125
3 0.0107421875 0.0966796875 0.01318359375 0.0244140625
3 0.01123046875 0.1357421875 0.0126953125 0.0234375
3 0.0107421875 0.17431640625 0.01220703125 0.02392578125
3 0.05810546875 0.10498046875 0.0107421875 0.0185546875
3 0.11572265625 0.10546875 0.01123046875 0.01953125
4 0.08935546875 0.6162109375 0.1162109375 0.02734375
3 0.1396484375 0.6513671875 0.0146484375 0.0244140625
3 0.01123046875 0.90380859375 0.01123046875 0.01708984375
3 0.01123046875 0.943359375 0.0126953125 0.0224609375
3 0.01123046875 0.9814453125 0.0126953125 0.02197265625
1 0.28271484375 0.74267578125 0.01123046875 0.02099609375
1 0.2822265625 0.66650390625 0.01123046875 0.017578125
1 0.28271484375 0.81787109375 0.00927734375 0.01806640625
3 0.29541015625 0.74267578125 0.00927734375 0.02294921875
3 0.2958984375 0.8173828125 0.0087890625 0.015625
3 0.29541015625 0.89208984375 0.01123046875 0.02001953125
1 0.28271484375 0.89208984375 0.009765625 0.01953125
3 0.1748046875 0.892578125 0.01513671875 0.01806640625
3 0.17578125 0.81884765625 0.01318359375 0.0205078125
3 0.1767578125 0.7421875 0.01123046875 0.01953125
3 0.23486328125 0.7041015625 0.0087890625 0.0146484375
3 0.17529296875 0.6669921875 0.013671875 0.02490234375
3 0.23486328125 0.779296875 0.00927734375 0.01708984375
3 0.23486328125 0.85400390625 0.00927734375 0.0146484375
3 0.23486328125 0.92919921875 0.0087890625 0.01513671875
5 0.20458984375 0.890625 0.04150390625 0.01806640625
5 0.19482421875 0.7431640625 0.0224609375 0.017578125
5 0.20849609375 0.81884765625 0.04833984375 0.01513671875
5 0.2060546875 0.66796875 0.0419921875 0.02001953125
5 0.36669921875 0.6865234375 0.04150390625 0.01806640625
3 0.3369140625 0.68603515625 0.0146484375 0.02197265625
3 0.62744140625 0.68701171875 0.00927734375 0.017578125
5 0.7138671875 0.61767578125 0.04541015625 0.02001953125
5 0.78759765625 0.61767578125 0.05078125 0.0185546875
3 0.82177734375 0.6171875 0.0087890625 0.01513671875
7 0.7490234375 0.6162109375 0.01806640625 0.01708984375
2 0.92822265625 0.556640625 0.12451171875 0.02783203125
5 0.87939453125 0.49560546875 0.03076171875 0.0166015625
5 0.888671875 0.3974609375 0.04638671875 0.013671875
5 0.880859375 0.29638671875 0.02978515625 0.0166015625
5 0.8740234375 0.2333984375 0.01953125 0.01611328125
5 0.87255859375 0.13818359375 0.0185546875 0.01416015625
5 0.90673828125 0.0595703125 0.056640625 0.0146484375
3 0.87060546875 0.0576171875 0.00927734375 0.0146484375
3 0.97265625 0.05908203125 0.0078125 0.01318359375
3 0.986328125 0.0595703125 0.00830078125 0.015625
3 0.88818359375 0.138671875 0.01025390625 0.017578125
0 0.92822265625 0.19775390625 0.1259765625 0.0283203125
2 0.92822265625 0.36083984375 0.12451171875 0.02783203125
2 0.92822265625 0.4609375 0.12451171875 0.0263671875
0 0.92822265625 0.5224609375 0.12548828125 0.02685546875
3 0.96533203125 0.421875 0.00927734375 0.01318359375
3 0.97998046875 0.4228515625 0.0087890625 0.01611328125
2 0.2822265625 0.119140625 0.11474609375 0.03076171875
2 0.47900390625 0.11865234375 0.11474609375 0.03076171875
5 0.333984375 0.9013671875 0.01806640625 0.0126953125
5 0.66943359375 0.8984375 0.02099609375 0.01416015625
4 0.0888671875 0.14501953125 0.1162109375 0.02685546875
4 0.92822265625 0.26025390625 0.12255859375 0.02734375
4 0.92822265625 0.32275390625 0.12451171875 0.0283203125
3 0.4912109375 0.02001953125 0.0087890625 0.01416015625
3 0.5087890625 0.02001953125 0.0087890625 0.013671875
4 0.60693359375 0.0693359375 0.08154296875 0.03076171875
4 0.6923828125 0.0693359375 0.08154296875 0.03173828125
5 0.1923828125 0.1201171875 0.04248046875 0.01416015625
5 0.3798828125 0.1201171875 0.025390625 0.01416015625
3 0.15576171875 0.6162109375 0.0126953125 0.0205078125
3 0.29541015625 0.66748046875 0.00634765625 0.01708984375
3 0.9794921875 0.6865234375 0.00732421875 0.01171875
0 0.65673828125 0.79736328125 0.66064453125 0.02587890625
0 0.05517578125 0.0205078125 0.05810546875 0.0263671875
0 0.20068359375 0.287109375 0.06201171875 0.03173828125
1 0.84765625 0.6162109375 0.0087890625 0.01611328125