5 0.29248046875 0.357421875 0.14404296875 0.05712890625
5 0.2822265625 0.44287109375 0.1572265625 0.05859375
5 0.30908203125 0.583984375 0.1083984375 0.05712890625
5 0.31591796875 0.66796875 0.08544921875 0.05712890625
5 0.28759765625 0.74951171875 0.13916015625 0.06640625
5 0.28857421875 0.8837890625 0.14013671875 0.03857421875
5 0.291015625 0.96337890625 0.14501953125 0.0595703125
4 0.56787109375 0.36279296875 0.3916015625 0.05712890625
4 0.5703125 0.58935546875 0.39404296875 0.05712890625
4 0.5712890625 0.75 0.39404296875 0.05419921875
4 0.56884765625 0.88720703125 0.3916015625 0.05859375
4 0.5703125 0.970703125 0.38916015625 0.05322265625
2 0.5693359375 0.66845703125 0.3876953125 0.05322265625