5 0.27587890625 0.17626953125 0.115234375 0.04150390625
5 0.25830078125 0.216796875 0.07666015625 0.02294921875
5 0.25927734375 0.28662109375 0.0751953125 0.02001953125
5 0.291015625 0.3681640625 0.09814453125 0.01806640625
5 0.44677734375 0.74853515625 0.08642578125 0.03662109375
5 0.2958984375 0.74609375 0.09521484375 0.0380859375
5 0.16162109375 0.80712890625 0.09326171875 0.03466796875
5 0.09521484375 0.13818359375 0.0732421875 0.03466796875
5 0.19677734375 0.08935546875 0.06689453125 0.033203125
5 0.44091796875 0.11669921875 0.0751953125 0.03125
5 0.166015625 0.3330078125 0.06494140625 0.03955078125
5 0.453125 0.79052734375 0.10986328125 0.02490234375
5 0.4482421875 0.83349609375 0.08349609375 0.021484375
5 0.48681640625 0.90478515625 0.10009765625 0.021484375
5 0.3310546875 0.880859375 0.0849609375 0.02001953125
5 0.1923828125 0.94140625 0.0849609375 0.01806640625
5 0.29833984375 0.78466796875 0.0966796875 0.02294921875
5 0.29345703125 0.81689453125 0.09326171875 0.0283203125
5 0.16259765625 0.841796875 0.08837890625 0.021484375
5 0.16162109375 0.87841796875 0.08984375 0.02490234375
5 0.103515625 0.26171875 0.0634765625 0.0166015625
5 0.08642578125 0.16650390625 0.056640625 0.01513671875
5 0.083984375 0.20947265625 0.0517578125 0.01513671875
5 0.18994140625 0.1181640625 0.05322265625 0.01513671875
5 0.15673828125 0.3642578125 0.05322265625 0.01318359375
5 0.15478515625 0.40576171875 0.046875 0.01318359375
0 0.6533203125 0.34521484375 0.03662109375 0.0283203125
0 0.70849609375 0.67724609375 0.22314453125 0.04296875
0 0.7626953125 0.89794921875 0.11181640625 0.044921875
0 0.453125 0.36572265625 0.06689453125 0.03662109375
0 0.5498046875 0.234375 0.04345703125 0.02490234375
1 0.06494140625 0.259765625 0.009765625 0.009765625
1 0.2275390625 0.36767578125 0.01513671875 0.0166015625
1 0.13671875 0.45458984375 0.009765625 0.00830078125
1 0.13427734375 0.939453125 0.0185546875 0.01806640625
1 0.271484375 0.880859375 0.0166015625 0.0166015625
1 0.41650390625 0.90478515625 0.02001953125 0.01806640625
5 0.16748046875 0.4560546875 0.04833984375 0.01171875
4 0.35595703125 0.2509765625 0.26171875 0.0380859375
4 0.353515625 0.31640625 0.259765625 0.02978515625
4 0.107421875 0.22998046875 0.0849609375 0.02294921875
4 0.10595703125 0.18701171875 0.08837890625 0.02294921875
4 0.1650390625 0.37890625 0.0634765625 0.0263671875
4 0.16845703125 0.42236328125 0.06689453125 0.02294921875
4 0.6650390625 0.79541015625 0.2734375 0.044921875
4 0.66357421875 0.8369140625 0.2734375 0.044921875
0 0.87841796875 0.59423828125 0.0732421875 0.03955078125
0 0.8759765625 0.783203125 0.068359375 0.03955078125
1 0.16845703125 0.20947265625 0.009765625 0.01171875