0 0.1591796875 0.421875 0.08740234375 0.03662109375
0 0.9013671875 0.22509765625 0.09375 0.02685546875
6 0.4990234375 0.3203125 0.00927734375 0.01416015625
6 0.7294921875 0.32080078125 0.01025390625 0.01513671875
6 0.7294921875 0.34521484375 0.0087890625 0.01416015625
6 0.4990234375 0.3447265625 0.0087890625 0.013671875
6 0.4990234375 0.36865234375 0.00927734375 0.01416015625
1 0.49853515625 0.43408203125 0.0078125 0.0126953125
1 0.498046875 0.4580078125 0.0078125 0.01171875
1 0.498046875 0.48193359375 0.0078125 0.01220703125
1 0.498046875 0.50634765625 0.0078125 0.01220703125
1 0.498046875 0.53076171875 0.0078125 0.01123046875
1 0.498046875 0.59765625 0.0078125 0.01171875
5 0.548828125 0.3193359375 0.0859375 0.0185546875
5 0.52880859375 0.3427734375 0.0419921875 0.021484375
5 0.52734375 0.3662109375 0.04296875 0.01904296875
5 0.53271484375 0.431640625 0.05419921875 0.017578125
5 0.7529296875 0.31689453125 0.03076171875 0.01708984375
5 0.7548828125 0.34375 0.03955078125 0.01904296875
5 0.53173828125 0.458984375 0.052734375 0.01611328125
5 0.53515625 0.48193359375 0.06298828125 0.0224609375
5 0.51416015625 0.5048828125 0.02099609375 0.01904296875
5 0.5498046875 0.53173828125 0.091796875 0.02197265625
5 0.537109375 0.59619140625 0.0625 0.02490234375