5 0.142578125 0.27587890625 0.22802734375 0.0380859375
5 0.068359375 0.32666015625 0.10205078125 0.02587890625
5 0.0986328125 0.43310546875 0.1611328125 0.0302734375
5 0.5869140625 0.40185546875 0.10009765625 0.03271484375
5 0.60400390625 0.60302734375 0.1337890625 0.01953125
5 0.62353515625 0.71875 0.18505859375 0.02734375
5 0.60888671875 0.83251953125 0.14453125 0.02392578125
5 0.07568359375 0.76513671875 0.11669921875 0.02001953125
5 0.076171875 0.658203125 0.10888671875 0.03076171875
5 0.07666015625 0.55078125 0.0986328125 0.03076171875
4 0.2421875 0.376953125 0.4365234375 0.05419921875
4 0.2421875 0.48583984375 0.43212890625 0.052734375
4 0.2431640625 0.5947265625 0.4345703125 0.052734375
2 0.2431640625 0.705078125 0.43408203125 0.04931640625
2 0.24169921875 0.8134765625 0.4296875 0.05029296875
2 0.24365234375 0.9228515625 0.4326171875 0.05126953125
4 0.6904296875 0.4619140625 0.3056640625 0.076171875
4 0.755859375 0.65625 0.43701171875 0.064453125
4 0.7568359375 0.76904296875 0.4375 0.06689453125
0 0.9140625 0.853515625 0.11669921875 0.05029296875
4 0.75537109375 0.5361328125 0.4365234375 0.07373046875
4 0.90869140625 0.4609375 0.12841796875 0.07373046875
3 0.544921875 0.14990234375 0.04736328125 0.04638671875
3 0.75537109375 0.9306640625 0.04345703125 0.0498046875
3 0.85595703125 0.93408203125 0.0458984375 0.04296875
3 0.9638671875 0.9326171875 0.04052734375 0.04150390625