5 0.15380859375 0.1767578125 0.09765625 0.02685546875
5 0.55859375 0.18017578125 0.08251953125 0.033203125
5 0.53515625 0.30322265625 0.03515625 0.02685546875
5 0.7373046875 0.30517578125 0.044921875 0.0234375
5 0.14892578125 0.306640625 0.07763671875 0.02685546875
5 0.14892578125 0.42822265625 0.07763671875 0.02978515625
5 0.54248046875 0.43017578125 0.05517578125 0.02685546875
5 0.60888671875 0.63330078125 0.177734375 0.02685546875
5 0.6201171875 0.7568359375 0.2099609375 0.02685546875
5 0.205078125 0.759765625 0.1748046875 0.02685546875
5 0.23388671875 0.63818359375 0.2373046875 0.02978515625
5 0.177734375 0.580078125 0.16015625 0.0400390625
5 0.2001953125 0.88330078125 0.1650390625 0.033203125
5 0.419921875 0.76318359375 0.134765625 0.033203125
5 0.4189453125 0.88330078125 0.142578125 0.033203125
5 0.8251953125 0.634765625 0.14501953125 0.03662109375
2 0.705078125 0.81494140625 0.375 0.0634765625
2 0.8037109375 0.36181640625 0.177734375 0.0634765625
4 0.7060546875 0.23681640625 0.37744140625 0.06689453125
4 0.30126953125 0.23486328125 0.38232421875 0.06982421875
4 0.302734375 0.36181640625 0.375 0.0634765625
4 0.6064453125 0.3583984375 0.177734375 0.0634765625
4 0.548828125 0.48681640625 0.072265625 0.06689453125
4 0.63232421875 0.48486328125 0.06982421875 0.0634765625
4 0.72265625 0.48486328125 0.0849609375 0.0634765625
4 0.30126953125 0.4833984375 0.37744140625 0.06689453125
4 0.2998046875 0.68994140625 0.375 0.06005859375
4 0.70361328125 0.693359375 0.37744140625 0.06005859375
4 0.30126953125 0.81689453125 0.37744140625 0.06689453125
4 0.30126953125 0.93994140625 0.37255859375 0.06005859375