2 0.37451171875 0.216796875 0.2060546875 0.0966796875
0 0.93115234375 0.2412109375 0.0927734375 0.05419921875
0 0.931640625 0.3203125 0.091796875 0.05712890625
0 0.81640625 0.3857421875 0.052734375 0.03515625
0 0.37451171875 0.8759765625 0.1376953125 0.05712890625
0 0.55224609375 0.900390625 0.0556640625 0.0908203125
0 0.62451171875 0.90185546875 0.0615234375 0.0849609375
0 0.70068359375 0.90234375 0.0595703125 0.10107421875
1 0.056640625 0.15966796875 0.021484375 0.03515625
6 0.05419921875 0.22802734375 0.0263671875 0.03662109375
6 0.05615234375 0.3037109375 0.0224609375 0.03515625
5 0.30615234375 0.5390625 0.0419921875 0.02197265625
5 0.3935546875 0.53662109375 0.03515625 0.0205078125
5 0.310546875 0.63720703125 0.041015625 0.02490234375
3 0.2978515625 0.09912109375 0.021484375 0.03662109375
3 0.33642578125 0.09619140625 0.0224609375 0.03955078125
3 0.3759765625 0.0966796875 0.025390625 0.0380859375
3 0.41455078125 0.09765625 0.0244140625 0.03369140625
3 0.455078125 0.10107421875 0.033203125 0.046875
3 0.6767578125 0.10986328125 0.037109375 0.052734375
3 0.7412109375 0.10986328125 0.029296875 0.0439453125
3 0.80615234375 0.10986328125 0.0283203125 0.03515625
3 0.87158203125 0.10986328125 0.0302734375 0.0439453125
3 0.93603515625 0.11083984375 0.0283203125 0.03955078125
3 0.79931640625 0.51708984375 0.0263671875 0.04248046875
3 0.55615234375 0.2998046875 0.0224609375 0.03662109375
3 0.5576171875 0.34228515625 0.021484375 0.03369140625
3 0.64990234375 0.29638671875 0.0263671875 0.03515625
3 0.65234375 0.341796875 0.021484375 0.041015625
5 0.5830078125 0.30126953125 0.029296875 0.03076171875
5 0.58349609375 0.34033203125 0.0263671875 0.0234375
5 0.685546875 0.2978515625 0.0390625 0.029296875
5 0.68701171875 0.33935546875 0.0380859375 0.02490234375
4 0.12255859375 0.80810546875 0.1689453125 0.05859375
5 0.05322265625 0.7568359375 0.0341796875 0.0263671875
3 0.29736328125 0.34228515625 0.0263671875 0.04248046875
3 0.37353515625 0.34326171875 0.0244140625 0.046875
3 0.447265625 0.3447265625 0.025390625 0.046875
2 0.1259765625 0.09033203125 0.203125 0.05419921875
0 0.30810546875 0.78466796875 0.0478515625 0.03515625
0 0.3740234375 0.7822265625 0.048828125 0.03662109375
2 0.37158203125 0.4794921875 0.1708984375 0.0498046875
3 0.78662109375 0.599609375 0.0224609375 0.03515625
0 0.43798828125 0.78369140625 0.0478515625 0.03369140625