4 0.78857421875 0.5107421875 0.27978515625 0.04833984375
4 0.7890625 0.58251953125 0.2802734375 0.048828125
4 0.78759765625 0.73583984375 0.27685546875 0.2109375
0 0.61669921875 0.89111328125 0.15087890625 0.05322265625
0 0.78564453125 0.892578125 0.15087890625 0.0556640625
5 0.51220703125 0.65478515625 0.07470703125 0.03955078125
5 0.55029296875 0.50927734375 0.1669921875 0.0322265625
5 0.50439453125 0.5830078125 0.0634765625 0.0341796875
1 0.11474609375 0.3271484375 0.02001953125 0.0224609375
1 0.11474609375 0.4599609375 0.01953125 0.02392578125
1 0.1142578125 0.591796875 0.01904296875 0.02294921875
1 0.11474609375 0.7236328125 0.0205078125 0.02294921875
5 0.1728515625 0.3271484375 0.07177734375 0.03271484375
5 0.1728515625 0.458984375 0.07568359375 0.0380859375
5 0.17041015625 0.5927734375 0.07275390625 0.0380859375
5 0.171875 0.724609375 0.07275390625 0.03466796875