0 0.044921875 0.07080078125 0.037109375 0.04736328125
0 0.0986328125 0.072265625 0.06884765625 0.05029296875
0 0.16943359375 0.0732421875 0.07080078125 0.0458984375
0 0.23193359375 0.0732421875 0.0556640625 0.048828125
0 0.2802734375 0.07373046875 0.03955078125 0.04736328125
2 0.328125 0.07373046875 0.0576171875 0.04736328125
2 0.39697265625 0.0732421875 0.07958984375 0.0458984375
0 0.4736328125 0.07373046875 0.07470703125 0.04736328125
0 0.5400390625 0.07373046875 0.05908203125 0.0439453125
0 0.97021484375 0.19921875 0.03515625 0.03955078125
2 0.9365234375 0.07470703125 0.11474609375 0.0458984375
5 0.208984375 0.29052734375 0.02685546875 0.03369140625
5 0.24267578125 0.29150390625 0.03271484375 0.03173828125
5 0.27685546875 0.29150390625 0.0224609375 0.02587890625
5 0.31591796875 0.29296875 0.037109375 0.02880859375
5 0.35546875 0.29248046875 0.02685546875 0.02734375
5 0.3896484375 0.29248046875 0.029296875 0.02734375
3 0.20556640625 0.35302734375 0.02197265625 0.03662109375
3 0.234375 0.35302734375 0.017578125 0.03662109375
3 0.3662109375 0.35400390625 0.01806640625 0.04736328125
3 0.39111328125 0.35693359375 0.01513671875 0.04736328125
3 0.36181640625 0.41015625 0.01953125 0.041015625
3 0.42041015625 0.35302734375 0.017578125 0.03955078125
3 0.44580078125 0.35302734375 0.0234375 0.03662109375
3 0.4716796875 0.35009765625 0.01953125 0.04248046875
3 0.49560546875 0.3515625 0.0205078125 0.03955078125
3 0.5283203125 0.3515625 0.0205078125 0.03955078125
3 0.56494140625 0.3515625 0.01513671875 0.03369140625
3 0.60205078125 0.3515625 0.0166015625 0.03955078125
3 0.6259765625 0.3515625 0.0205078125 0.0458984375
3 0.6572265625 0.3515625 0.02099609375 0.04248046875
3 0.681640625 0.3515625 0.01904296875 0.0458984375
3 0.20703125 0.4111328125 0.02392578125 0.048828125
3 0.232421875 0.4111328125 0.02099609375 0.04248046875
3 0.25732421875 0.41162109375 0.01953125 0.0380859375
3 0.2880859375 0.4111328125 0.01806640625 0.04248046875
3 0.32568359375 0.41015625 0.017578125 0.041015625
2 0.29833984375 0.35302734375 0.1015625 0.0576171875
3 0.54736328125 0.3525390625 0.01513671875 0.02587890625
3 0.5830078125 0.3525390625 0.01220703125 0.02587890625