4 0.19921875 0.134765625 0.39794921875 0.03466796875
5 0.04736328125 0.236328125 0.03173828125 0.02978515625
5 0.04833984375 0.265625 0.0341796875 0.0224609375
5 0.078125 0.306640625 0.04248046875 0.033203125
5 0.072265625 0.353515625 0.02978515625 0.03125
5 0.07373046875 0.38232421875 0.083984375 0.017578125
5 0.0732421875 0.416015625 0.0380859375 0.02783203125
5 0.072265625 0.4638671875 0.02978515625 0.0322265625
5 0.37890625 0.3173828125 0.0751953125 0.02783203125
4 0.38525390625 0.408203125 0.14208984375 0.03662109375
4 0.38623046875 0.45263671875 0.1435546875 0.03466796875
4 0.38671875 0.49755859375 0.14453125 0.033203125
0 0.3857421875 0.5439453125 0.14697265625 0.03662109375
5 0.38671875 0.587890625 0.12451171875 0.03564453125
5 0.07958984375 0.49462890625 0.09619140625 0.015625
5 0.06982421875 0.525390625 0.07568359375 0.01318359375
5 0.08349609375 0.58203125 0.1044921875 0.017578125
5 0.05322265625 0.61279296875 0.03955078125 0.0146484375
5 0.056640625 0.677734375 0.046875 0.0224609375
5 0.04736328125 0.70556640625 0.0341796875 0.01318359375
5 0.04296875 0.77099609375 0.02294921875 0.0224609375
2 0.15869140625 0.5556640625 0.24853515625 0.02880859375
2 0.1591796875 0.6416015625 0.25048828125 0.0322265625
2 0.1591796875 0.73388671875 0.2470703125 0.02783203125
2 0.158203125 0.79736328125 0.24560546875 0.02978515625
3 0.42578125 0.1337890625 0.01171875 0.02783203125
3 0.4912109375 0.17626953125 0.0087890625 0.025390625
3 0.50537109375 0.1796875 0.01416015625 0.0166015625