5 0.28271484375 0.52392578125 0.08642578125 0.025390625
5 0.27734375 0.60009765625 0.08984375 0.03564453125
5 0.2880859375 0.6796875 0.07568359375 0.04296875
5 0.26904296875 0.751953125 0.10693359375 0.0302734375
5 0.28955078125 0.8330078125 0.072265625 0.04052734375
5 0.2958984375 0.8974609375 0.05712890625 0.03271484375
5 0.2880859375 0.96826171875 0.06884765625 0.0380859375
2 0.46630859375 0.8330078125 0.26025390625 0.0302734375
2 0.46533203125 0.90234375 0.26220703125 0.03271484375
2 0.46533203125 0.96826171875 0.26220703125 0.03271484375
4 0.53125 0.52294921875 0.39306640625 0.05322265625
4 0.470703125 0.60107421875 0.2724609375 0.05322265625
4 0.5302734375 0.6787109375 0.3916015625 0.0556640625
4 0.53173828125 0.7568359375 0.39501953125 0.0556640625
5 0.48095703125 0.1328125 0.04150390625 0.03271484375
5 0.572265625 0.13671875 0.08251953125 0.0302734375
5 0.6630859375 0.13427734375 0.04296875 0.0302734375
5 0.7802734375 0.13671875 0.14306640625 0.03564453125