1 0.04931640625 0.32373046875 0.0283203125 0.0341796875
1 0.0478515625 0.41455078125 0.029296875 0.0322265625
1 0.04931640625 0.49853515625 0.0283203125 0.0322265625
1 0.0478515625 0.58837890625 0.029296875 0.0341796875
1 0.0498046875 0.67578125 0.033203125 0.03515625
1 0.05029296875 0.7626953125 0.0322265625 0.03125
1 0.087890625 0.90185546875 0.02734375 0.0283203125
1 0.517578125 0.18408203125 0.02734375 0.0361328125
5 0.10791015625 0.24267578125 0.1689453125 0.0400390625
5 0.15478515625 0.32861328125 0.1630859375 0.0400390625
5 0.15234375 0.4169921875 0.158203125 0.03515625
5 0.1572265625 0.50439453125 0.16015625 0.0341796875
5 0.154296875 0.5888671875 0.166015625 0.041015625
5 0.15576171875 0.6806640625 0.1552734375 0.048828125
5 0.1533203125 0.7646484375 0.16015625 0.04296875
5 0.2333984375 0.9599609375 0.16796875 0.041015625