1 0.11181640625 0.43212890625 0.0283203125 0.0498046875
1 0.11083984375 0.49462890625 0.0283203125 0.0458984375
1 0.1123046875 0.62939453125 0.02734375 0.0458984375
1 0.11083984375 0.56396484375 0.0283203125 0.0458984375
6 0.40576171875 0.4326171875 0.0302734375 0.046875
6 0.40576171875 0.50048828125 0.0263671875 0.0478515625
6 0.40478515625 0.630859375 0.0302734375 0.056640625
6 0.404296875 0.5634765625 0.02734375 0.046875
2 0.794921875 0.4462890625 0.21484375 0.072265625
2 0.7939453125 0.54736328125 0.21484375 0.0751953125
2 0.7958984375 0.64208984375 0.216796875 0.0751953125