2 0.478515625 0.58251953125 0.849609375 0.0595703125
6 0.0830078125 0.46826171875 0.06640625 0.0341796875
6 0.369140625 0.47021484375 0.06640625 0.0380859375
6 0.36962890625 0.69384765625 0.0654296875 0.0341796875
6 0.080078125 0.69189453125 0.07421875 0.0400390625
1 0.07861328125 0.90087890625 0.0537109375 0.0283203125
1 0.4755859375 0.90087890625 0.056640625 0.0263671875
1 0.07958984375 0.94775390625 0.0595703125 0.0341796875
4 0.5029296875 0.79150390625 0.890625 0.0576171875
4 0.4951171875 0.34228515625 0.884765625 0.0537109375
5 0.2080078125 0.46875 0.14453125 0.03125
5 0.5322265625 0.4677734375 0.22265625 0.029296875
5 0.185546875 0.6923828125 0.09765625 0.029296875
5 0.47265625 0.69384765625 0.103515625 0.0224609375
5 0.23828125 0.90771484375 0.240234375 0.0302734375
5 0.25830078125 0.94970703125 0.2763671875 0.0302734375
5 0.619140625 0.904296875 0.205078125 0.025390625