2 0.62109375 0.85595703125 0.7265625 0.0810546875
2 0.3037109375 0.31201171875 0.21484375 0.0908203125
0 0.361328125 0.94775390625 0.05859375 0.0615234375
0 0.291015625 0.94921875 0.068359375 0.078125
0 0.326171875 0.9970703125 0.001953125 0.001953125
4 0.39111328125 0.41357421875 0.2626953125 0.0888671875
4 0.39013671875 0.5029296875 0.2646484375 0.083984375
4 0.38671875 0.689453125 0.26171875 0.087890625
4 0.38818359375 0.7783203125 0.2626953125 0.0703125
4 0.38916015625 0.5947265625 0.2626953125 0.083984375
0 0.06298828125 0.1455078125 0.0712890625 0.078125
0 0.150390625 0.14599609375 0.091796875 0.0830078125