7 0.7255859375 0.23583984375 0.111328125 0.0791015625
7 0.72607421875 0.4482421875 0.1240234375 0.09765625
6 0.392578125 0.23779296875 0.044921875 0.0517578125
6 0.390625 0.44970703125 0.0625 0.0751953125
1 0.09228515625 0.23583984375 0.0380859375 0.0498046875
1 0.091796875 0.45068359375 0.05859375 0.0693359375
7 0.7255859375 0.65966796875 0.111328125 0.0751953125
7 0.7265625 0.8740234375 0.1171875 0.080078125
1 0.09423828125 0.66162109375 0.0400390625 0.0517578125
1 0.09375 0.87548828125 0.044921875 0.0498046875
6 0.39306640625 0.6611328125 0.0517578125 0.052734375
6 0.3935546875 0.876953125 0.04296875 0.048828125