1 0.51416015625 0.44287109375 0.0537109375 0.0654296875
1 0.5146484375 0.53173828125 0.046875 0.0654296875
1 0.68359375 0.66748046875 0.05078125 0.0634765625
1 0.68505859375 0.74072265625 0.0478515625 0.0615234375
6 0.0947265625 0.45068359375 0.060546875 0.0751953125
6 0.09521484375 0.53271484375 0.0576171875 0.0673828125
6 0.263671875 0.66943359375 0.048828125 0.0673828125
6 0.26416015625 0.744140625 0.0478515625 0.056640625
7 0.123046875 0.8515625 0.111328125 0.076171875
0 0.14892578125 0.291015625 0.1865234375 0.09375
0 0.36474609375 0.2880859375 0.1806640625 0.095703125
0 0.53955078125 0.29150390625 0.1220703125 0.0947265625
0 0.68408203125 0.294921875 0.1162109375 0.095703125