7 0.12939453125 0.091796875 0.2236328125 0.111328125
7 0.36279296875 0.091796875 0.2236328125 0.107421875
7 0.35986328125 0.23681640625 0.2119140625 0.0947265625
7 0.13232421875 0.2392578125 0.2099609375 0.095703125
7 0.13525390625 0.3798828125 0.1767578125 0.087890625
7 0.13525390625 0.5166015625 0.1708984375 0.087890625
7 0.123046875 0.6533203125 0.21875 0.109375
7 0.3525390625 0.38037109375 0.173828125 0.0888671875
7 0.35595703125 0.51806640625 0.1708984375 0.0830078125
7 0.36181640625 0.65380859375 0.2197265625 0.1201171875
7 0.64501953125 0.0966796875 0.2177734375 0.111328125
7 0.87646484375 0.09521484375 0.2177734375 0.1025390625
7 0.64892578125 0.2353515625 0.2080078125 0.09765625
7 0.876953125 0.23486328125 0.2109375 0.1025390625
7 0.8759765625 0.37451171875 0.2109375 0.1025390625
7 0.64697265625 0.37744140625 0.2119140625 0.1044921875
7 0.65185546875 0.51904296875 0.1708984375 0.0966796875
7 0.87109375 0.515625 0.1796875 0.08984375
7 0.64501953125 0.65673828125 0.2099609375 0.0908203125
7 0.87548828125 0.65576171875 0.2041015625 0.0966796875