0 0.12841796875 0.15771484375 0.14990234375 0.0283203125
0 0.2841796875 0.16064453125 0.15185546875 0.025390625
5 0.13427734375 0.23828125 0.115234375 0.01904296875
5 0.13427734375 0.26611328125 0.11181640625 0.02197265625
5 0.1533203125 0.2958984375 0.14013671875 0.02001953125
5 0.18505859375 0.32275390625 0.216796875 0.01904296875
5 0.125 0.35009765625 0.0966796875 0.01708984375
5 0.12646484375 0.37646484375 0.08984375 0.01904296875
5 0.1064453125 0.40576171875 0.06689453125 0.01708984375
5 0.11328125 0.43310546875 0.06982421875 0.02197265625
5 0.75341796875 0.4345703125 0.05322265625 0.02294921875
5 0.134765625 0.6572265625 0.1064453125 0.015625
5 0.19482421875 0.69775390625 0.22021484375 0.0146484375
5 0.14013671875 0.74609375 0.12646484375 0.01708984375
5 0.16357421875 0.77685546875 0.169921875 0.015625
5 0.12939453125 0.8046875 0.1181640625 0.01611328125
5 0.142578125 0.8330078125 0.13818359375 0.0146484375
5 0.15576171875 0.8603515625 0.1650390625 0.01904296875
0 0.79345703125 0.49609375 0.22314453125 0.0400390625
0 0.7958984375 0.91259765625 0.2216796875 0.0380859375
0 0.12646484375 0.578125 0.1533203125 0.02294921875
0 0.2841796875 0.57666015625 0.15478515625 0.025390625
4 0.609375 0.23779296875 0.6015625 0.02734375
4 0.607421875 0.265625 0.6015625 0.02294921875
4 0.6083984375 0.29248046875 0.5966796875 0.025390625
4 0.609375 0.3212890625 0.59814453125 0.02197265625
4 0.607421875 0.349609375 0.6015625 0.0234375
4 0.6083984375 0.37744140625 0.60009765625 0.02294921875
4 0.6083984375 0.40576171875 0.5966796875 0.0244140625
4 0.84765625 0.43359375 0.11181640625 0.0263671875
2 0.490234375 0.4345703125 0.36669921875 0.0244140625
2 0.427734375 0.80419921875 0.23828125 0.02294921875
2 0.3681640625 0.8603515625 0.11669921875 0.02197265625
2 0.49169921875 0.8603515625 0.1201171875 0.0234375
4 0.3681640625 0.65478515625 0.11669921875 0.025390625
4 0.49267578125 0.6552734375 0.1181640625 0.0263671875
4 0.61328125 0.65576171875 0.11669921875 0.025390625
4 0.607421875 0.77685546875 0.6015625 0.0244140625
4 0.6064453125 0.8330078125 0.60009765625 0.0234375
5 0.27734375 0.75 0.0849609375 0.0126953125
5 0.40771484375 0.74853515625 0.08837890625 0.0126953125
6 0.21728515625 0.7490234375 0.021484375 0.01171875
6 0.353515625 0.74853515625 0.0234375 0.0126953125