5 0.10009765625 0.158203125 0.09228515625 0.03466796875
5 0.10400390625 0.26025390625 0.0986328125 0.0244140625
5 0.1025390625 0.3330078125 0.09912109375 0.0244140625
5 0.08349609375 0.40478515625 0.0654296875 0.02783203125
5 0.08203125 0.4794921875 0.05615234375 0.0244140625
5 0.1064453125 0.5517578125 0.10546875 0.02685546875
5 0.1259765625 0.623046875 0.1474609375 0.02587890625
0 0.3671875 0.63134765625 0.27978515625 0.06494140625
5 0.2783203125 0.68994140625 0.08349609375 0.02783203125
5 0.27587890625 0.74658203125 0.07666015625 0.0224609375
5 0.2666015625 0.8037109375 0.0615234375 0.0234375
5 0.3115234375 0.86279296875 0.1474609375 0.02685546875
4 0.3662109375 0.54931640625 0.2978515625 0.05712890625
4 0.36572265625 0.26025390625 0.296875 0.0556640625
4 0.36669921875 0.33251953125 0.2978515625 0.0546875
4 0.3662109375 0.40478515625 0.29833984375 0.05712890625
5 0.68359375 0.11474609375 0.1171875 0.03466796875
5 0.7001953125 0.0361328125 0.0888671875 0.0234375
5 0.814453125 0.0361328125 0.0537109375 0.02783203125
5 0.67724609375 0.6982421875 0.10302734375 0.02880859375
5 0.67138671875 0.77099609375 0.0927734375 0.02880859375
5 0.6494140625 0.94140625 0.0478515625 0.0234375
4 0.865234375 0.94287109375 0.23193359375 0.0556640625
4 0.86572265625 0.69775390625 0.2314453125 0.05712890625
4 0.86572265625 0.7705078125 0.23291015625 0.0546875
3 0.04541015625 0.54931640625 0.0126953125 0.05029296875
3 0.525390625 0.55078125 0.01171875 0.0556640625
3 0.64794921875 0.39404296875 0.0146484375 0.02783203125
3 0.6484375 0.451171875 0.015625 0.03125
3 0.6494140625 0.51025390625 0.0107421875 0.02587890625
3 0.64892578125 0.56640625 0.01025390625 0.02685546875
3 0.64892578125 0.62548828125 0.01171875 0.02685546875
3 0.96142578125 0.39306640625 0.0224609375 0.01318359375
3 0.9609375 0.4501953125 0.02197265625 0.01318359375
3 0.9599609375 0.50830078125 0.02197265625 0.01318359375
3 0.96044921875 0.5673828125 0.01953125 0.01123046875
3 0.96044921875 0.62451171875 0.0166015625 0.0087890625
0 0.716796875 0.26318359375 0.17578125 0.0458984375
0 0.8935546875 0.263671875 0.1767578125 0.046875
3 0.9697265625 0.11181640625 0.0234375 0.01318359375
3 0.96923828125 0.197265625 0.0224609375 0.02783203125
3 0.9697265625 0.875 0.01953125 0.0244140625
5 0.6494140625 0.873046875 0.05078125 0.0302734375
5 0.65283203125 0.19677734375 0.04931640625 0.03369140625