7 0.8896484375 0.541015625 0.138671875 0.041015625
7 0.88916015625 0.7353515625 0.1396484375 0.041015625
7 0.888671875 0.7919921875 0.13671875 0.041015625
7 0.888671875 0.8466796875 0.138671875 0.0390625
6 0.072265625 0.185546875 0.060546875 0.03125
6 0.07275390625 0.26171875 0.0556640625 0.033203125
6 0.07275390625 0.33642578125 0.0615234375 0.0302734375
5 0.25390625 0.17529296875 0.24609375 0.0302734375
5 0.30908203125 0.25146484375 0.3525390625 0.0205078125
5 0.240234375 0.3271484375 0.21484375 0.02734375
5 0.1279296875 0.08251953125 0.09375 0.0380859375
5 0.50146484375 0.0830078125 0.3232421875 0.03515625
5 0.1279296875 0.736328125 0.169921875 0.025390625
5 0.205078125 0.7919921875 0.330078125 0.02734375
5 0.19189453125 0.84814453125 0.3076171875 0.0263671875
5 0.3046875 0.68798828125 0.533203125 0.0263671875
5 0.3544921875 0.53857421875 0.62890625 0.0517578125
5 0.2646484375 0.478515625 0.44140625 0.025390625
3 0.30224609375 0.927734375 0.0634765625 0.029296875
3 0.1005859375 0.92822265625 0.056640625 0.0341796875
3 0.5 0.92822265625 0.056640625 0.0302734375
3 0.701171875 0.9287109375 0.060546875 0.03125
3 0.900390625 0.9287109375 0.072265625 0.03515625
3 0.0537109375 0.08251953125 0.04296875 0.0419921875