6 0.07470703125 0.388671875 0.0361328125 0.068359375
1 0.5751953125 0.3876953125 0.033203125 0.06640625
1 0.5751953125 0.58642578125 0.03515625 0.0673828125
6 0.0751953125 0.58642578125 0.033203125 0.0693359375
6 0.0751953125 0.78369140625 0.03515625 0.0693359375
1 0.57470703125 0.7841796875 0.0341796875 0.068359375
5 0.26806640625 0.3916015625 0.1220703125 0.048828125
5 0.2841796875 0.59033203125 0.158203125 0.0517578125
5 0.28125 0.78662109375 0.1484375 0.0478515625
5 0.748046875 0.38818359375 0.0859375 0.0458984375
5 0.7490234375 0.5859375 0.08203125 0.04296875
5 0.74951171875 0.7841796875 0.0869140625 0.044921875
5 0.1904296875 0.22021484375 0.26953125 0.0556640625
5 0.73095703125 0.21875 0.3505859375 0.052734375