2 0.5771484375 0.13525390625 0.61328125 0.1162109375
0 0.93212890625 0.45166015625 0.0791015625 0.1025390625
5 0.31396484375 0.255859375 0.0498046875 0.044921875
5 0.32958984375 0.3544921875 0.0927734375 0.046875
5 0.36181640625 0.45458984375 0.1455078125 0.0498046875
5 0.2294921875 0.13623046875 0.068359375 0.0439453125
5 0.4287109375 0.5546875 0.283203125 0.052734375
5 0.31201171875 0.748046875 0.0576171875 0.0390625
5 0.361328125 0.84814453125 0.1484375 0.0458984375
5 0.43505859375 0.95166015625 0.2958984375 0.0498046875
3 0.14892578125 0.69189453125 0.0361328125 0.0634765625