2 0.884765625 0.05908203125 0.04833984375 0.0263671875
4 0.87255859375 0.1259765625 0.05908203125 0.037109375
4 0.1650390625 0.41015625 0.13427734375 0.03515625
4 0.3134765625 0.4111328125 0.13427734375 0.037109375
6 0.10302734375 0.32763671875 0.01318359375 0.02392578125
6 0.18505859375 0.32763671875 0.01318359375 0.01953125
6 0.2607421875 0.3291015625 0.01220703125 0.02197265625
5 0.134765625 0.32763671875 0.04150390625 0.01953125
5 0.21533203125 0.3291015625 0.0361328125 0.017578125
5 0.30908203125 0.3291015625 0.07373046875 0.017578125
5 0.1181640625 0.46728515625 0.0400390625 0.01318359375
5 0.12109375 0.38037109375 0.046875 0.01513671875
5 0.26318359375 0.38134765625 0.0361328125 0.017578125
5 0.26025390625 0.4658203125 0.02685546875 0.01513671875
5 0.1083984375 0.6435546875 0.02392578125 0.01513671875
5 0.13134765625 0.67431640625 0.0400390625 0.01513671875
5 0.21630859375 0.67431640625 0.06298828125 0.01513671875
5 0.30029296875 0.67431640625 0.0400390625 0.01513671875
5 0.1181640625 0.7216796875 0.0400390625 0.017578125
2 0.1650390625 0.75634765625 0.13427734375 0.03515625
0 0.1328125 0.82470703125 0.06982421875 0.03515625
0 0.86279296875 0.39599609375 0.0791015625 0.037109375
0 0.76806640625 0.0615234375 0.1181640625 0.03955078125
5 0.11474609375 0.5546875 0.0283203125 0.02197265625
5 0.197265625 0.55615234375 0.03466796875 0.01513671875
5 0.2822265625 0.5546875 0.025390625 0.017578125
6 0.1025390625 0.67333984375 0.01220703125 0.02197265625
6 0.1767578125 0.67431640625 0.01318359375 0.02392578125
6 0.27001953125 0.67333984375 0.0146484375 0.02197265625
4 0.1650390625 0.498046875 0.13427734375 0.03515625
4 0.3134765625 0.49658203125 0.13427734375 0.037109375
3 0.22119140625 0.4990234375 0.01318359375 0.01953125
3 0.37060546875 0.5 0.01220703125 0.017578125
5 0.1259765625 0.0517578125 0.05908203125 0.01953125
5 0.4140625 0.05908203125 0.0400390625 0.02197265625
5 0.4833984375 0.0615234375 0.02294921875 0.017578125
5 0.54736328125 0.060546875 0.03076171875 0.01953125
5 0.640625 0.05908203125 0.08056640625 0.02197265625
5 0.33251953125 0.1259765625 0.0400390625 0.01953125
5 0.42578125 0.125 0.0712890625 0.02197265625
5 0.53271484375 0.125 0.06298828125 0.017578125
5 0.65771484375 0.1240234375 0.10595703125 0.01953125
5 0.13818359375 0.26513671875 0.05908203125 0.017578125
5 0.23193359375 0.26416015625 0.0400390625 0.01953125
5 0.31494140625 0.26513671875 0.05078125 0.017578125
5 0.7841796875 0.1259765625 0.06982421875 0.01953125