5 0.337890625 0.1943359375 0.0595703125 0.02099609375
5 0.33837890625 0.30078125 0.060546875 0.01806640625
5 0.33447265625 0.40087890625 0.056640625 0.02099609375
5 0.33056640625 0.5771484375 0.04833984375 0.01806640625
5 0.185546875 0.40478515625 0.04931640625 0.01806640625
5 0.18896484375 0.44873046875 0.05224609375 0.01806640625
5 0.69140625 0.384765625 0.1220703125 0.02734375
0 0.4150390625 0.71142578125 0.21044921875 0.07666015625
3 0.24365234375 0.40576171875 0.01513671875 0.02099609375
3 0.244140625 0.44921875 0.01220703125 0.0244140625
3 0.5888671875 0.40185546875 0.01708984375 0.0234375
5 0.33544921875 0.50341796875 0.05322265625 0.01806640625