5 0.1142578125 0.310546875 0.1103515625 0.04541015625
5 0.1162109375 0.4951171875 0.1142578125 0.05029296875
5 0.16162109375 0.671875 0.21240234375 0.04052734375
5 0.20263671875 0.89892578125 0.29541015625 0.13134765625
5 0.505859375 0.84619140625 0.05908203125 0.04541015625
5 0.501953125 0.92431640625 0.04345703125 0.04052734375
5 0.42333984375 0.72998046875 0.1220703125 0.03515625
5 0.6240234375 0.72705078125 0.16943359375 0.0302734375
5 0.498046875 0.5556640625 0.271484375 0.04052734375
5 0.42919921875 0.37109375 0.1259765625 0.03515625
5 0.71826171875 0.37109375 0.1220703125 0.03515625
4 0.505859375 0.31298828125 0.279296875 0.060546875
4 0.79736328125 0.31298828125 0.279296875 0.060546875
4 0.6533203125 0.49755859375 0.57470703125 0.0654296875
4 0.44873046875 0.671875 0.16552734375 0.060546875
4 0.740234375 0.671875 0.3935546875 0.060546875
6 0.3935546875 0.85107421875 0.04736328125 0.0654296875
6 0.3955078125 0.92431640625 0.05126953125 0.060546875
5 0.6064453125 0.0859375 0.67724609375 0.060546875