7 0.8056640625 0.61083984375 0.046875 0.0380859375
7 0.8046875 0.7861328125 0.046875 0.03515625
7 0.36083984375 0.54248046875 0.0458984375 0.0341796875
7 0.2783203125 0.71923828125 0.048828125 0.0400390625
7 0.27880859375 0.63232421875 0.0478515625 0.0380859375
7 0.27783203125 0.54150390625 0.0478515625 0.0361328125
7 0.3642578125 0.6298828125 0.046875 0.037109375
7 0.3623046875 0.7197265625 0.046875 0.03515625
7 0.7177734375 0.60888671875 0.04296875 0.0322265625
7 0.72021484375 0.69775390625 0.0419921875 0.0361328125
7 0.802734375 0.69873046875 0.048828125 0.0361328125
7 0.7216796875 0.78857421875 0.048828125 0.0322265625
5 0.21875 0.38232421875 0.125 0.0556640625