6 0.3095703125 0.2509765625 0.025390625 0.046875
6 0.30859375 0.39892578125 0.029296875 0.0478515625
6 0.73095703125 0.40380859375 0.0322265625 0.0498046875
6 0.73095703125 0.25341796875 0.0302734375 0.0458984375
5 0.115234375 0.09033203125 0.060546875 0.0322265625
5 0.10888671875 0.2392578125 0.0556640625 0.04296875
5 0.12158203125 0.39208984375 0.0751953125 0.0400390625
5 0.14697265625 0.54296875 0.1298828125 0.037109375
5 0.11767578125 0.6962890625 0.0712890625 0.03515625
5 0.1591796875 0.84521484375 0.15625 0.0302734375
5 0.390625 0.1005859375 0.1171875 0.037109375
5 0.3896484375 0.2490234375 0.1171875 0.037109375
5 0.38818359375 0.40185546875 0.1181640625 0.0341796875
5 0.3896484375 0.5546875 0.1171875 0.033203125
5 0.39013671875 0.70556640625 0.1162109375 0.0361328125
5 0.3916015625 0.857421875 0.12109375 0.03515625
5 0.8134765625 0.10302734375 0.123046875 0.0380859375
5 0.8095703125 0.25341796875 0.12109375 0.0322265625
5 0.8095703125 0.40576171875 0.12109375 0.0380859375
5 0.8115234375 0.55517578125 0.12109375 0.0361328125
5 0.8125 0.705078125 0.119140625 0.03515625
5 0.8125 0.857421875 0.126953125 0.037109375
6 0.3095703125 0.10009765625 0.02734375 0.0439453125
6 0.72998046875 0.10107421875 0.0263671875 0.0458984375
6 0.30908203125 0.55517578125 0.0244140625 0.0419921875
6 0.3076171875 0.70361328125 0.02734375 0.0458984375
6 0.30908203125 0.853515625 0.0244140625 0.041015625
6 0.7314453125 0.5537109375 0.025390625 0.04296875
6 0.73046875 0.7060546875 0.02734375 0.041015625
6 0.73193359375 0.8583984375 0.0244140625 0.0390625