6 0.06591796875 0.5283203125 0.0439453125 0.09375
6 0.06591796875 0.6435546875 0.0458984375 0.091796875
6 0.06640625 0.75732421875 0.044921875 0.0966796875
6 0.0654296875 0.869140625 0.044921875 0.09375
3 0.04248046875 0.08154296875 0.0263671875 0.0576171875
3 0.45751953125 0.08203125 0.0341796875 0.052734375
5 0.11376953125 0.0830078125 0.0712890625 0.048828125
4 0.77001953125 0.70703125 0.3994140625 0.1171875
5 0.6044921875 0.2734375 0.083984375 0.046875
5 0.72607421875 0.2744140625 0.0927734375 0.046875
5 0.60400390625 0.50341796875 0.0576171875 0.0419921875
5 0.59765625 0.9638671875 0.068359375 0.041015625
2 0.83837890625 0.96875 0.2724609375 0.0625
4 0.7705078125 0.8271484375 0.40234375 0.091796875
4 0.77001953125 0.6025390625 0.3994140625 0.09375