5 0.609375 0.08447265625 0.673828125 0.05908203125
5 0.11376953125 0.31494140625 0.11083984375 0.04345703125
5 0.42626953125 0.369140625 0.12939453125 0.03369140625
5 0.71630859375 0.3681640625 0.1279296875 0.03564453125
5 0.49853515625 0.55810546875 0.267578125 0.03759765625
5 0.423828125 0.7275390625 0.11865234375 0.03369140625
5 0.6240234375 0.7275390625 0.1767578125 0.025390625
5 0.50634765625 0.8486328125 0.04931640625 0.03564453125
5 0.50146484375 0.92138671875 0.04638671875 0.03955078125
5 0.11474609375 0.4951171875 0.1123046875 0.03759765625
5 0.16064453125 0.67236328125 0.20458984375 0.04541015625
5 0.20068359375 0.8994140625 0.2939453125 0.1220703125
6 0.3955078125 0.8515625 0.04296875 0.05712890625
6 0.39453125 0.92724609375 0.04443359375 0.05908203125
4 0.50439453125 0.31396484375 0.27978515625 0.06103515625
4 0.796875 0.31494140625 0.27685546875 0.06298828125
4 0.6513671875 0.4990234375 0.57080078125 0.06494140625
4 0.7392578125 0.67236328125 0.39208984375 0.06494140625
4 0.4482421875 0.67333984375 0.16455078125 0.06298828125