7 0.95068359375 0.29052734375 0.0517578125 0.0478515625
0 0.0859375 0.37744140625 0.12109375 0.0634765625
0 0.6376953125 0.6865234375 0.0859375 0.06640625
0 0.63916015625 0.80712890625 0.0869140625 0.0693359375
5 0.0966796875 0.47216796875 0.15234375 0.0595703125
5 0.85693359375 0.291015625 0.1181640625 0.037109375
3 0.09130859375 0.09326171875 0.0283203125 0.0283203125
3 0.02392578125 0.0947265625 0.0224609375 0.02734375
3 0.05810546875 0.09521484375 0.0205078125 0.0263671875
3 0.9013671875 0.0966796875 0.025390625 0.029296875
3 0.82958984375 0.03955078125 0.0244140625 0.0263671875
3 0.291015625 0.0380859375 0.0234375 0.025390625
3 0.251953125 0.0390625 0.017578125 0.021484375
3 0.94384765625 0.09521484375 0.0263671875 0.0341796875
3 0.9765625 0.09521484375 0.01953125 0.0283203125
3 0.87939453125 0.01904296875 0.0205078125 0.0244140625
3 0.97802734375 0.0224609375 0.0244140625 0.02734375
3 0.9296875 0.02001953125 0.021484375 0.0263671875