7 0.78173828125 0.7861328125 0.1044921875 0.048828125
7 0.916015625 0.7861328125 0.109375 0.046875
7 0.78125 0.7060546875 0.10546875 0.05078125
7 0.9140625 0.7109375 0.10546875 0.052734375
7 0.78125 0.6298828125 0.109375 0.052734375
7 0.9150390625 0.6298828125 0.103515625 0.05078125
0 0.1123046875 0.8642578125 0.1640625 0.0625
0 0.314453125 0.86669921875 0.162109375 0.0673828125
6 0.68115234375 0.16845703125 0.0439453125 0.0380859375
6 0.76220703125 0.16845703125 0.0439453125 0.0400390625
6 0.67724609375 0.3017578125 0.0361328125 0.037109375
6 0.7646484375 0.30029296875 0.041015625 0.0419921875
1 0.68115234375 0.232421875 0.0478515625 0.041015625
1 0.76123046875 0.23193359375 0.0419921875 0.0400390625
1 0.681640625 0.3603515625 0.048828125 0.04296875
1 0.7666015625 0.36376953125 0.0390625 0.0361328125
4 0.73095703125 0.07666015625 0.2724609375 0.0498046875