5 0.49853515625 0.26171875 0.2001953125 0.041015625
5 0.32275390625 0.34912109375 0.07421875 0.02734375
5 0.32421875 0.45849609375 0.0634765625 0.037109375
5 0.3212890625 0.56884765625 0.06396484375 0.02490234375
4 0.50048828125 0.3935546875 0.41748046875 0.0546875
4 0.5009765625 0.50390625 0.4150390625 0.05322265625
4 0.498046875 0.6142578125 0.41748046875 0.04833984375
0 0.5 0.712890625 0.1298828125 0.0546875
3 0.68994140625 0.61181640625 0.0166015625 0.02587890625
3 0.6884765625 0.5048828125 0.01513671875 0.02099609375
3 0.68896484375 0.3935546875 0.0126953125 0.0224609375