4 0.1259765625 0.302734375 0.24365234375 0.04736328125
5 0.0439453125 0.2646484375 0.078125 0.0234375
5 0.01904296875 0.3623046875 0.02734375 0.01953125
5 0.0244140625 0.46240234375 0.0400390625 0.0224609375
5 0.02587890625 0.56298828125 0.04052734375 0.0234375
5 0.4599609375 0.2646484375 0.0712890625 0.01806640625
5 0.447265625 0.36376953125 0.0478515625 0.0224609375
4 0.12548828125 0.40185546875 0.2431640625 0.048828125
2 0.1259765625 0.501953125 0.2421875 0.048828125
4 0.125 0.60205078125 0.24365234375 0.048828125
5 0.40087890625 0.2060546875 0.2841796875 0.048828125
4 0.52685546875 0.3037109375 0.20849609375 0.05419921875
4 0.5283203125 0.4033203125 0.2138671875 0.05419921875
4 0.529296875 0.5029296875 0.21337890625 0.0556640625
5 0.4453125 0.4609375 0.04833984375 0.01953125
5 0.4482421875 0.564453125 0.0546875 0.0263671875
5 0.44873046875 0.595703125 0.02734375 0.0224609375
5 0.45703125 0.63818359375 0.0419921875 0.0263671875
1 0.42822265625 0.59423828125 0.00927734375 0.0224609375
1 0.4287109375 0.6376953125 0.0107421875 0.0224609375
0 0.16259765625 0.71044921875 0.1484375 0.05712890625
0 0.31201171875 0.7119140625 0.14599609375 0.05419921875
0 0.46142578125 0.7109375 0.14599609375 0.0556640625