0 0.8603515625 0.12255859375 0.115234375 0.056640625
5 0.3408203125 0.1220703125 0.04638671875 0.0224609375
0 0.298828125 0.03466796875 0.0390625 0.03759765625
5 0.4169921875 0.1240234375 0.06201171875 0.0234375
5 0.49853515625 0.1220703125 0.0595703125 0.017578125
5 0.5712890625 0.12255859375 0.041015625 0.025390625
5 0.64453125 0.1240234375 0.0625 0.02099609375
5 0.26025390625 0.46435546875 0.29296875 0.12451171875
4 0.2119140625 0.71484375 0.19384765625 0.0791015625
0 0.3828125 0.71630859375 0.13134765625 0.08349609375
3 0.908203125 0.03662109375 0.01806640625 0.02880859375