4 0.70361328125 0.3876953125 0.232421875 0.0517578125
4 0.703125 0.4541015625 0.2314453125 0.0517578125
4 0.703125 0.52099609375 0.2333984375 0.0517578125
4 0.703125 0.58740234375 0.232421875 0.0517578125
4 0.703125 0.6533203125 0.2314453125 0.05322265625
4 0.70361328125 0.72021484375 0.232421875 0.0498046875
4 0.70361328125 0.78564453125 0.232421875 0.0517578125
0 0.77197265625 0.8623046875 0.08251953125 0.0517578125
0 0.86181640625 0.86181640625 0.08154296875 0.0498046875
3 0.9228515625 0.12158203125 0.00927734375 0.0166015625
3 0.8291015625 0.38818359375 0.01171875 0.0234375
3 0.828125 0.455078125 0.009765625 0.0234375
3 0.828125 0.58642578125 0.009765625 0.0234375