7 0.43798828125 0.076171875 0.0634765625 0.05078125
7 0.4365234375 0.14599609375 0.064453125 0.0498046875
7 0.4375 0.21630859375 0.06640625 0.0478515625
7 0.43798828125 0.28369140625 0.0634765625 0.0498046875
7 0.4384765625 0.3544921875 0.0703125 0.05078125
7 0.9296875 0.17919921875 0.068359375 0.0517578125
7 0.93017578125 0.255859375 0.0693359375 0.048828125
7 0.92822265625 0.3359375 0.0654296875 0.052734375
7 0.92822265625 0.5078125 0.0751953125 0.05078125
7 0.92822265625 0.5830078125 0.0751953125 0.052734375
7 0.92919921875 0.7568359375 0.0615234375 0.05078125
7 0.9296875 0.83544921875 0.06640625 0.0537109375
5 0.07373046875 0.078125 0.0693359375 0.02734375
5 0.12353515625 0.14794921875 0.1669921875 0.0283203125
5 0.1259765625 0.216796875 0.171875 0.029296875
5 0.0791015625 0.28759765625 0.078125 0.0302734375
5 0.1015625 0.35791015625 0.126953125 0.0341796875
5 0.08642578125 0.4619140625 0.0927734375 0.033203125
5 0.0791015625 0.51611328125 0.08203125 0.0341796875
5 0.1064453125 0.57275390625 0.13671875 0.0322265625
5 0.09375 0.65087890625 0.109375 0.0263671875
5 0.103515625 0.71435546875 0.12890625 0.0283203125
5 0.744140625 0.07080078125 0.09375 0.0361328125
5 0.9296875 0.068359375 0.068359375 0.03125
5 0.5966796875 0.1748046875 0.126953125 0.025390625
5 0.6162109375 0.2578125 0.1640625 0.03515625
5 0.6142578125 0.33740234375 0.166015625 0.0302734375
5 0.638671875 0.5087890625 0.091796875 0.029296875
5 0.6328125 0.5859375 0.08203125 0.03125
5 0.60205078125 0.43408203125 0.1357421875 0.0361328125
5 0.60791015625 0.6826171875 0.1533203125 0.033203125
5 0.591796875 0.75830078125 0.111328125 0.0302734375
5 0.61376953125 0.8359375 0.1611328125 0.03125
0 0.14453125 0.81689453125 0.19921875 0.0712890625
0 0.36767578125 0.8173828125 0.2060546875 0.072265625
2 0.4267578125 0.462890625 0.078125 0.02734375
2 0.4296875 0.52001953125 0.072265625 0.0302734375
2 0.4296875 0.576171875 0.072265625 0.033203125
7 0.439453125 0.712890625 0.072265625 0.056640625