0 0.45166015625 0.69677734375 0.0419921875 0.03759765625
0 0.90087890625 0.69384765625 0.0419921875 0.03564453125
0 0.666015625 0.2431640625 0.041015625 0.03369140625
0 0.69677734375 0.287109375 0.1025390625 0.03955078125
0 0.70947265625 0.2421875 0.0419921875 0.03564453125
0 0.75439453125 0.2421875 0.0419921875 0.03564453125
0 0.8017578125 0.24462890625 0.046875 0.03759765625
0 0.85107421875 0.24365234375 0.0478515625 0.03564453125
1 0.6494140625 0.337890625 0.009765625 0.01708984375
1 0.64990234375 0.38037109375 0.0087890625 0.01904296875
6 0.650390625 0.4716796875 0.01171875 0.0205078125
6 0.697265625 0.4716796875 0.009765625 0.0205078125
4 0.7109375 0.56689453125 0.1328125 0.052734375
4 0.77880859375 0.6318359375 0.2685546875 0.0546875
4 0.84912109375 0.56787109375 0.1298828125 0.046875
5 0.6708984375 0.4677734375 0.02734375 0.01708984375
5 0.73046875 0.4677734375 0.0546875 0.0205078125
5 0.708984375 0.37939453125 0.107421875 0.0205078125
5 0.78125 0.3388671875 0.251953125 0.0263671875
4 0.6875 0.19482421875 0.08203125 0.03564453125