5 0.21484375 0.28515625 0.056640625 0.0322265625
5 0.21630859375 0.33935546875 0.0556640625 0.0302734375
5 0.2197265625 0.39208984375 0.0625 0.0283203125
5 0.21826171875 0.44580078125 0.0693359375 0.0322265625
5 0.23486328125 0.5 0.0888671875 0.0302734375
5 0.22314453125 0.552734375 0.0673828125 0.02490234375
5 0.21337890625 0.60986328125 0.0556640625 0.03564453125
5 0.2333984375 0.66064453125 0.08984375 0.03369140625
5 0.22607421875 0.78076171875 0.0751953125 0.02490234375
4 0.43359375 0.287109375 0.240234375 0.0390625
5 0.498046875 0.142578125 0.2578125 0.0498046875
5 0.79638671875 0.03759765625 0.0361328125 0.02490234375
5 0.36083984375 0.03369140625 0.0439453125 0.03564453125
5 0.42724609375 0.03466796875 0.0576171875 0.03759765625
5 0.498046875 0.03759765625 0.0546875 0.0322265625
5 0.5673828125 0.0380859375 0.05078125 0.0302734375
5 0.62646484375 0.0380859375 0.0380859375 0.03759765625
4 0.43359375 0.34033203125 0.240234375 0.04296875
4 0.4345703125 0.396484375 0.236328125 0.041015625
4 0.43408203125 0.4462890625 0.2353515625 0.041015625
4 0.43359375 0.501953125 0.23828125 0.041015625
2 0.43359375 0.5537109375 0.23828125 0.04443359375
2 0.43359375 0.60791015625 0.236328125 0.04638671875
2 0.4306640625 0.65869140625 0.234375 0.04443359375
0 0.50634765625 0.95556640625 0.0927734375 0.0498046875
5 0.8212890625 0.03759765625 0.009765625 0.021484375