7 0.89892578125 0.47021484375 0.1416015625 0.0400390625
7 0.896484375 0.52490234375 0.138671875 0.0419921875
7 0.89599609375 0.578125 0.1435546875 0.04296875
7 0.8955078125 0.63232421875 0.142578125 0.0400390625
0 0.26025390625 0.1357421875 0.4794921875 0.0390625
0 0.73876953125 0.13623046875 0.4794921875 0.0400390625
5 0.35205078125 0.21435546875 0.4052734375 0.0283203125
5 0.5 0.0810546875 0.1796875 0.03125
5 0.90087890625 0.0810546875 0.1240234375 0.03125
5 0.2080078125 0.29248046875 0.34375 0.0263671875
5 0.24658203125 0.42431640625 0.4267578125 0.0263671875
5 0.18017578125 0.33935546875 0.2900390625 0.0361328125
5 0.228515625 0.47119140625 0.384765625 0.0263671875
5 0.171875 0.5234375 0.2734375 0.033203125
5 0.18505859375 0.57861328125 0.2880859375 0.0341796875
5 0.2265625 0.63232421875 0.3828125 0.0263671875
3 0.080078125 0.74658203125 0.068359375 0.0361328125
3 0.07763671875 0.80126953125 0.0673828125 0.0283203125
3 0.0810546875 0.85595703125 0.064453125 0.0322265625
3 0.08056640625 0.90966796875 0.0615234375 0.0361328125
3 0.08203125 0.96435546875 0.060546875 0.0361328125
5 0.3515625 0.7490234375 0.3828125 0.033203125
5 0.4384765625 0.80126953125 0.5625 0.0341796875
5 0.3896484375 0.857421875 0.466796875 0.029296875
5 0.3671875 0.908203125 0.423828125 0.02734375
5 0.35888671875 0.96337890625 0.4111328125 0.0341796875
3 0.8046875 0.02685546875 0.046875 0.0224609375
3 0.8603515625 0.02734375 0.0390625 0.0234375
3 0.927734375 0.02783203125 0.072265625 0.0224609375