6 0.07177734375 0.30908203125 0.0517578125 0.0732421875
6 0.07275390625 0.58251953125 0.0537109375 0.0732421875
6 0.28076171875 0.30859375 0.0498046875 0.068359375
6 0.5078125 0.3076171875 0.048828125 0.068359375
6 0.251953125 0.58154296875 0.0546875 0.0732421875
6 0.41845703125 0.58154296875 0.0537109375 0.0712890625
6 0.58349609375 0.58154296875 0.0517578125 0.0712890625
6 0.7724609375 0.58056640625 0.05078125 0.0673828125
0 0.15234375 0.92578125 0.216796875 0.09765625
0 0.37451171875 0.9296875 0.2158203125 0.095703125
3 0.38330078125 0.064453125 0.0380859375 0.05078125
3 0.96337890625 0.0625 0.0498046875 0.06640625
3 0.13037109375 0.30810546875 0.0400390625 0.0498046875
3 0.33984375 0.3095703125 0.04296875 0.05078125
3 0.56494140625 0.3076171875 0.0380859375 0.046875
5 0.18701171875 0.30712890625 0.0615234375 0.0458984375
5 0.4033203125 0.30908203125 0.072265625 0.0458984375
5 0.6376953125 0.310546875 0.091796875 0.046875
5 0.1455078125 0.58154296875 0.078125 0.0419921875
5 0.31884765625 0.580078125 0.0654296875 0.0390625
5 0.48388671875 0.58056640625 0.0634765625 0.0419921875
5 0.658203125 0.580078125 0.0859375 0.044921875
5 0.837890625 0.58154296875 0.07421875 0.0478515625