0 0.61376953125 0.63720703125 0.23828125 0.06787109375
0 0.853515625 0.638671875 0.22021484375 0.07080078125
4 0.2900390625 0.5244140625 0.22021484375 0.07080078125
5 0.5654296875 0.54638671875 0.14892578125 0.03271484375
4 0.7353515625 0.1455078125 0.529296875 0.08447265625
3 0.37646484375 0.6455078125 0.025390625 0.03515625
3 0.0537109375 0.044921875 0.0380859375 0.05712890625
3 0.0556640625 0.17529296875 0.0419921875 0.05712890625
3 0.0556640625 0.3095703125 0.0380859375 0.05419921875
3 0.0537109375 0.4345703125 0.0419921875 0.0595703125
3 0.05615234375 0.56640625 0.025390625 0.06787109375