5 0.46044921875 0.0927734375 0.884765625 0.08203125
5 0.13330078125 0.22607421875 0.23046875 0.0302734375
5 0.107421875 0.3232421875 0.13623046875 0.0302734375
5 0.48486328125 0.32421875 0.13916015625 0.02392578125
5 0.11669921875 0.4169921875 0.18505859375 0.0322265625
5 0.09521484375 0.51513671875 0.1181640625 0.03466796875
5 0.4423828125 0.51513671875 0.07861328125 0.0302734375
5 0.38037109375 0.61083984375 0.681640625 0.02392578125
0 0.50146484375 0.779296875 0.203125 0.05810546875
2 0.21044921875 0.26611328125 0.330078125 0.041015625
4 0.2138671875 0.36083984375 0.33642578125 0.04541015625
4 0.58935546875 0.36083984375 0.33642578125 0.03662109375
4 0.36376953125 0.4560546875 0.63623046875 0.03662109375
4 0.20751953125 0.55517578125 0.33642578125 0.041015625
4 0.587890625 0.5537109375 0.33349609375 0.03466796875