5 0.09912109375 0.16845703125 0.16259765625 0.03662109375
5 0.5498046875 0.16748046875 0.0703125 0.03857421875
4 0.2509765625 0.22998046875 0.45068359375 0.0751953125
0 0.58154296875 0.23095703125 0.10888671875 0.0732421875
0 0.91357421875 0.9384765625 0.1162109375 0.0771484375
0 0.08935546875 0.9365234375 0.12255859375 0.0732421875
5 0.111328125 0.70751953125 0.1806640625 0.03857421875
5 0.29931640625 0.71044921875 0.0673828125 0.03271484375
5 0.5927734375 0.71533203125 0.14013671875 0.03466796875
5 0.81396484375 0.70751953125 0.087890625 0.02685546875
5 0.087890625 0.33447265625 0.14013671875 0.03076171875
5 0.06884765625 0.53955078125 0.08642578125 0.04443359375
4 0.5009765625 0.41845703125 0.94189453125 0.109375
4 0.23828125 0.60498046875 0.41943359375 0.0751953125
2 0.1259765625 0.77783203125 0.20166015625 0.0751953125
4 0.3759765625 0.77783203125 0.19384765625 0.0751953125
4 0.873046875 0.77783203125 0.19677734375 0.0751953125
3 0.21875 0.70751953125 0.0283203125 0.03857421875
3 0.46337890625 0.71337890625 0.0283203125 0.04248046875
3 0.712890625 0.71142578125 0.03125 0.03466796875
3 0.95751953125 0.71337890625 0.037109375 0.03857421875
3 0.96142578125 0.171875 0.03564453125 0.0517578125