5 0.12939453125 0.18359375 0.09130859375 0.04443359375
5 0.61376953125 0.18212890625 0.10693359375 0.0361328125
5 0.11083984375 0.26220703125 0.05859375 0.037109375
5 0.1298828125 0.39111328125 0.09375 0.0263671875
5 0.16357421875 0.5185546875 0.1640625 0.03515625
5 0.59375 0.2646484375 0.06005859375 0.03271484375
5 0.61376953125 0.39404296875 0.09228515625 0.02978515625
4 0.26123046875 0.31201171875 0.345703125 0.05126953125
4 0.2607421875 0.443359375 0.3486328125 0.056640625
4 0.259765625 0.56982421875 0.34912109375 0.0498046875
4 0.7451171875 0.310546875 0.34912109375 0.0595703125
4 0.7451171875 0.4404296875 0.34423828125 0.0576171875
0 0.26123046875 0.6640625 0.345703125 0.06298828125
0 0.74560546875 0.5361328125 0.35009765625 0.068359375
3 0.1982421875 0.82421875 0.04345703125 0.0576171875
3 0.26123046875 0.82373046875 0.044921875 0.056640625
3 0.32373046875 0.82421875 0.04931640625 0.056640625
3 0.68115234375 0.69384765625 0.04638671875 0.06298828125
3 0.74560546875 0.6923828125 0.04736328125 0.0595703125
3 0.8076171875 0.6953125 0.04736328125 0.060546875