5 0.2626953125 0.03955078125 0.4951171875 0.0263671875
5 0.15478515625 0.12255859375 0.22900390625 0.0166015625
5 0.1318359375 0.14892578125 0.16943359375 0.0126953125
5 0.08203125 0.21826171875 0.072265625 0.01513671875
5 0.11572265625 0.29443359375 0.12890625 0.013671875
5 0.1416015625 0.400390625 0.16943359375 0.0126953125
5 0.15625 0.52880859375 0.201171875 0.0126953125
5 0.1455078125 0.3203125 0.11376953125 0.01025390625
5 0.2060546875 0.34375 0.22900390625 0.01123046875
5 0.2060546875 0.427734375 0.22900390625 0.01171875
5 0.1455078125 0.453125 0.11376953125 0.01025390625
5 0.12841796875 0.55859375 0.1455078125 0.01171875
5 0.37451171875 0.5576171875 0.171875 0.013671875
5 0.11669921875 0.62548828125 0.1220703125 0.01025390625
5 0.162109375 0.8359375 0.05810546875 0.01171875
5 0.15625 0.78173828125 0.201171875 0.01416015625
5 0.1865234375 0.86865234375 0.10693359375 0.013671875
4 0.2783203125 0.17138671875 0.4423828125 0.025390625
2 0.22314453125 0.2421875 0.3330078125 0.025390625
1 0.06884765625 0.3193359375 0.0234375 0.013671875
1 0.06787109375 0.34521484375 0.02197265625 0.01123046875
6 0.0693359375 0.42724609375 0.02490234375 0.01611328125
6 0.06884765625 0.45263671875 0.0263671875 0.01513671875
4 0.1650390625 0.5810546875 0.21923828125 0.02490234375
4 0.45556640625 0.5810546875 0.33154296875 0.02490234375
7 0.08935546875 0.8359375 0.06787109375 0.0185546875
7 0.0888671875 0.8681640625 0.06640625 0.0185546875
0 0.1240234375 0.94775390625 0.2041015625 0.0263671875
0 0.3544921875 0.94775390625 0.2314453125 0.0263671875