3 0.1904296875 0.24267578125 0.0859375 0.0927734375
3 0.408203125 0.24267578125 0.080078125 0.0869140625
3 0.41064453125 0.39208984375 0.0927734375 0.0673828125
3 0.408203125 0.54296875 0.1015625 0.095703125
3 0.41015625 0.6875 0.083984375 0.078125
3 0.18798828125 0.39453125 0.0888671875 0.087890625
3 0.18701171875 0.5458984375 0.0888671875 0.08203125
3 0.1923828125 0.68896484375 0.095703125 0.0810546875
5 0.6123046875 0.23876953125 0.19921875 0.0576171875
5 0.61962890625 0.3916015625 0.2138671875 0.064453125
5 0.609375 0.53759765625 0.18359375 0.0498046875
5 0.62451171875 0.68310546875 0.2138671875 0.0556640625