6 0.5390625 0.26025390625 0.060546875 0.0771484375
3 0.080078125 0.09619140625 0.080078125 0.1005859375
3 0.0771484375 0.2626953125 0.087890625 0.109375
3 0.080078125 0.42626953125 0.08203125 0.0869140625
3 0.5390625 0.76123046875 0.0859375 0.1123046875
3 0.541015625 0.92822265625 0.08203125 0.1064453125
3 0.0791015625 0.76416015625 0.06640625 0.1044921875
3 0.0791015625 0.60009765625 0.083984375 0.1162109375
3 0.08154296875 0.92431640625 0.0810546875 0.0947265625
3 0.5380859375 0.09423828125 0.083984375 0.1142578125
3 0.54150390625 0.42529296875 0.0791015625 0.1064453125