7 0.8505859375 0.46728515625 0.06640625 0.0517578125
7 0.85693359375 0.75732421875 0.0595703125 0.0439453125
7 0.41455078125 0.62255859375 0.0693359375 0.0517578125
7 0.4111328125 0.73681640625 0.05859375 0.0458984375
7 0.416015625 0.90576171875 0.0546875 0.0458984375
7 0.85107421875 0.8388671875 0.0537109375 0.048828125
7 0.8515625 0.546875 0.0625 0.052734375
5 0.10498046875 0.62158203125 0.0751953125 0.0322265625
5 0.21142578125 0.79150390625 0.2802734375 0.0478515625
5 0.16064453125 0.734375 0.1767578125 0.025390625
5 0.1484375 0.900390625 0.150390625 0.04296875
3 0.08935546875 0.388671875 0.0302734375 0.03515625