5 0.4150390625 0.04345703125 0.767578125 0.03564453125
5 0.11279296875 0.091796875 0.1904296875 0.025390625
5 0.609375 0.0927734375 0.21630859375 0.0283203125
5 0.15087890625 0.18115234375 0.2607421875 0.02392578125
5 0.13037109375 0.26708984375 0.19873046875 0.029296875
5 0.5673828125 0.2666015625 0.140625 0.02783203125
5 0.1025390625 0.35791015625 0.13525390625 0.02294921875
5 0.56005859375 0.35546875 0.11767578125 0.02978515625
5 0.18359375 0.44287109375 0.30517578125 0.02685546875
5 0.13232421875 0.564453125 0.18896484375 0.02392578125
5 0.1865234375 0.65185546875 0.32421875 0.029296875
5 0.291015625 0.74072265625 0.5205078125 0.04052734375
5 0.1181640625 0.77978515625 0.166015625 0.0185546875
5 0.1201171875 0.8642578125 0.1865234375 0.02783203125
0 0.5 0.95751953125 0.21337890625 0.046875
4 0.26416015625 0.13037109375 0.447265625 0.0419921875
4 0.736328125 0.1298828125 0.44580078125 0.04248046875
4 0.49951171875 0.216796875 0.91748046875 0.0419921875
4 0.263671875 0.3037109375 0.44580078125 0.041015625
4 0.73583984375 0.30322265625 0.44482421875 0.0419921875
4 0.263671875 0.390625 0.44580078125 0.0419921875
4 0.736328125 0.39013671875 0.443359375 0.041015625
4 0.49951171875 0.49267578125 0.92041015625 0.072265625
4 0.2646484375 0.59912109375 0.44580078125 0.0439453125
4 0.736328125 0.59912109375 0.443359375 0.04248046875
4 0.49951171875 0.68505859375 0.91748046875 0.04052734375
4 0.5 0.8134765625 0.916015625 0.0419921875
4 0.50048828125 0.90087890625 0.92041015625 0.04052734375