5 0.43994140625 0.126953125 0.15087890625 0.0322265625
5 0.15234375 0.130859375 0.11474609375 0.03759765625
5 0.1796875 0.25830078125 0.07666015625 0.01611328125
5 0.38818359375 0.353515625 0.0380859375 0.01708984375
5 0.4150390625 0.443359375 0.095703125 0.01806640625
5 0.38720703125 0.533203125 0.0361328125 0.01708984375
5 0.396484375 0.623046875 0.05322265625 0.01806640625
2 0.62939453125 0.78564453125 0.09765625 0.0400390625
4 0.4658203125 0.78466796875 0.193359375 0.04443359375
4 0.4169921875 0.85009765625 0.099609375 0.041015625
4 0.560546875 0.720703125 0.38330078125 0.04248046875
4 0.56005859375 0.65576171875 0.38232421875 0.041015625
4 0.560546875 0.5673828125 0.38330078125 0.04443359375
4 0.56005859375 0.4765625 0.38623046875 0.041015625
4 0.560546875 0.38525390625 0.38330078125 0.041015625
4 0.22021484375 0.193359375 0.25439453125 0.041015625
3 0.28271484375 0.1337890625 0.01708984375 0.02294921875
3 0.0654296875 0.130859375 0.02294921875 0.01708984375
3 0.06689453125 0.07958984375 0.01806640625 0.021484375
3 0.06689453125 0.18359375 0.02197265625 0.02880859375
3 0.06591796875 0.23193359375 0.02001953125 0.02294921875
3 0.06787109375 0.91259765625 0.02392578125 0.02392578125
0 0.39306640625 0.9052734375 0.04638671875 0.0390625
0 0.4658203125 0.90625 0.05859375 0.041015625