1 0.158203125 0.43408203125 0.041015625 0.0537109375
1 0.16015625 0.56884765625 0.041015625 0.0615234375
1 0.1591796875 0.701171875 0.04296875 0.060546875
1 0.662109375 0.4345703125 0.037109375 0.05859375
1 0.6640625 0.56787109375 0.04296875 0.0556640625
1 0.6611328125 0.70361328125 0.041015625 0.0556640625
5 0.228515625 0.2744140625 0.171875 0.056640625
5 0.73486328125 0.2724609375 0.1884765625 0.0546875
5 0.255859375 0.43359375 0.115234375 0.05859375
5 0.255859375 0.56396484375 0.09765625 0.0673828125
5 0.2607421875 0.70166015625 0.099609375 0.0576171875