6 0.57373046875 0.44970703125 0.0322265625 0.0673828125
6 0.57275390625 0.580078125 0.0322265625 0.0546875
6 0.57275390625 0.705078125 0.0283203125 0.060546875
6 0.0634765625 0.84326171875 0.03515625 0.0458984375
3 0.4267578125 0.20751953125 0.03515625 0.0517578125
3 0.3056640625 0.05126953125 0.0390625 0.0458984375
3 0.134765625 0.0546875 0.033203125 0.052734375
3 0.01953125 0.05126953125 0.03125 0.0419921875
3 0.1728515625 0.05224609375 0.041015625 0.0595703125
3 0.21142578125 0.052734375 0.0322265625 0.052734375
3 0.251953125 0.05322265625 0.03515625 0.0556640625
3 0.3681640625 0.05029296875 0.041015625 0.0556640625
3 0.44970703125 0.052734375 0.0341796875 0.048828125
3 0.916015625 0.046875 0.033203125 0.046875
3 0.80029296875 0.2763671875 0.0517578125 0.05078125
3 0.91943359375 0.275390625 0.0615234375 0.0546875
3 0.85693359375 0.2763671875 0.0537109375 0.05078125
2 0.60791015625 0.0517578125 0.1162109375 0.0625
2 0.77392578125 0.05078125 0.2001953125 0.060546875
3 0.0634765625 0.27392578125 0.03515625 0.0478515625
3 0.06494140625 0.3369140625 0.0322265625 0.048828125
3 0.0634765625 0.40087890625 0.03515625 0.0537109375
3 0.06396484375 0.462890625 0.0380859375 0.0390625
3 0.06494140625 0.52978515625 0.0400390625 0.0556640625
3 0.0634765625 0.5947265625 0.041015625 0.056640625
3 0.06298828125 0.6552734375 0.0361328125 0.05078125
3 0.06298828125 0.716796875 0.0361328125 0.052734375
3 0.0634765625 0.77783203125 0.037109375 0.0380859375
3 0.06103515625 0.90966796875 0.0322265625 0.0556640625
3 0.06640625 0.9736328125 0.041015625 0.052734375
3 0.41650390625 0.14208984375 0.0263671875 0.0419921875
3 0.44677734375 0.14208984375 0.0224609375 0.0361328125
0 0.796875 0.1416015625 0.271484375 0.068359375