5 0.076171875 0.2119140625 0.11376953125 0.04833984375
5 0.0634765625 0.2724609375 0.0947265625 0.04833984375
5 0.06787109375 0.33349609375 0.1103515625 0.0556640625
5 0.10986328125 0.38916015625 0.197265625 0.0556640625
5 0.0537109375 0.45166015625 0.07861328125 0.0361328125
5 0.09375 0.5009765625 0.15234375 0.04833984375
5 0.388671875 0.4541015625 0.052734375 0.041015625
5 0.4775390625 0.453125 0.0673828125 0.02880859375
5 0.39501953125 0.505859375 0.0625 0.03369140625
5 0.478515625 0.509765625 0.0498046875 0.041015625
5 0.62353515625 0.505859375 0.18603515625 0.03857421875
0 0.3876953125 0.607421875 0.1025390625 0.05322265625
4 0.44287109375 0.2119140625 0.21630859375 0.05322265625
4 0.44287109375 0.2734375 0.21630859375 0.05078125
4 0.44287109375 0.33251953125 0.2197265625 0.04833984375
4 0.44287109375 0.392578125 0.2197265625 0.04833984375
6 0.3486328125 0.44921875 0.02099609375 0.03125
6 0.42724609375 0.45068359375 0.02099609375 0.03369140625
1 0.34912109375 0.50341796875 0.0224609375 0.03369140625
1 0.43896484375 0.5048828125 0.01904296875 0.03125
1 0.5166015625 0.505859375 0.017578125 0.03369140625
4 0.53857421875 0.12548828125 0.14111328125 0.05322265625
3 0.86279296875 0.12548828125 0.0400390625 0.04345703125
3 0.634765625 0.123046875 0.02880859375 0.04345703125
3 0.67724609375 0.12548828125 0.02734375 0.04345703125
3 0.7197265625 0.1240234375 0.0224609375 0.041015625
3 0.7646484375 0.12548828125 0.02587890625 0.03857421875
3 0.81103515625 0.1240234375 0.02587890625 0.041015625
3 0.97119140625 0.12548828125 0.02880859375 0.04345703125
3 0.4365234375 0.123046875 0.02392578125 0.03369140625
3 0.02880859375 0.12548828125 0.02880859375 0.04345703125
3 0.06396484375 0.1240234375 0.02880859375 0.041015625