7 0.12353515625 0.13623046875 0.2333984375 0.1220703125
7 0.12451171875 0.25732421875 0.2255859375 0.1064453125
7 0.37646484375 0.134765625 0.2353515625 0.119140625
7 0.37451171875 0.25439453125 0.2197265625 0.1064453125
7 0.6171875 0.13232421875 0.21875 0.1142578125
7 0.6220703125 0.25439453125 0.220703125 0.1103515625
1 0.8173828125 0.13671875 0.10546875 0.099609375
1 0.9267578125 0.1396484375 0.10546875 0.09765625
1 0.927734375 0.25244140625 0.1015625 0.1044921875
1 0.8173828125 0.25390625 0.09765625 0.107421875
7 0.12353515625 0.74365234375 0.1982421875 0.0927734375
7 0.1279296875 0.85302734375 0.205078125 0.0966796875
7 0.37255859375 0.744140625 0.1962890625 0.09765625
7 0.376953125 0.853515625 0.201171875 0.103515625
7 0.62109375 0.7412109375 0.23046875 0.091796875
7 0.63232421875 0.85791015625 0.2080078125 0.0908203125
7 0.1240234375 0.44384765625 0.2265625 0.1220703125
7 0.12451171875 0.55908203125 0.2333984375 0.1083984375
7 0.37158203125 0.439453125 0.2216796875 0.12109375
7 0.3798828125 0.56005859375 0.23046875 0.1103515625
7 0.6220703125 0.4443359375 0.220703125 0.103515625
7 0.62255859375 0.556640625 0.2177734375 0.107421875