0 0.92236328125 0.19140625 0.1220703125 0.0546875
0 0.4111328125 0.755859375 0.1357421875 0.0546875
3 0.22314453125 0.04248046875 0.0224609375 0.03662109375
3 0.0712890625 0.138671875 0.05126953125 0.0224609375
3 0.029296875 0.140625 0.0146484375 0.0302734375
3 0.02978515625 0.1943359375 0.017578125 0.03662109375
3 0.02978515625 0.244140625 0.017578125 0.03857421875
3 0.02978515625 0.2998046875 0.015625 0.04052734375
3 0.03076171875 0.34716796875 0.01904296875 0.0341796875
3 0.03173828125 0.45263671875 0.02099609375 0.04248046875
3 0.03076171875 0.51513671875 0.0166015625 0.03857421875
3 0.03076171875 0.56982421875 0.01904296875 0.03857421875
3 0.03125 0.62841796875 0.017578125 0.04248046875
3 0.03125 0.68115234375 0.02001953125 0.03857421875
3 0.02978515625 0.73876953125 0.02001953125 0.04052734375
3 0.03173828125 0.79833984375 0.02099609375 0.04248046875
3 0.03125 0.85302734375 0.02001953125 0.04248046875
3 0.029296875 0.91015625 0.0166015625 0.04248046875
3 0.03076171875 0.9658203125 0.0166015625 0.03662109375
0 0.1611328125 0.29443359375 0.03564453125 0.03857421875
3 0.89892578125 0.0341796875 0.02685546875 0.052734375
3 0.9365234375 0.04052734375 0.02001953125 0.04052734375
3 0.95947265625 0.9228515625 0.0166015625 0.0322265625