0 0.13330078125 0.15869140625 0.162109375 0.015625
5 0.3115234375 0.1611328125 0.12060546875 0.01416015625
5 0.69384765625 0.02978515625 0.07861328125 0.00927734375
5 0.82177734375 0.02978515625 0.1044921875 0.00927734375
5 0.9423828125 0.02978515625 0.06298828125 0.00927734375
0 0.5888671875 0.43896484375 0.162109375 0.01708984375
5 0.099609375 0.48095703125 0.083984375 0.01123046875
5 0.56787109375 0.48046875 0.06787109375 0.0126953125
5 0.1044921875 0.53515625 0.0732421875 0.0126953125
5 0.12841796875 0.603515625 0.15185546875 0.01416015625
5 0.12060546875 0.75341796875 0.09423828125 0.015625
5 0.26171875 0.77783203125 0.23046875 0.01416015625
5 0.30615234375 0.8037109375 0.34033203125 0.0126953125
5 0.3193359375 0.8310546875 0.36669921875 0.01416015625
0 0.19091796875 0.88623046875 0.25634765625 0.0205078125
1 0.1044921875 0.8310546875 0.0732421875 0.01416015625
1 0.10205078125 0.8046875 0.06787109375 0.01708984375
1 0.1044921875 0.7763671875 0.05224609375 0.01416015625
4 0.2802734375 0.50146484375 0.4033203125 0.0234375
4 0.74365234375 0.5009765625 0.39794921875 0.02197265625
2 0.28271484375 0.55419921875 0.39794921875 0.02490234375
3 0.43701171875 0.9443359375 0.04736328125 0.01416015625
3 0.484375 0.9443359375 0.03662109375 0.01416015625
3 0.52880859375 0.94482421875 0.0419921875 0.0126953125
3 0.57080078125 0.94482421875 0.0419921875 0.0126953125