3 0.220703125 0.138671875 0.03515625 0.05615234375
3 0.28564453125 0.1396484375 0.04296875 0.0576171875
3 0.10986328125 0.14013671875 0.03759765625 0.05908203125
3 0.0380859375 0.1376953125 0.0546875 0.06396484375
3 0.35498046875 0.1357421875 0.03857421875 0.0625
3 0.4033203125 0.138671875 0.04296875 0.068359375
3 0.4609375 0.1357421875 0.04296875 0.05908203125
3 0.53466796875 0.1337890625 0.04296875 0.0654296875
3 0.57861328125 0.130859375 0.0341796875 0.0625
3 0.61865234375 0.1220703125 0.0205078125 0.03271484375
3 0.6171875 0.15576171875 0.0234375 0.02783203125
3 0.6171875 0.19384765625 0.01708984375 0.03271484375
3 0.693359375 0.1220703125 0.0244140625 0.0234375
3 0.693359375 0.1572265625 0.0205078125 0.02783203125
3 0.69482421875 0.197265625 0.0205078125 0.03271484375
3 0.80859375 0.12158203125 0.0234375 0.03125
3 0.8076171875 0.1572265625 0.01904296875 0.03759765625
3 0.80810546875 0.1923828125 0.0205078125 0.03271484375