1 0.12255859375 0.36181640625 0.0439453125 0.0654296875
1 0.2607421875 0.36328125 0.041015625 0.068359375
1 0.40283203125 0.36572265625 0.0439453125 0.0751953125
1 0.5771484375 0.36474609375 0.037109375 0.0634765625
1 0.7119140625 0.365234375 0.037109375 0.072265625
1 0.8544921875 0.3642578125 0.044921875 0.07421875
1 0.1240234375 0.80126953125 0.046875 0.0732421875
1 0.259765625 0.8017578125 0.046875 0.07421875
1 0.40234375 0.80029296875 0.048828125 0.0751953125
1 0.5751953125 0.80224609375 0.037109375 0.0654296875
1 0.7119140625 0.802734375 0.041015625 0.068359375
1 0.85498046875 0.80029296875 0.0380859375 0.0615234375