5 0.15576171875 0.11376953125 0.05712890625 0.02490234375
5 0.15576171875 0.28857421875 0.052734375 0.02978515625
5 0.14404296875 0.4619140625 0.029296875 0.02490234375
5 0.14990234375 0.6376953125 0.04296875 0.02490234375
5 0.548828125 0.1201171875 0.0419921875 0.02490234375
5 0.5419921875 0.287109375 0.02978515625 0.0234375
5 0.55517578125 0.46337890625 0.05419921875 0.02490234375
5 0.55517578125 0.63916015625 0.05419921875 0.0283203125
4 0.7001953125 0.19140625 0.34423828125 0.08447265625
4 0.69921875 0.357421875 0.345703125 0.0810546875
4 0.7001953125 0.533203125 0.34423828125 0.0810546875
4 0.7001953125 0.70751953125 0.34521484375 0.0810546875
4 0.30126953125 0.708984375 0.34521484375 0.08447265625
4 0.30126953125 0.533203125 0.345703125 0.08447265625
4 0.30126953125 0.35888671875 0.34619140625 0.087890625
4 0.30078125 0.18310546875 0.34716796875 0.08447265625