5 0.068359375 0.021484375 0.11669921875 0.01806640625
2 0.50048828125 0.0966796875 0.98095703125 0.0205078125
5 0.056640625 0.13330078125 0.0771484375 0.01611328125
5 0.05517578125 0.18603515625 0.0771484375 0.0146484375
5 0.0615234375 0.2333984375 0.08447265625 0.01611328125
5 0.068359375 0.2841796875 0.09619140625 0.013671875
5 0.04150390625 0.3330078125 0.044921875 0.01708984375
5 0.0517578125 0.60205078125 0.0703125 0.013671875
5 0.068359375 0.65185546875 0.111328125 0.013671875
5 0.04931640625 0.78564453125 0.06787109375 0.01953125
5 0.07568359375 0.8203125 0.1181640625 0.02294921875
5 0.04931640625 0.8544921875 0.06787109375 0.0205078125
5 0.11962890625 0.7421875 0.20361328125 0.0146484375
5 0.03955078125 0.92626953125 0.056640625 0.01611328125
2 0.50146484375 0.8974609375 0.98193359375 0.02294921875
2 0.50048828125 0.7158203125 0.9833984375 0.0205078125
2 0.11962890625 0.923828125 0.09619140625 0.01611328125
2 0.21142578125 0.75537109375 0.37939453125 0.01611328125
0 0.92236328125 0.0703125 0.1396484375 0.02734375
4 0.49462890625 0.1513671875 0.95361328125 0.0205078125
4 0.49560546875 0.20068359375 0.95263671875 0.01953125
4 0.49560546875 0.2509765625 0.95263671875 0.01953125
4 0.49658203125 0.29931640625 0.95263671875 0.01611328125
0 0.091796875 0.3798828125 0.1396484375 0.02978515625
4 0.49755859375 0.61767578125 0.95361328125 0.01806640625
4 0.49658203125 0.6689453125 0.947265625 0.01611328125
1 0.0947265625 0.7841796875 0.015625 0.0126953125
1 0.1455078125 0.81787109375 0.0166015625 0.013671875
1 0.09423828125 0.85107421875 0.01416015625 0.013671875
0 0.76611328125 0.9677734375 0.1396484375 0.0283203125
0 0.916015625 0.966796875 0.14501953125 0.02978515625
0 0.04736328125 0.35400390625 0.04345703125 0.01806640625
0 0.0986328125 0.35400390625 0.04345703125 0.01806640625
0 0.15380859375 0.35400390625 0.048828125 0.01611328125
0 0.2109375 0.35400390625 0.03955078125 0.01611328125
0 0.2783203125 0.35302734375 0.07958984375 0.01708984375
0 0.361328125 0.35400390625 0.0693359375 0.01806640625
0 0.44287109375 0.3544921875 0.0732421875 0.01708984375
0 0.533203125 0.35302734375 0.08984375 0.01708984375