5 0.21044921875 0.1455078125 0.04296875 0.0322265625
5 0.20751953125 0.31005859375 0.046875 0.033203125
5 0.22216796875 0.50146484375 0.06591796875 0.037109375
4 0.50244140625 0.2060546875 0.615234375 0.06787109375
2 0.31884765625 0.560546875 0.255859375 0.06787109375
2 0.61767578125 0.560546875 0.203125 0.0654296875
5 0.54638671875 0.62744140625 0.03076171875 0.0224609375
5 0.552734375 0.6748046875 0.044921875 0.02392578125
5 0.5478515625 0.72802734375 0.0400390625 0.0322265625
5 0.55517578125 0.78125 0.0458984375 0.029296875
5 0.548828125 0.8251953125 0.0341796875 0.0322265625
5 0.54443359375 0.50146484375 0.0771484375 0.03466796875