3 0.6748046875 0.6904296875 0.03515625 0.05908203125
3 0.76123046875 0.12158203125 0.03369140625 0.04150390625
3 0.765625 0.20556640625 0.03662109375 0.0439453125
3 0.68505859375 0.373046875 0.041015625 0.05029296875
3 0.76416015625 0.3291015625 0.03369140625 0.05908203125
3 0.76171875 0.41455078125 0.0380859375 0.05029296875
3 0.76416015625 0.498046875 0.03369140625 0.0546875
3 0.76416015625 0.62158203125 0.03369140625 0.04833984375
3 0.76318359375 0.7353515625 0.03515625 0.03076171875
3 0.76318359375 0.82177734375 0.041015625 0.0634765625
3 0.76611328125 0.908203125 0.0380859375 0.0654296875
5 0.84765625 0.90380859375 0.107421875 0.03955078125
5 0.869140625 0.818359375 0.14697265625 0.03955078125
5 0.84033203125 0.73291015625 0.0927734375 0.03076171875
5 0.83447265625 0.61181640625 0.083984375 0.0283203125
5 0.833984375 0.490234375 0.07958984375 0.03076171875
5 0.84033203125 0.40478515625 0.0927734375 0.03076171875
5 0.85009765625 0.3193359375 0.11181640625 0.03076171875
5 0.8330078125 0.19921875 0.078125 0.03515625
5 0.84423828125 0.1162109375 0.10009765625 0.03076171875