5 0.06982421875 0.03759765625 0.134765625 0.0390625
5 0.0341796875 0.11328125 0.05615234375 0.0302734375
5 0.03564453125 0.20458984375 0.048828125 0.03173828125
5 0.04736328125 0.27001953125 0.0673828125 0.033203125
5 0.033203125 0.54833984375 0.04638671875 0.0224609375
4 0.291015625 0.11083984375 0.18017578125 0.0439453125
4 0.353515625 0.1982421875 0.29736328125 0.04052734375
3 0.3388671875 0.63134765625 0.017578125 0.0224609375
0 0.6064453125 0.93896484375 0.1748046875 0.0498046875
0 0.8017578125 0.9375 0.1962890625 0.0498046875
0 0.94189453125 0.9365234375 0.06640625 0.0419921875