5 0.33740234375 0.19677734375 0.138671875 0.03125
5 0.32080078125 0.34228515625 0.07275390625 0.0302734375
5 0.3330078125 0.6708984375 0.09521484375 0.0302734375
5 0.3359375 0.76513671875 0.10009765625 0.03271484375
2 0.50048828125 0.26220703125 0.46142578125 0.0556640625
7 0.69775390625 0.66796875 0.0302734375 0.03125
6 0.298828125 0.3935546875 0.02197265625 0.03369140625
6 0.298828125 0.43798828125 0.02197265625 0.03515625
6 0.29833984375 0.4794921875 0.021484375 0.03125
6 0.29931640625 0.52197265625 0.021484375 0.03369140625
6 0.29833984375 0.564453125 0.02294921875 0.03515625
6 0.44140625 0.76708984375 0.02392578125 0.03125
6 0.59375 0.76708984375 0.02392578125 0.03369140625