5 0.06103515625 0.0732421875 0.119140625 0.05859375
5 0.0693359375 0.19482421875 0.138671875 0.0556640625
5 0.13232421875 0.32275390625 0.2646484375 0.052734375
5 0.03857421875 0.4501953125 0.0771484375 0.0439453125
5 0.05712890625 0.61865234375 0.11376953125 0.046875
5 0.0478515625 0.7890625 0.095703125 0.046875
0 0.0693359375 0.923828125 0.1220703125 0.0703125
4 0.75390625 0.06884765625 0.36865234375 0.0615234375
4 0.75146484375 0.19775390625 0.36669921875 0.0673828125
4 0.7529296875 0.32421875 0.3603515625 0.0615234375
2 0.6650390625 0.44873046875 0.1875 0.05859375
5 0.6689453125 0.65673828125 0.10205078125 0.052734375
5 0.654296875 0.587890625 0.072265625 0.0556640625
6 0.59814453125 0.58349609375 0.02685546875 0.041015625
6 0.599609375 0.65087890625 0.02685546875 0.041015625
4 0.75390625 0.79052734375 0.36865234375 0.0673828125