0 0.5908203125 0.08740234375 0.09130859375 0.041015625
4 0.27099609375 0.08935546875 0.5224609375 0.05224609375
2 0.4375 0.8115234375 0.2333984375 0.041015625
5 0.23583984375 0.74658203125 0.095703125 0.029296875
5 0.2255859375 0.80810546875 0.07958984375 0.02783203125
0 0.7265625 0.8955078125 0.091796875 0.04345703125
0 0.763671875 0.19677734375 0.1435546875 0.03564453125
0 0.9111328125 0.2490234375 0.14404296875 0.041015625
0 0.9111328125 0.14404296875 0.14404296875 0.0400390625
0 0.91162109375 0.1953125 0.14453125 0.03857421875
0 0.763671875 0.14404296875 0.14306640625 0.037109375
0 0.9111328125 0.30224609375 0.1435546875 0.0439453125
0 0.7626953125 0.24951171875 0.14208984375 0.03857421875
0 0.7626953125 0.35546875 0.14306640625 0.03955078125
0 0.7626953125 0.3017578125 0.14208984375 0.0400390625
0 0.9111328125 0.3544921875 0.14306640625 0.03857421875
3 0.048828125 0.19873046875 0.01806640625 0.033203125
3 0.04931640625 0.2783203125 0.017578125 0.0283203125
3 0.048828125 0.3544921875 0.01416015625 0.03076171875
3 0.0498046875 0.43408203125 0.01416015625 0.0322265625
3 0.0478515625 0.50927734375 0.017578125 0.03466796875
3 0.6279296875 0.2021484375 0.01708984375 0.03076171875
3 0.6259765625 0.2763671875 0.01416015625 0.0322265625
3 0.626953125 0.3544921875 0.01708984375 0.0419921875
3 0.6259765625 0.43359375 0.017578125 0.041015625
3 0.626953125 0.51318359375 0.015625 0.0400390625
2 0.8359375 0.08984375 0.31005859375 0.04736328125
2 0.83642578125 0.669921875 0.3095703125 0.05126953125
2 0.8369140625 0.74560546875 0.31298828125 0.04638671875
2 0.83642578125 0.8232421875 0.3115234375 0.048828125
0 0.7626953125 0.408203125 0.14208984375 0.037109375
0 0.76318359375 0.4599609375 0.142578125 0.0400390625
0 0.76220703125 0.513671875 0.142578125 0.03369140625
0 0.9091796875 0.40673828125 0.14013671875 0.03955078125
0 0.91015625 0.46044921875 0.14208984375 0.02978515625
0 0.9091796875 0.5146484375 0.1396484375 0.0400390625
0 0.7626953125 0.56787109375 0.14306640625 0.0361328125
5 0.0947265625 0.19970703125 0.05419921875 0.021484375
5 0.10400390625 0.2763671875 0.07421875 0.021484375
5 0.095703125 0.35595703125 0.06005859375 0.02294921875
5 0.0947265625 0.43359375 0.05908203125 0.02587890625
5 0.095703125 0.5126953125 0.0576171875 0.01904296875
5 0.06640625 0.7236328125 0.07177734375 0.02587890625
5 0.0576171875 0.666015625 0.07861328125 0.02783203125
5 0.07080078125 0.77783203125 0.076171875 0.02978515625
5 0.0693359375 0.83349609375 0.07275390625 0.025390625
5 0.0712890625 0.88525390625 0.07373046875 0.02294921875
5 0.087890625 0.9453125 0.1044921875 0.02783203125
5 0.81494140625 0.89599609375 0.0625 0.02978515625
3 0.0234375 0.72021484375 0.013671875 0.0234375
3 0.02490234375 0.77734375 0.0107421875 0.02783203125
3 0.02294921875 0.830078125 0.009765625 0.0244140625
3 0.02197265625 0.8837890625 0.0146484375 0.0244140625
3 0.02490234375 0.9384765625 0.017578125 0.0234375
0 0.1298828125 0.02783203125 0.08056640625 0.03369140625
4 0.4375 0.7470703125 0.22900390625 0.04248046875
3 0.580078125 0.80712890625 0.01513671875 0.02587890625