5 0.04931640625 0.1513671875 0.08349609375 0.02783203125
5 0.06005859375 0.19677734375 0.1044921875 0.03515625
5 0.06103515625 0.2548828125 0.1064453125 0.037109375
5 0.0595703125 0.31005859375 0.0966796875 0.03369140625
5 0.41845703125 0.712890625 0.04345703125 0.02001953125
5 0.02978515625 0.71435546875 0.03759765625 0.0244140625
0 0.052734375 0.80615234375 0.072265625 0.0361328125
0 0.1328125 0.80419921875 0.08349609375 0.037109375
2 0.55078125 0.71240234375 0.216796875 0.03515625
2 0.20166015625 0.71337890625 0.30126953125 0.03271484375
4 0.58544921875 0.1572265625 0.70654296875 0.037109375
4 0.58544921875 0.20947265625 0.7021484375 0.03515625
4 0.5859375 0.26123046875 0.703125 0.0361328125