2 0.0849609375 0.482421875 0.158203125 0.06640625
4 0.69384765625 0.48291015625 0.6123046875 0.0634765625
3 0.23974609375 0.4833984375 0.0322265625 0.037109375
3 0.2939453125 0.48095703125 0.03515625 0.0380859375
3 0.3505859375 0.4833984375 0.029296875 0.037109375
3 0.0439453125 0.04541015625 0.037109375 0.0517578125
3 0.0888671875 0.04296875 0.033203125 0.05078125
3 0.14111328125 0.04150390625 0.0302734375 0.0458984375
3 0.609375 0.2314453125 0.029296875 0.05859375
3 0.60986328125 0.31201171875 0.0341796875 0.0634765625
3 0.7373046875 0.2314453125 0.046875 0.083984375
3 0.787109375 0.33447265625 0.03125 0.0517578125
3 0.78662109375 0.27392578125 0.0361328125 0.0537109375
3 0.78564453125 0.2080078125 0.0341796875 0.05078125
3 0.94970703125 0.2265625 0.0615234375 0.083984375
3 0.44677734375 0.2080078125 0.0322265625 0.04296875
3 0.05126953125 0.22021484375 0.0439453125 0.0810546875
3 0.146484375 0.23583984375 0.05859375 0.0947265625
3 0.19921875 0.20849609375 0.033203125 0.0498046875
3 0.19970703125 0.2705078125 0.0322265625 0.0546875
3 0.19775390625 0.33447265625 0.0361328125 0.0556640625
3 0.3984375 0.234375 0.0625 0.091796875
3 0.4482421875 0.27294921875 0.037109375 0.0556640625
3 0.45068359375 0.33740234375 0.0302734375 0.0556640625
3 0.658203125 0.2294921875 0.0546875 0.076171875
0 0.5830078125 0.13525390625 0.078125 0.0830078125