7 0.20751953125 0.1484375 0.2275390625 0.099609375
7 0.2109375 0.27197265625 0.2265625 0.1005859375
7 0.2060546875 0.43798828125 0.22265625 0.1025390625
7 0.2099609375 0.56298828125 0.224609375 0.1005859375
7 0.20703125 0.72802734375 0.228515625 0.0986328125
7 0.2080078125 0.8515625 0.22265625 0.1015625
7 0.7919921875 0.15087890625 0.228515625 0.1103515625
7 0.7919921875 0.27490234375 0.232421875 0.1123046875
7 0.7900390625 0.4404296875 0.220703125 0.111328125
7 0.79150390625 0.5625 0.2353515625 0.109375
7 0.79150390625 0.72607421875 0.2294921875 0.1083984375
7 0.79296875 0.8525390625 0.232421875 0.115234375