2 0.19873046875 0.3232421875 0.2939453125 0.0703125
2 0.19873046875 0.52685546875 0.2900390625 0.0654296875
6 0.69384765625 0.20703125 0.0380859375 0.041015625
6 0.69482421875 0.2802734375 0.0341796875 0.044921875
6 0.6943359375 0.3544921875 0.041015625 0.048828125
6 0.69287109375 0.4267578125 0.0400390625 0.048828125
6 0.693359375 0.50146484375 0.03515625 0.0458984375
6 0.69384765625 0.57470703125 0.0380859375 0.0458984375
6 0.69384765625 0.650390625 0.0380859375 0.044921875
6 0.6953125 0.8486328125 0.033203125 0.048828125
6 0.69384765625 0.91845703125 0.0380859375 0.0478515625
5 0.12890625 0.17041015625 0.236328125 0.0419921875
5 0.12109375 0.25732421875 0.154296875 0.0419921875
5 0.14990234375 0.4560546875 0.1962890625 0.048828125
5 0.47998046875 0.3505859375 0.1298828125 0.0859375
5 0.74267578125 0.0615234375 0.2119140625 0.056640625
5 0.736328125 0.1396484375 0.1328125 0.041015625
5 0.79345703125 0.2099609375 0.1513671875 0.04296875
5 0.76220703125 0.28173828125 0.0888671875 0.0361328125
5 0.76171875 0.35595703125 0.0859375 0.0380859375
5 0.76171875 0.4296875 0.087890625 0.037109375
5 0.75830078125 0.501953125 0.0927734375 0.0390625
5 0.7607421875 0.58251953125 0.083984375 0.0400390625
5 0.796875 0.65576171875 0.158203125 0.0400390625
5 0.75244140625 0.78369140625 0.1748046875 0.0419921875
5 0.74853515625 0.8525390625 0.0634765625 0.033203125
5 0.76220703125 0.923828125 0.0927734375 0.041015625