5 0.046875 0.3896484375 0.0302734375 0.02392578125
5 0.0615234375 0.5869140625 0.0625 0.02587890625
5 0.0556640625 0.625 0.02685546875 0.02587890625
5 0.06005859375 0.66015625 0.03515625 0.02734375
5 0.056640625 0.69921875 0.029296875 0.02587890625
5 0.060546875 0.734375 0.03662109375 0.02392578125
0 0.0576171875 0.875 0.0498046875 0.0361328125
6 0.03662109375 0.61962890625 0.009765625 0.0224609375
6 0.0361328125 0.65625 0.01025390625 0.0224609375
6 0.03662109375 0.6923828125 0.009765625 0.0224609375
6 0.0361328125 0.728515625 0.009765625 0.0224609375
3 0.85009765625 0.1181640625 0.0283203125 0.03955078125
3 0.8505859375 0.1708984375 0.02783203125 0.04150390625
3 0.8505859375 0.22607421875 0.02783203125 0.04150390625
3 0.85107421875 0.28271484375 0.02685546875 0.04150390625
3 0.85009765625 0.3388671875 0.0283203125 0.03955078125
3 0.8505859375 0.39404296875 0.02783203125 0.04296875
3 0.85107421875 0.44921875 0.0283203125 0.03955078125
3 0.85009765625 0.50439453125 0.0283203125 0.03955078125
3 0.8505859375 0.560546875 0.029296875 0.04150390625
3 0.85009765625 0.61474609375 0.0283203125 0.04296875
3 0.85009765625 0.669921875 0.02685546875 0.03955078125
3 0.85009765625 0.72509765625 0.02685546875 0.03955078125
3 0.849609375 0.78125 0.02783203125 0.0380859375
5 0.88623046875 0.1171875 0.03271484375 0.0205078125
5 0.89404296875 0.17236328125 0.0458984375 0.02392578125
5 0.9052734375 0.228515625 0.0693359375 0.02587890625
5 0.9013671875 0.28125 0.06591796875 0.02392578125
5 0.89599609375 0.3388671875 0.0498046875 0.02587890625
5 0.908203125 0.39501953125 0.0810546875 0.02392578125
5 0.8994140625 0.447265625 0.06103515625 0.02587890625
5 0.9013671875 0.50537109375 0.06591796875 0.02734375
5 0.8994140625 0.55712890625 0.06005859375 0.02734375
5 0.89306640625 0.611328125 0.0478515625 0.02587890625
5 0.89013671875 0.6689453125 0.04150390625 0.02734375
5 0.89599609375 0.72314453125 0.0546875 0.02587890625
5 0.90087890625 0.7783203125 0.06103515625 0.0224609375
3 0.0400390625 0.82763671875 0.01123046875 0.02734375
3 0.3896484375 0.8251953125 0.01123046875 0.029296875
3 0.38916015625 0.5361328125 0.009765625 0.02734375
3 0.03955078125 0.54052734375 0.01123046875 0.029296875
3 0.04052734375 0.33984375 0.01025390625 0.02734375
3 0.0400390625 0.1484375 0.0126953125 0.02734375
3 0.38916015625 0.14306640625 0.009765625 0.02734375
3 0.388671875 0.33447265625 0.01025390625 0.02734375