7 0.150390625 0.15478515625 0.1953125 0.1416015625
7 0.1494140625 0.36962890625 0.185546875 0.1318359375
7 0.15185546875 0.57568359375 0.1904296875 0.1455078125
7 0.15283203125 0.78515625 0.1904296875 0.1484375
7 0.3837890625 0.16162109375 0.193359375 0.1474609375
7 0.38525390625 0.36572265625 0.1884765625 0.1318359375
7 0.384765625 0.57763671875 0.18359375 0.1416015625
7 0.3857421875 0.7841796875 0.1875 0.146484375
7 0.61767578125 0.15625 0.1806640625 0.12109375
7 0.615234375 0.3681640625 0.185546875 0.13671875
7 0.615234375 0.5810546875 0.185546875 0.134765625
7 0.6181640625 0.78271484375 0.19140625 0.1357421875
7 0.84912109375 0.16162109375 0.1806640625 0.1279296875
7 0.85009765625 0.3662109375 0.1845703125 0.12890625
7 0.84716796875 0.5751953125 0.1865234375 0.123046875
7 0.85107421875 0.7880859375 0.1943359375 0.138671875