5 0.09375 0.0341796875 0.146484375 0.03125
5 0.10107421875 0.18896484375 0.1337890625 0.0283203125
5 0.1025390625 0.271484375 0.13623046875 0.021484375
5 0.314453125 0.103515625 0.06884765625 0.03125
5 0.12353515625 0.1044921875 0.171875 0.02734375
5 0.07568359375 0.35595703125 0.08251953125 0.03662109375
5 0.0908203125 0.43603515625 0.11328125 0.029296875
5 0.1162109375 0.521484375 0.14990234375 0.0224609375
5 0.11962890625 0.6416015625 0.17724609375 0.01513671875
5 0.123046875 0.7236328125 0.15673828125 0.02685546875
5 0.28173828125 0.806640625 0.4189453125 0.025390625
5 0.19091796875 0.85400390625 0.2333984375 0.0185546875
4 0.5 0.22607421875 0.91357421875 0.041015625
4 0.498046875 0.30615234375 0.91015625 0.04541015625
4 0.50146484375 0.38916015625 0.90673828125 0.03564453125
4 0.4990234375 0.47216796875 0.91552734375 0.0341796875
4 0.49951171875 0.67626953125 0.9169921875 0.03955078125
4 0.498046875 0.75830078125 0.90673828125 0.03955078125
0 0.7724609375 0.95849609375 0.12353515625 0.04248046875
0 0.91015625 0.9580078125 0.126953125 0.04541015625
1 0.0556640625 0.8095703125 0.02587890625 0.0185546875
1 0.05517578125 0.853515625 0.02490234375 0.02001953125
3 0.951171875 0.03515625 0.03173828125 0.02734375