5 0.3076171875 0.30712890625 0.0498046875 0.02978515625
5 0.37451171875 0.3046875 0.03759765625 0.02880859375
5 0.43798828125 0.3056640625 0.04150390625 0.02880859375
5 0.5126953125 0.30810546875 0.06298828125 0.0322265625
5 0.63232421875 0.3056640625 0.13671875 0.02880859375
5 0.31298828125 0.4189453125 0.06494140625 0.03759765625
5 0.31103515625 0.50634765625 0.06591796875 0.0498046875
0 0.3359375 0.57958984375 0.087890625 0.056640625
0 0.45068359375 0.5810546875 0.11474609375 0.05322265625
0 0.56884765625 0.57958984375 0.09033203125 0.056640625
0 0.6953125 0.580078125 0.1328125 0.0556640625
5 0.37158203125 0.16357421875 0.18798828125 0.06005859375
5 0.09326171875 0.04736328125 0.048828125 0.02099609375
5 0.15966796875 0.046875 0.033203125 0.017578125
5 0.07421875 0.162109375 0.076171875 0.0224609375
5 0.07470703125 0.23486328125 0.0732421875 0.02783203125
0 0.1337890625 0.306640625 0.21435546875 0.06689453125
5 0.0703125 0.37744140625 0.06591796875 0.025390625
5 0.0576171875 0.451171875 0.04150390625 0.0224609375
5 0.05224609375 0.5224609375 0.029296875 0.0224609375
5 0.05224609375 0.59228515625 0.03076171875 0.02685546875
5 0.06982421875 0.66552734375 0.064453125 0.02001953125
5 0.06689453125 0.73828125 0.06005859375 0.025390625
5 0.0595703125 0.81103515625 0.048828125 0.03125
5 0.06982421875 0.88232421875 0.07080078125 0.03125
5 0.08251953125 0.9521484375 0.091796875 0.0224609375