4 0.33251953125 0.6826171875 0.3369140625 0.04296875
4 0.33251953125 0.74560546875 0.33837890625 0.04443359375
4 0.24609375 0.93896484375 0.166015625 0.04541015625
4 0.41943359375 0.93896484375 0.16650390625 0.04052734375
3 0.134765625 0.142578125 0.01953125 0.0263671875
3 0.1328125 0.201171875 0.017578125 0.03369140625
3 0.1337890625 0.25341796875 0.02001953125 0.03466796875
3 0.13232421875 0.3125 0.02001953125 0.03369140625
3 0.13525390625 0.3671875 0.021484375 0.03466796875
4 0.33349609375 0.8095703125 0.33740234375 0.04296875
0 0.41650390625 0.43115234375 0.16943359375 0.04052734375
0 0.2470703125 0.4306640625 0.16943359375 0.03955078125