5 0.19970703125 0.56494140625 0.06103515625 0.0380859375
0 0.21923828125 0.76220703125 0.09326171875 0.0478515625
5 0.20703125 0.64697265625 0.072265625 0.0341796875
4 0.330078125 0.68310546875 0.3154296875 0.0458984375
3 0.44189453125 0.244140625 0.037109375 0.06005859375
3 0.59521484375 0.34619140625 0.0693359375 0.087890625
3 0.59521484375 0.4638671875 0.072265625 0.080078125
3 0.47265625 0.4609375 0.06298828125 0.078125
3 0.47607421875 0.34716796875 0.0693359375 0.05810546875
3 0.35595703125 0.34814453125 0.07080078125 0.083984375
1 0.353515625 0.4658203125 0.05615234375 0.080078125