1 0.1640625 0.259765625 0.041015625 0.060546875
1 0.1630859375 0.337890625 0.04296875 0.05859375
1 0.69091796875 0.55712890625 0.0244140625 0.0419921875
1 0.1650390625 0.4130859375 0.0390625 0.052734375
1 0.16162109375 0.4873046875 0.0380859375 0.056640625
1 0.12158203125 0.5703125 0.0361328125 0.048828125
1 0.16259765625 0.642578125 0.0302734375 0.05078125
1 0.16455078125 0.720703125 0.0341796875 0.056640625
1 0.16259765625 0.79296875 0.0322265625 0.05078125
1 0.1650390625 0.87109375 0.03515625 0.052734375
1 0.7197265625 0.3330078125 0.0234375 0.041015625
1 0.72216796875 0.38818359375 0.0283203125 0.0400390625
1 0.7197265625 0.44482421875 0.0234375 0.0400390625
1 0.7216796875 0.5048828125 0.025390625 0.041015625
1 0.72119140625 0.61328125 0.0244140625 0.041015625
1 0.720703125 0.66796875 0.025390625 0.0390625
1 0.72119140625 0.72265625 0.0244140625 0.0390625
1 0.720703125 0.78076171875 0.025390625 0.0380859375