5 0.11279296875 0.13232421875 0.166015625 0.033203125
5 0.10400390625 0.27001953125 0.140625 0.02685546875
5 0.5966796875 0.13427734375 0.1796875 0.02880859375
5 0.11669921875 0.404296875 0.17724609375 0.0244140625
5 0.111328125 0.54296875 0.1689453125 0.02783203125
5 0.13525390625 0.6787109375 0.20263671875 0.02685546875
5 0.5966796875 0.6787109375 0.17724609375 0.02685546875
5 0.20458984375 0.81396484375 0.35009765625 0.0234375
4 0.2626953125 0.189453125 0.45263671875 0.06787109375
4 0.73828125 0.1884765625 0.45556640625 0.0654296875
4 0.26171875 0.32568359375 0.45263671875 0.064453125
4 0.7373046875 0.326171875 0.45556640625 0.06787109375
4 0.49853515625 0.46142578125 0.92724609375 0.0654296875
4 0.5 0.59912109375 0.9296875 0.06689453125
4 0.2607421875 0.73486328125 0.4541015625 0.06787109375
4 0.7373046875 0.734375 0.45263671875 0.06689453125