7 0.8193359375 0.33642578125 0.0625 0.0419921875
7 0.82080078125 0.39501953125 0.0634765625 0.0439453125
7 0.81982421875 0.458984375 0.0634765625 0.041015625
7 0.81884765625 0.8603515625 0.0654296875 0.041015625
7 0.818359375 0.927734375 0.0625 0.04296875
6 0.55126953125 0.85791015625 0.0341796875 0.0439453125
6 0.58935546875 0.857421875 0.0341796875 0.044921875
6 0.62890625 0.8603515625 0.03515625 0.044921875
6 0.6669921875 0.85791015625 0.033203125 0.0439453125
3 0.52587890625 0.13623046875 0.0361328125 0.0458984375
3 0.86328125 0.1318359375 0.041015625 0.05078125