1 0.87451171875 0.32421875 0.0517578125 0.056640625
1 0.87548828125 0.384765625 0.0576171875 0.046875
6 0.80712890625 0.3203125 0.0576171875 0.05859375
6 0.8076171875 0.38818359375 0.060546875 0.0556640625
7 0.15966796875 0.32275390625 0.1318359375 0.0576171875
7 0.1552734375 0.38525390625 0.125 0.0673828125
7 0.3056640625 0.3271484375 0.146484375 0.060546875
7 0.30517578125 0.3828125 0.1494140625 0.060546875
7 0.64697265625 0.32421875 0.1142578125 0.056640625
7 0.646484375 0.38623046875 0.123046875 0.0615234375
7 0.4482421875 0.3271484375 0.130859375 0.05859375
7 0.45263671875 0.384765625 0.1201171875 0.052734375
4 0.50439453125 0.12255859375 0.3017578125 0.0615234375
4 0.5009765625 0.18505859375 0.302734375 0.0537109375
0 0.1982421875 0.123046875 0.205078125 0.05078125
0 0.20068359375 0.1845703125 0.2041015625 0.0625