4 0.19140625 0.251953125 0.34375 0.04931640625
4 0.6728515625 0.26513671875 0.4677734375 0.0478515625
4 0.673828125 0.40234375 0.47265625 0.046875
4 0.6748046875 0.5419921875 0.47265625 0.0478515625
4 0.67333984375 0.6943359375 0.47021484375 0.0703125
0 0.09619140625 0.1572265625 0.1923828125 0.0615234375
0 0.2880859375 0.1572265625 0.1884765625 0.05908203125
5 0.0810546875 0.0361328125 0.09912109375 0.033203125
3 0.02099609375 0.03369140625 0.0185546875 0.03076171875
3 0.5888671875 0.03076171875 0.01416015625 0.02197265625
3 0.67822265625 0.03369140625 0.0205078125 0.0185546875
3 0.9853515625 0.15478515625 0.01708984375 0.03173828125
3 0.98388671875 0.22802734375 0.01806640625 0.033203125
3 0.982421875 0.3076171875 0.0166015625 0.037109375
3 0.982421875 0.37744140625 0.01953125 0.03173828125
3 0.04931640625 0.58447265625 0.0126953125 0.03955078125
3 0.0478515625 0.64306640625 0.01318359375 0.0419921875
3 0.048828125 0.703125 0.01025390625 0.04052734375
3 0.0478515625 0.76220703125 0.01171875 0.04052734375
3 0.0498046875 0.8203125 0.01171875 0.037109375
3 0.0478515625 0.87890625 0.01025390625 0.04052734375
3 0.05029296875 0.9404296875 0.01171875 0.0380859375
3 0.07275390625 0.58203125 0.02197265625 0.0244140625
3 0.0732421875 0.64208984375 0.02587890625 0.03173828125
3 0.0732421875 0.701171875 0.0234375 0.037109375
3 0.0712890625 0.76025390625 0.0283203125 0.03173828125
3 0.07373046875 0.8203125 0.0244140625 0.03173828125
3 0.07275390625 0.87939453125 0.0263671875 0.029296875
3 0.072265625 0.93798828125 0.02734375 0.0234375
5 0.12939453125 0.58544921875 0.0791015625 0.02197265625
5 0.12890625 0.64599609375 0.07666015625 0.0244140625
5 0.10302734375 0.70166015625 0.0283203125 0.0234375
5 0.1572265625 0.7646484375 0.1279296875 0.0283203125
5 0.13330078125 0.82177734375 0.08203125 0.0244140625
5 0.1474609375 0.88134765625 0.11083984375 0.01611328125
5 0.13427734375 0.93798828125 0.0859375 0.0234375
5 0.119140625 0.408203125 0.0537109375 0.02197265625
5 0.1181640625 0.46875 0.05712890625 0.01953125
5 0.1064453125 0.52294921875 0.0283203125 0.02197265625
3 0.048828125 0.52587890625 0.01318359375 0.0380859375
3 0.048828125 0.40576171875 0.01318359375 0.03955078125
3 0.04931640625 0.4638671875 0.0078125 0.046875
3 0.0751953125 0.40576171875 0.02099609375 0.029296875
3 0.072265625 0.466796875 0.02880859375 0.03076171875
3 0.07421875 0.52685546875 0.02490234375 0.0283203125
5 0.2783203125 0.033203125 0.20703125 0.029296875
5 0.4033203125 0.10009765625 0.04833984375 0.02099609375
5 0.5068359375 0.09716796875 0.08837890625 0.03173828125
5 0.6416015625 0.1025390625 0.1064453125 0.03564453125
0 0.32373046875 0.10009765625 0.07568359375 0.0625
2 0.0556640625 0.0966796875 0.0791015625 0.03076171875
2 0.95361328125 0.09765625 0.06005859375 0.033203125
0 0.955078125 0.03369140625 0.05859375 0.0380859375
0 0.8935546875 0.09765625 0.04833984375 0.0380859375
0 0.4755859375 0.84814453125 0.07958984375 0.052734375