7 0.4501953125 0.38818359375 0.03515625 0.0234375
7 0.45361328125 0.52001953125 0.03759765625 0.0400390625
7 0.45263671875 0.66357421875 0.03515625 0.033203125
7 0.92236328125 0.24658203125 0.02978515625 0.02685546875
7 0.544921875 0.37353515625 0.02978515625 0.02685546875
7 0.54736328125 0.42822265625 0.02978515625 0.02978515625
7 0.54638671875 0.4814453125 0.03271484375 0.02978515625
7 0.54638671875 0.53662109375 0.03271484375 0.02685546875
7 0.544921875 0.591796875 0.02978515625 0.02978515625
7 0.54638671875 0.6435546875 0.02734375 0.02685546875
7 0.544921875 0.69677734375 0.02978515625 0.033203125
0 0.90380859375 0.76318359375 0.072265625 0.046875
0 0.90478515625 0.8232421875 0.0751953125 0.046875
2 0.39892578125 0.2451171875 0.1376953125 0.03662109375