5 0.10205078125 0.15966796875 0.16259765625 0.033203125
5 0.095703125 0.23583984375 0.14990234375 0.04296875
5 0.05224609375 0.314453125 0.0791015625 0.0380859375
5 0.07275390625 0.3857421875 0.1123046875 0.0380859375
5 0.08349609375 0.57373046875 0.125 0.033203125
5 0.0810546875 0.759765625 0.1123046875 0.04296875
0 0.6875 0.95458984375 0.18310546875 0.06201171875
0 0.88330078125 0.95458984375 0.19189453125 0.06201171875
2 0.6083984375 0.31689453125 0.716796875 0.05224609375
4 0.6103515625 0.2451171875 0.720703125 0.05224609375
4 0.6103515625 0.16650390625 0.720703125 0.05712890625
5 0.3310546875 0.3857421875 0.1123046875 0.02880859375
5 0.3251953125 0.43798828125 0.091796875 0.02880859375
5 0.35009765625 0.49267578125 0.14990234375 0.033203125
5 0.32275390625 0.76171875 0.095703125 0.02880859375
5 0.36865234375 0.81689453125 0.17919921875 0.033203125
5 0.30419921875 0.6787109375 0.05810546875 0.02392578125
5 0.55419921875 0.6259765625 0.55810546875 0.04296875
5 0.53759765625 0.576171875 0.5166015625 0.0380859375
6 0.25634765625 0.3857421875 0.029296875 0.0380859375
6 0.25634765625 0.43798828125 0.029296875 0.0380859375
6 0.25439453125 0.49267578125 0.02490234375 0.04296875
6 0.25634765625 0.57373046875 0.02099609375 0.033203125
6 0.25634765625 0.6240234375 0.029296875 0.0380859375
6 0.25634765625 0.6787109375 0.029296875 0.033203125
6 0.25439453125 0.759765625 0.02490234375 0.033203125
6 0.25634765625 0.814453125 0.029296875 0.02880859375