5 0.04345703125 0.03955078125 0.0458984375 0.05029296875
5 0.0546875 0.1953125 0.05419921875 0.03955078125
5 0.0537109375 0.35498046875 0.05322265625 0.03759765625
5 0.05224609375 0.587890625 0.04736328125 0.03125
2 0.234375 0.1083984375 0.408203125 0.0751953125
4 0.234375 0.26806640625 0.4130859375 0.08984375
4 0.2353515625 0.6533203125 0.408203125 0.08349609375
4 0.236328125 0.45947265625 0.4091796875 0.150390625
0 0.6416015625 0.951171875 0.04833984375 0.06884765625
3 0.779296875 0.2275390625 0.01806640625 0.0419921875
3 0.66162109375 0.3046875 0.0146484375 0.03759765625
3 0.662109375 0.38818359375 0.015625 0.05419921875
3 0.66015625 0.46337890625 0.015625 0.05029296875
3 0.66162109375 0.53955078125 0.0166015625 0.0478515625
3 0.66015625 0.61376953125 0.01708984375 0.0458984375
3 0.66162109375 0.68994140625 0.01806640625 0.0439453125
3 0.83154296875 0.31005859375 0.01708984375 0.0478515625
3 0.83056640625 0.38720703125 0.0166015625 0.0478515625
3 0.83154296875 0.45947265625 0.01904296875 0.0458984375
3 0.83203125 0.53857421875 0.02294921875 0.0458984375
3 0.83154296875 0.619140625 0.02197265625 0.05224609375
3 0.8330078125 0.7724609375 0.01806640625 0.0419921875
3 0.61279296875 0.82666015625 0.015625 0.0458984375
3 0.63134765625 0.82666015625 0.015625 0.0458984375
3 0.650390625 0.82763671875 0.01708984375 0.0439453125
3 0.8330078125 0.697265625 0.015625 0.03759765625
5 0.82373046875 0.228515625 0.06396484375 0.0439453125
5 0.6875 0.31201171875 0.02685546875 0.03955078125
5 0.69775390625 0.38525390625 0.04931640625 0.03125
5 0.7001953125 0.4677734375 0.0517578125 0.033203125
5 0.7021484375 0.54296875 0.056640625 0.03759765625
5 0.689453125 0.6201171875 0.03125 0.03759765625
5 0.6962890625 0.6962890625 0.044921875 0.03564453125
5 0.69384765625 0.771484375 0.037109375 0.03564453125
5 0.90966796875 0.7734375 0.12646484375 0.03125
5 0.89111328125 0.6982421875 0.08837890625 0.02734375
5 0.88671875 0.61669921875 0.0830078125 0.03125
5 0.8828125 0.54052734375 0.072265625 0.033203125
5 0.86279296875 0.46337890625 0.03857421875 0.0419921875
5 0.8564453125 0.38720703125 0.0263671875 0.03955078125
5 0.8681640625 0.31201171875 0.04443359375 0.03564453125