0 0.49853515625 0.43017578125 0.7626953125 0.0615234375
5 0.2763671875 0.55859375 0.17822265625 0.03125
5 0.2900390625 0.6103515625 0.220703125 0.03125
5 0.28857421875 0.7314453125 0.21728515625 0.033203125
5 0.20263671875 0.68505859375 0.244140625 0.02978515625
5 0.185546875 0.51513671875 0.1689453125 0.0185546875
5 0.50048828125 0.33349609375 0.36962890625 0.033203125
5 0.29052734375 0.78076171875 0.2314453125 0.0263671875
5 0.4326171875 0.83203125 0.4970703125 0.0341796875
5 0.37841796875 0.88525390625 0.4072265625 0.0341796875
7 0.83935546875 0.77978515625 0.13134765625 0.04052734375
7 0.83544921875 0.83154296875 0.154296875 0.04638671875
3 0.134765625 0.55615234375 0.06787109375 0.029296875
3 0.13330078125 0.60986328125 0.07470703125 0.03369140625
3 0.13330078125 0.728515625 0.06787109375 0.0390625
3 0.13525390625 0.77587890625 0.056640625 0.0302734375
3 0.13134765625 0.82958984375 0.064453125 0.0390625
3 0.1318359375 0.87890625 0.05517578125 0.03466796875