1 0.0595703125 0.279296875 0.02392578125 0.033203125
1 0.0595703125 0.3427734375 0.02392578125 0.03515625
1 0.06005859375 0.40673828125 0.02783203125 0.03955078125
1 0.060546875 0.46875 0.0263671875 0.03515625
1 0.54296875 0.2763671875 0.0263671875 0.03955078125
1 0.54345703125 0.3408203125 0.02783203125 0.03955078125
1 0.54345703125 0.40283203125 0.02783203125 0.03955078125
5 0.60498046875 0.275390625 0.0791015625 0.037109375
5 0.1123046875 0.28076171875 0.0634765625 0.03125
5 0.123046875 0.3466796875 0.0791015625 0.03515625
5 0.103515625 0.40576171875 0.041015625 0.033203125
5 0.11083984375 0.47216796875 0.0556640625 0.033203125
5 0.61669921875 0.41015625 0.10302734375 0.04150390625
5 0.599609375 0.3427734375 0.06884765625 0.03515625
3 0.46484375 0.203125 0.0185546875 0.02880859375
3 0.4208984375 0.203125 0.0146484375 0.02490234375
3 0.53564453125 0.2041015625 0.02783203125 0.03125
3 0.5771484375 0.205078125 0.02099609375 0.02490234375
4 0.783203125 0.205078125 0.37255859375 0.0703125
4 0.21533203125 0.20068359375 0.36474609375 0.06640625