5 0.20751953125 0.07763671875 0.1845703125 0.02392578125
5 0.1513671875 0.119140625 0.0693359375 0.02099609375
5 0.17529296875 0.37255859375 0.123046875 0.0283203125
5 0.17138671875 0.408203125 0.052734375 0.0146484375
5 0.3056640625 0.40869140625 0.06103515625 0.015625
5 0.42626953125 0.408203125 0.03955078125 0.0107421875
5 0.5634765625 0.408203125 0.05419921875 0.01904296875
5 0.15185546875 0.4599609375 0.07861328125 0.02099609375
5 0.1708984375 0.4931640625 0.048828125 0.01806640625
5 0.30419921875 0.494140625 0.052734375 0.015625
5 0.4345703125 0.494140625 0.05810546875 0.015625
5 0.1591796875 0.54931640625 0.0908203125 0.02099609375
5 0.18603515625 0.57958984375 0.044921875 0.015625
5 0.32177734375 0.580078125 0.0498046875 0.0146484375
5 0.4423828125 0.58251953125 0.0419921875 0.01708984375
5 0.5859375 0.57958984375 0.05810546875 0.01171875
5 0.1572265625 0.63330078125 0.076171875 0.02001953125
4 0.2392578125 0.1591796875 0.23681640625 0.03173828125
4 0.5009765625 0.1591796875 0.23583984375 0.029296875
4 0.7607421875 0.15869140625 0.234375 0.03466796875
4 0.240234375 0.21044921875 0.234375 0.0302734375
4 0.49951171875 0.21044921875 0.23681640625 0.03466796875
4 0.76171875 0.21142578125 0.23291015625 0.03271484375
4 0.23828125 0.259765625 0.23291015625 0.03076171875
4 0.498046875 0.2607421875 0.234375 0.029296875
4 0.2392578125 0.31103515625 0.234375 0.029296875
4 0.5 0.3134765625 0.2333984375 0.0361328125
1 0.12939453125 0.40673828125 0.025390625 0.017578125
1 0.2607421875 0.40771484375 0.025390625 0.01806640625
1 0.39208984375 0.40771484375 0.0283203125 0.02001953125
1 0.52197265625 0.40771484375 0.02978515625 0.02001953125
6 0.1298828125 0.4931640625 0.02197265625 0.02197265625
6 0.2607421875 0.494140625 0.0205078125 0.01806640625
6 0.39013671875 0.4951171875 0.02685546875 0.017578125
7 0.138671875 0.58056640625 0.03369140625 0.02001953125
7 0.267578125 0.580078125 0.03369140625 0.01904296875
7 0.3994140625 0.580078125 0.03662109375 0.01904296875
7 0.52783203125 0.57958984375 0.0419921875 0.02001953125
2 0.23974609375 0.67578125 0.2333984375 0.0302734375
2 0.49951171875 0.67529296875 0.234375 0.03369140625
2 0.75927734375 0.6767578125 0.23193359375 0.03271484375
2 0.2392578125 0.82080078125 0.234375 0.03173828125
2 0.50146484375 0.8203125 0.23876953125 0.03466796875
5 0.40771484375 0.712890625 0.02978515625 0.0146484375
5 0.41162109375 0.751953125 0.03662109375 0.0166015625
5 0.42626953125 0.77001953125 0.07177734375 0.01025390625
5 0.66943359375 0.7138671875 0.03271484375 0.0146484375
5 0.6845703125 0.77197265625 0.0703125 0.01708984375
5 0.66943359375 0.75146484375 0.04345703125 0.015625
0 0.498046875 0.7314453125 0.2373046875 0.02197265625
0 0.7607421875 0.732421875 0.23681640625 0.02001953125