0 0.2421875 0.84228515625 0.197265625 0.0615234375
0 0.6298828125 0.75927734375 0.07421875 0.0419921875
5 0.28759765625 0.2841796875 0.1552734375 0.0234375
5 0.24560546875 0.38330078125 0.0732421875 0.02880859375
5 0.4765625 0.38720703125 0.07763671875 0.0234375
5 0.240234375 0.482421875 0.0625 0.02490234375
5 0.2265625 0.6328125 0.03125 0.02734375
5 0.43359375 0.63427734375 0.0400390625 0.0224609375
5 0.58203125 0.63134765625 0.02880859375 0.02734375
5 0.31982421875 0.75439453125 0.17333984375 0.02734375
5 0.08984375 0.06201171875 0.15966796875 0.0302734375
5 0.08984375 0.9130859375 0.15966796875 0.02734375
5 0.078125 0.4697265625 0.1240234375 0.03662109375
5 0.087890625 0.11767578125 0.14208984375 0.02099609375
2 0.30029296875 0.3232421875 0.1796875 0.0498046875
2 0.48681640625 0.6748046875 0.14990234375 0.0537109375
4 0.322265625 0.42431640625 0.22509765625 0.05517578125
4 0.5537109375 0.42529296875 0.22314453125 0.05517578125
4 0.43896484375 0.52294921875 0.4580078125 0.05615234375
4 0.4375 0.583984375 0.45556640625 0.05224609375
4 0.30419921875 0.67333984375 0.19384765625 0.0537109375
4 0.61962890625 0.67333984375 0.09619140625 0.0537109375
1 0.21875 0.75390625 0.01611328125 0.0234375
5 0.548828125 0.03125 0.11328125 0.03125
5 0.6767578125 0.0908203125 0.189453125 0.01953125