5 0.06201171875 0.34130859375 0.03125 0.02783203125
5 0.34375 0.34326171875 0.0380859375 0.03125
5 0.625 0.3466796875 0.0380859375 0.0244140625
5 0.0654296875 0.53125 0.04833984375 0.03125
5 0.3515625 0.53466796875 0.05712890625 0.0244140625
5 0.64501953125 0.53662109375 0.0810546875 0.02099609375
5 0.0986328125 0.744140625 0.044921875 0.03125
5 0.0986328125 0.869140625 0.044921875 0.0244140625
5 0.2255859375 0.7421875 0.0361328125 0.02783203125
5 0.2236328125 0.869140625 0.03271484375 0.03125
5 0.35595703125 0.744140625 0.0517578125 0.03125
5 0.35595703125 0.869140625 0.0517578125 0.03125
5 0.494140625 0.744140625 0.0517578125 0.0380859375
5 0.494140625 0.873046875 0.0517578125 0.03125
4 0.1640625 0.404296875 0.23828125 0.07666015625
4 0.44580078125 0.40234375 0.23828125 0.080078125
4 0.72802734375 0.40087890625 0.23681640625 0.06982421875
4 0.1650390625 0.59228515625 0.23681640625 0.07666015625
2 0.44580078125 0.5908203125 0.23486328125 0.0732421875
2 0.72705078125 0.59228515625 0.23828125 0.08349609375
1 0.05859375 0.744140625 0.0244140625 0.04541015625
6 0.0576171875 0.873046875 0.02587890625 0.05908203125
1 0.1884765625 0.74560546875 0.0244140625 0.048828125
6 0.1865234375 0.869140625 0.03125 0.05908203125
1 0.31005859375 0.744140625 0.02587890625 0.05224609375
6 0.3115234375 0.87109375 0.029296875 0.0556640625
1 0.44921875 0.744140625 0.02783203125 0.05224609375
6 0.44921875 0.873046875 0.02783203125 0.05224609375