7 0.2158203125 0.455078125 0.0390625 0.03125
7 0.2724609375 0.4541015625 0.037109375 0.029296875
7 0.43994140625 0.45068359375 0.0244140625 0.0224609375
7 0.49169921875 0.4521484375 0.0302734375 0.02734375
7 0.55517578125 0.455078125 0.0341796875 0.029296875
7 0.69580078125 0.45361328125 0.0322265625 0.0283203125
7 0.75341796875 0.45458984375 0.0400390625 0.0302734375
7 0.81396484375 0.455078125 0.0361328125 0.029296875
7 0.27294921875 0.7001953125 0.0361328125 0.03125
7 0.3486328125 0.70068359375 0.037109375 0.0302734375
7 0.27392578125 0.74072265625 0.0341796875 0.0283203125
7 0.34765625 0.74072265625 0.037109375 0.0283203125
7 0.57861328125 0.70068359375 0.0361328125 0.0283203125
7 0.58203125 0.7392578125 0.0390625 0.02734375
7 0.6455078125 0.70068359375 0.037109375 0.0283203125
7 0.7119140625 0.701171875 0.04296875 0.02734375
7 0.78369140625 0.70068359375 0.0419921875 0.0302734375
7 0.64599609375 0.740234375 0.0361328125 0.029296875
7 0.71435546875 0.740234375 0.0419921875 0.02734375
7 0.78515625 0.740234375 0.041015625 0.025390625
7 0.19384765625 0.7001953125 0.0400390625 0.033203125
7 0.1943359375 0.73876953125 0.0390625 0.0283203125
7 0.4169921875 0.701171875 0.037109375 0.0234375
7 0.4189453125 0.73974609375 0.037109375 0.0224609375