5 0.32861328125 0.03515625 0.16162109375 0.037109375
3 0.4443359375 0.03369140625 0.017578125 0.03173828125
3 0.46533203125 0.0341796875 0.015625 0.033203125
0 0.74853515625 0.05078125 0.0537109375 0.03564453125
4 0.853515625 0.048828125 0.1083984375 0.0478515625
3 0.96923828125 0.125 0.021484375 0.02490234375
3 0.89453125 0.12451171875 0.013671875 0.02880859375
3 0.81689453125 0.12646484375 0.015625 0.02734375
0 0.4599609375 0.2294921875 0.0859375 0.03564453125
4 0.46044921875 0.53369140625 0.30517578125 0.04541015625
4 0.4599609375 0.6845703125 0.30615234375 0.04541015625
0 0.85791015625 0.34619140625 0.20947265625 0.06298828125
0 0.8583984375 0.41845703125 0.20751953125 0.06201171875
0 0.85791015625 0.48876953125 0.20947265625 0.060546875
0 0.85791015625 0.56201171875 0.20849609375 0.060546875
0 0.857421875 0.63232421875 0.2099609375 0.06201171875
0 0.85791015625 0.70556640625 0.20947265625 0.06201171875
0 0.85791015625 0.77490234375 0.2099609375 0.06298828125
0 0.859375 0.84912109375 0.20947265625 0.06298828125
5 0.798828125 0.2099609375 0.0576171875 0.02734375
5 0.91943359375 0.2080078125 0.04833984375 0.02587890625
5 0.8486328125 0.126953125 0.04833984375 0.0234375
5 0.9228515625 0.125 0.04296875 0.02197265625
3 0.92236328125 0.0478515625 0.02001953125 0.03857421875
3 0.9482421875 0.04931640625 0.021484375 0.033203125
3 0.158203125 0.0478515625 0.025390625 0.033203125
3 0.15771484375 0.58251953125 0.015625 0.02490234375
3 0.421875 0.033203125 0.01904296875 0.02734375