5 0.177734375 0.09619140625 0.2001953125 0.0537109375
5 0.107421875 0.2431640625 0.17041015625 0.1015625
5 0.12060546875 0.376953125 0.18896484375 0.0693359375
5 0.12060546875 0.5 0.17431640625 0.0693359375
5 0.1279296875 0.623046875 0.2109375 0.05859375
5 0.13720703125 0.75390625 0.20751953125 0.06396484375
5 0.11865234375 0.8798828125 0.17041015625 0.05859375
7 0.92236328125 0.09619140625 0.05908203125 0.0537109375
7 0.30908203125 0.224609375 0.0556640625 0.06396484375
3 0.0517578125 0.08837890625 0.037109375 0.04833984375
4 0.57568359375 0.38232421875 0.59619140625 0.0908203125
4 0.572265625 0.630859375 0.5888671875 0.08544921875
4 0.57421875 0.7568359375 0.5927734375 0.0693359375
4 0.572265625 0.876953125 0.5888671875 0.08544921875
4 0.57421875 0.5078125 0.5927734375 0.08544921875