5 0.15234375 0.361328125 0.09521484375 0.03271484375
5 0.14599609375 0.53125 0.0830078125 0.02734375
5 0.138671875 0.611328125 0.07373046875 0.02734375
5 0.14453125 0.68994140625 0.07373046875 0.03515625
5 0.16455078125 0.76513671875 0.1201171875 0.02490234375
5 0.16015625 0.84619140625 0.11669921875 0.03271484375
5 0.1923828125 0.9375 0.1630859375 0.02490234375
5 0.43408203125 0.83642578125 0.0859375 0.0224609375
5 0.41845703125 0.865234375 0.0615234375 0.02001953125
5 0.48291015625 0.93017578125 0.1845703125 0.02490234375
5 0.49072265625 0.9599609375 0.19384765625 0.02490234375
5 0.478515625 0.98876953125 0.16943359375 0.0224609375
5 0.384765625 0.396484375 0.07373046875 0.017578125
5 0.38623046875 0.46240234375 0.064453125 0.02001953125
4 0.6201171875 0.3623046875 0.54443359375 0.0498046875
4 0.61865234375 0.427734375 0.5478515625 0.044921875
4 0.61865234375 0.53271484375 0.5478515625 0.0498046875
4 0.6201171875 0.611328125 0.54443359375 0.052734375
4 0.6201171875 0.68896484375 0.54443359375 0.04736328125
4 0.6201171875 0.767578125 0.54443359375 0.0498046875
6 0.3720703125 0.8349609375 0.03076171875 0.02490234375
6 0.3720703125 0.86376953125 0.03076171875 0.02734375
6 0.3720703125 0.92626953125 0.03076171875 0.02734375
6 0.3720703125 0.9560546875 0.03076171875 0.0224609375
6 0.3740234375 0.986328125 0.03369140625 0.02734375