4 0.24658203125 0.2021484375 0.40576171875 0.14794921875
4 0.24658203125 0.37939453125 0.40576171875 0.14794921875
4 0.2451171875 0.5517578125 0.40869140625 0.14794921875
4 0.24658203125 0.7265625 0.40576171875 0.15283203125
5 0.5830078125 0.150390625 0.076171875 0.04443359375
5 0.61328125 0.21923828125 0.048828125 0.03466796875
5 0.73681640625 0.216796875 0.07373046875 0.03955078125
5 0.8623046875 0.2216796875 0.05712890625 0.03955078125
5 0.69775390625 0.71435546875 0.21240234375 0.04931640625
6 0.56396484375 0.2216796875 0.03271484375 0.04931640625
6 0.6728515625 0.2216796875 0.02734375 0.05908203125
6 0.80908203125 0.22412109375 0.02734375 0.05419921875
2 0.748046875 0.3818359375 0.40576171875 0.15283203125
4 0.748046875 0.55908203125 0.400390625 0.14306640625
5 0.8935546875 0.556640625 0.03271484375 0.05908203125
1 0.5615234375 0.71923828125 0.02734375 0.04931640625
0 0.6064453125 0.849609375 0.1279296875 0.11328125
0 0.73828125 0.8544921875 0.1201171875 0.11328125