3 0.9384765625 0.0439453125 0.01513671875 0.025390625
3 0.02783203125 0.16748046875 0.013671875 0.0244140625
4 0.298828125 0.0439453125 0.18896484375 0.05615234375
5 0.0771484375 0.23486328125 0.06201171875 0.01953125
5 0.0625 0.30126953125 0.033203125 0.0185546875
5 0.0634765625 0.36865234375 0.03271484375 0.01708984375
5 0.0615234375 0.43408203125 0.0302734375 0.01953125
5 0.0634765625 0.50146484375 0.0341796875 0.01953125
5 0.06103515625 0.5673828125 0.02978515625 0.01953125
3 0.0283203125 0.23388671875 0.0126953125 0.02099609375
3 0.02734375 0.30078125 0.01318359375 0.02099609375
3 0.02783203125 0.36767578125 0.01318359375 0.02392578125
3 0.02783203125 0.4345703125 0.01318359375 0.0185546875
3 0.02783203125 0.5009765625 0.01220703125 0.02197265625
3 0.02783203125 0.56787109375 0.01220703125 0.02197265625
5 0.236328125 0.37890625 0.02978515625 0.01806640625
5 0.50537109375 0.37890625 0.025390625 0.01611328125
5 0.70361328125 0.37939453125 0.0341796875 0.01708984375
5 0.81689453125 0.37939453125 0.02490234375 0.01708984375
3 0.78125 0.25341796875 0.02392578125 0.04833984375
3 0.51123046875 0.25390625 0.02978515625 0.04052734375
3 0.24072265625 0.25634765625 0.03125 0.04248046875