7 0.12109375 0.2451171875 0.12890625 0.109375
7 0.25732421875 0.24169921875 0.1240234375 0.1083984375
7 0.43798828125 0.24169921875 0.1162109375 0.0986328125
7 0.576171875 0.2412109375 0.119140625 0.09375
7 0.75537109375 0.24072265625 0.1142578125 0.0966796875
7 0.892578125 0.2412109375 0.126953125 0.10546875
7 0.75537109375 0.3701171875 0.1103515625 0.09765625
7 0.43798828125 0.37158203125 0.1142578125 0.0947265625
7 0.1201171875 0.3671875 0.119140625 0.09375
7 0.12060546875 0.49951171875 0.1240234375 0.0947265625
7 0.1201171875 0.6259765625 0.115234375 0.095703125
7 0.11474609375 0.75927734375 0.1123046875 0.0908203125
7 0.2509765625 0.7607421875 0.1171875 0.109375
7 0.43701171875 0.4970703125 0.1123046875 0.109375
7 0.5732421875 0.49755859375 0.1171875 0.0966796875
7 0.57275390625 0.6337890625 0.1162109375 0.11328125
7 0.5712890625 0.7578125 0.1328125 0.109375
7 0.43017578125 0.755859375 0.1201171875 0.11328125
7 0.75927734375 0.50146484375 0.1181640625 0.0908203125
7 0.89208984375 0.50439453125 0.1259765625 0.1123046875
7 0.89013671875 0.62744140625 0.1220703125 0.1025390625
7 0.75341796875 0.76123046875 0.1083984375 0.0927734375
7 0.88916015625 0.75830078125 0.1083984375 0.0927734375