0 0.71630859375 0.421875 0.26708984375 0.0546875
4 0.31982421875 0.28125 0.3994140625 0.05419921875
4 0.3203125 0.44189453125 0.39892578125 0.0517578125
5 0.1552734375 0.404296875 0.06689453125 0.01806640625
5 0.1796875 0.4873046875 0.11181640625 0.015625
5 0.16650390625 0.56787109375 0.0888671875 0.0166015625
2 0.31982421875 0.5234375 0.39697265625 0.0537109375
4 0.31982421875 0.6044921875 0.39794921875 0.0546875
5 0.17578125 0.220703125 0.109375 0.0205078125
5 0.16064453125 0.361328125 0.0791015625 0.02490234375
5 0.16162109375 0.685546875 0.08154296875 0.02783203125
0 0.419921875 0.75244140625 0.193359375 0.0673828125
0 0.2197265625 0.75244140625 0.19482421875 0.06982421875
3 0.13916015625 0.74169921875 0.01953125 0.0205078125
3 0.34033203125 0.7431640625 0.02001953125 0.0234375