5 0.48681640625 0.13720703125 0.5 0.03759765625
5 0.12451171875 0.19775390625 0.11083984375 0.02001953125
5 0.13232421875 0.267578125 0.13134765625 0.015625
5 0.12353515625 0.33837890625 0.1015625 0.01708984375
5 0.109375 0.41650390625 0.0859375 0.01318359375
5 0.10986328125 0.4833984375 0.07666015625 0.01611328125
5 0.11474609375 0.44482421875 0.0859375 0.01904296875
5 0.1953125 0.4140625 0.08349609375 0.01708984375
5 0.13232421875 0.46240234375 0.04296875 0.0107421875
5 0.21923828125 0.46142578125 0.06396484375 0.0107421875
5 0.3125 0.4609375 0.05224609375 0.01220703125
5 0.15087890625 0.609375 0.15625 0.01708984375
5 0.10107421875 0.72802734375 0.06396484375 0.0146484375
5 0.11962890625 0.7998046875 0.08837890625 0.017578125
5 0.154296875 0.86962890625 0.15771484375 0.01318359375
4 0.509765625 0.22412109375 0.86865234375 0.033203125
4 0.509765625 0.29541015625 0.86328125 0.03515625
4 0.51025390625 0.36474609375 0.86474609375 0.03515625
6 0.09375 0.4609375 0.02880859375 0.013671875
6 0.16943359375 0.4609375 0.0234375 0.013671875
6 0.26904296875 0.46044921875 0.02734375 0.01318359375
4 0.5078125 0.51171875 0.86181640625 0.03515625
4 0.50830078125 0.56640625 0.86083984375 0.03759765625
4 0.50634765625 0.75537109375 0.86181640625 0.03515625
4 0.50732421875 0.82666015625 0.85791015625 0.0361328125
4 0.505859375 0.89697265625 0.86083984375 0.0322265625
0 0.48876953125 0.9541015625 0.82177734375 0.0361328125