7 0.6796875 0.7666015625 0.064453125 0.056640625
7 0.67919921875 0.85791015625 0.0654296875 0.0595703125
7 0.68017578125 0.94970703125 0.0634765625 0.0576171875
0 0.50146484375 0.23779296875 0.1845703125 0.0712890625
3 0.3046875 0.4189453125 0.03515625 0.046875
3 0.30419921875 0.513671875 0.0322265625 0.048828125
3 0.3037109375 0.67041015625 0.037109375 0.0439453125
3 0.3017578125 0.76513671875 0.0390625 0.0478515625
3 0.3056640625 0.8564453125 0.044921875 0.052734375
3 0.3037109375 0.9453125 0.041015625 0.046875
3 0.701171875 0.4228515625 0.02734375 0.033203125
3 0.70361328125 0.5166015625 0.0205078125 0.04296875
3 0.7021484375 0.6708984375 0.01953125 0.041015625