2 0.599609375 0.0517578125 0.19921875 0.048828125
2 0.60009765625 0.1826171875 0.1982421875 0.044921875
6 0.33203125 0.8916015625 0.03125 0.04296875
6 0.48388671875 0.89208984375 0.0263671875 0.0419921875
6 0.607421875 0.89111328125 0.029296875 0.0419921875
1 0.70849609375 0.56005859375 0.0205078125 0.0361328125
1 0.70654296875 0.6318359375 0.0205078125 0.03515625
1 0.70849609375 0.701171875 0.0244140625 0.03125
1 0.0419921875 0.32666015625 0.0234375 0.0341796875
1 0.0419921875 0.24365234375 0.0234375 0.0322265625
1 0.04345703125 0.1787109375 0.0205078125 0.03125
3 0.3330078125 0.421875 0.033203125 0.037109375
3 0.48876953125 0.42529296875 0.0224609375 0.0322265625
3 0.86376953125 0.552734375 0.0263671875 0.0390625
3 0.86279296875 0.62255859375 0.0263671875 0.0458984375
3 0.86181640625 0.69384765625 0.0263671875 0.0380859375