6 0.18212890625 0.19091796875 0.0869140625 0.0693359375
6 0.1669921875 0.5390625 0.08984375 0.0625
6 0.7041015625 0.19189453125 0.080078125 0.0615234375
6 0.68310546875 0.53955078125 0.0927734375 0.0673828125
6 0.6787109375 0.89453125 0.08203125 0.05859375
6 0.15771484375 0.892578125 0.0947265625 0.0625
5 0.50634765625 0.05224609375 0.8505859375 0.0771484375
5 0.8271484375 0.19287109375 0.109375 0.0517578125
5 0.31787109375 0.19677734375 0.1416015625 0.0556640625
5 0.30615234375 0.54248046875 0.1416015625 0.0576171875
5 0.810546875 0.544921875 0.1171875 0.0625
5 0.80126953125 0.89501953125 0.1201171875 0.0634765625
5 0.29052734375 0.89453125 0.1435546875 0.064453125
5 0.4921875 0.41162109375 0.86328125 0.0732421875
5 0.486328125 0.765625 0.84765625 0.060546875