0 0.802734375 0.13330078125 0.10009765625 0.0400390625
0 0.90625 0.13330078125 0.09765625 0.0400390625
0 0.85107421875 0.578125 0.21240234375 0.04345703125
0 0.85107421875 0.6650390625 0.20751953125 0.04345703125
5 0.34521484375 0.181640625 0.05517578125 0.0166015625
5 0.3310546875 0.24169921875 0.08251953125 0.0234375
5 0.3349609375 0.2998046875 0.06982421875 0.02001953125
5 0.34765625 0.455078125 0.044921875 0.0166015625
5 0.34765625 0.51171875 0.05517578125 0.0166015625
5 0.357421875 0.57177734375 0.02490234375 0.0166015625
5 0.34521484375 0.6318359375 0.0498046875 0.0166015625
5 0.32861328125 0.68505859375 0.08251953125 0.0234375
5 0.33642578125 0.740234375 0.0576171875 0.02685546875
5 0.33740234375 0.7998046875 0.06494140625 0.02685546875
5 0.34375 0.9599609375 0.052734375 0.02001953125
4 0.4501953125 0.18017578125 0.14501953125 0.0400390625
4 0.60498046875 0.18017578125 0.14501953125 0.0400390625
4 0.52734375 0.240234375 0.30517578125 0.0400390625
4 0.52490234375 0.29833984375 0.2998046875 0.04345703125
4 0.85107421875 0.21826171875 0.20751953125 0.04345703125
4 0.8525390625 0.2734375 0.2099609375 0.0400390625
4 0.85107421875 0.32177734375 0.21240234375 0.04345703125
4 0.8525390625 0.37353515625 0.2099609375 0.0400390625
4 0.85107421875 0.4248046875 0.20751953125 0.03662109375
4 0.8525390625 0.4765625 0.2099609375 0.0400390625
4 0.85009765625 0.85009765625 0.2099609375 0.0400390625
4 0.79736328125 0.89990234375 0.10009765625 0.0400390625
4 0.90625 0.89990234375 0.1025390625 0.0400390625
2 0.8525390625 0.953125 0.205078125 0.0400390625
4 0.447265625 0.95849609375 0.14990234375 0.04345703125
4 0.60498046875 0.95849609375 0.14501953125 0.04345703125
4 0.111328125 0.7001953125 0.142578125 0.0400390625
4 0.111328125 0.62841796875 0.1474609375 0.03662109375
4 0.1123046875 0.55810546875 0.14990234375 0.04345703125
4 0.1123046875 0.48681640625 0.14501953125 0.0400390625
4 0.10986328125 0.41357421875 0.14013671875 0.033203125
4 0.10986328125 0.91357421875 0.14501953125 0.046875
4 0.111328125 0.9814453125 0.15234375 0.03662109375
4 0.1123046875 0.34326171875 0.14501953125 0.0400390625
4 0.10986328125 0.1298828125 0.14501953125 0.033203125
4 0.111328125 0.06005859375 0.1474609375 0.0400390625
4 0.52880859375 0.6865234375 0.29736328125 0.0400390625
4 0.52490234375 0.74658203125 0.30517578125 0.0400390625
4 0.52734375 0.80517578125 0.2998046875 0.04345703125
4 0.5263671875 0.56982421875 0.29736328125 0.0400390625
4 0.52734375 0.509765625 0.2998046875 0.0400390625
4 0.52880859375 0.453125 0.302734375 0.046875
2 0.52880859375 0.6298828125 0.302734375 0.0400390625
2 0.111328125 0.771484375 0.142578125 0.03662109375
2 0.111328125 0.841796875 0.142578125 0.04345703125
2 0.111328125 0.203125 0.1474609375 0.0400390625
2 0.111328125 0.2734375 0.1474609375 0.0400390625