5 0.1181640625 0.1435546875 0.16455078125 0.05029296875
5 0.171875 0.337890625 0.2666015625 0.04345703125
5 0.0859375 0.5263671875 0.091796875 0.029296875
5 0.0908203125 0.7109375 0.13037109375 0.03759765625
5 0.59228515625 0.7119140625 0.17919921875 0.03759765625
0 0.26953125 0.9228515625 0.4443359375 0.09814453125
0 0.73193359375 0.92626953125 0.44677734375 0.09375
4 0.501953125 0.2314453125 0.90673828125 0.0947265625
4 0.50146484375 0.41796875 0.908203125 0.09130859375
4 0.501953125 0.60546875 0.90966796875 0.09375
4 0.27099609375 0.79345703125 0.4443359375 0.0947265625
4 0.734375 0.794921875 0.44580078125 0.09375