0 0.744140625 0.3896484375 0.16455078125 0.033203125
0 0.255859375 0.35205078125 0.1669921875 0.02783203125
0 0.21142578125 0.203125 0.078125 0.02490234375
0 0.2958984375 0.20361328125 0.0771484375 0.0234375
5 0.181640625 0.2392578125 0.02587890625 0.013671875
3 0.1796875 0.7685546875 0.01953125 0.02099609375
3 0.1787109375 0.81005859375 0.01806640625 0.01806640625
3 0.18017578125 0.85302734375 0.01806640625 0.0234375
3 0.1796875 0.89501953125 0.01953125 0.02099609375
3 0.18017578125 0.93896484375 0.02099609375 0.0224609375
3 0.25634765625 0.642578125 0.01953125 0.0224609375
3 0.56982421875 0.95556640625 0.02978515625 0.03076171875
3 0.4248046875 0.52783203125 0.01416015625 0.0126953125
3 0.42431640625 0.32763671875 0.01318359375 0.01513671875
3 0.4208984375 0.294921875 0.01416015625 0.013671875
3 0.58203125 0.29541015625 0.01318359375 0.0126953125
3 0.4375 0.6494140625 0.01318359375 0.013671875
3 0.47802734375 0.65087890625 0.015625 0.013671875
3 0.525390625 0.65087890625 0.01416015625 0.013671875
3 0.5673828125 0.65087890625 0.01416015625 0.013671875
0 0.44189453125 0.55419921875 0.0537109375 0.01806640625
0 0.49365234375 0.5537109375 0.0390625 0.0166015625
0 0.53857421875 0.55419921875 0.04052734375 0.01806640625
0 0.4375 0.57568359375 0.04443359375 0.0166015625
0 0.48779296875 0.57568359375 0.0458984375 0.0166015625
0 0.53515625 0.57568359375 0.0390625 0.01953125
3 0.572265625 0.529296875 0.01171875 0.009765625
3 0.66796875 0.6162109375 0.01171875 0.013671875
3 0.66845703125 0.74755859375 0.01318359375 0.01513671875
3 0.6650390625 0.583984375 0.01171875 0.013671875
3 0.82421875 0.583984375 0.01171875 0.01123046875
3 0.6796875 0.939453125 0.01416015625 0.01513671875
3 0.72216796875 0.939453125 0.01806640625 0.01513671875
3 0.76953125 0.939453125 0.01416015625 0.01513671875
3 0.80859375 0.939453125 0.01171875 0.0126953125
3 0.29833984375 0.642578125 0.01171875 0.013671875
3 0.2138671875 0.642578125 0.01025390625 0.01123046875
3 0.17578125 0.58251953125 0.01171875 0.01123046875
3 0.3369140625 0.5849609375 0.01318359375 0.0126953125