1 0.27783203125 0.16357421875 0.0361328125 0.0712890625
1 0.27880859375 0.31298828125 0.0361328125 0.0673828125
1 0.27783203125 0.49658203125 0.0341796875 0.0673828125
1 0.2783203125 0.68505859375 0.03125 0.0654296875
1 0.27734375 0.869140625 0.037109375 0.068359375
2 0.61181640625 0.0732421875 0.7275390625 0.07421875
5 0.34765625 0.1630859375 0.091796875 0.046875
5 0.38330078125 0.2783203125 0.1572265625 0.0390625
5 0.40771484375 0.3515625 0.2080078125 0.046875
5 0.35693359375 0.46240234375 0.1162109375 0.0478515625
5 0.4853515625 0.5380859375 0.3671875 0.04296875
5 0.380859375 0.6484375 0.15234375 0.046875
5 0.49462890625 0.7275390625 0.3798828125 0.048828125
5 0.3984375 0.8359375 0.19921875 0.046875
5 0.53857421875 0.91015625 0.4697265625 0.05078125