3 0.064453125 0.04443359375 0.01416015625 0.02099609375
5 0.111328125 0.04443359375 0.05517578125 0.04052734375
5 0.08984375 0.232421875 0.06982421875 0.03857421875
5 0.09375 0.4287109375 0.06591796875 0.046875
5 0.09228515625 0.5849609375 0.0673828125 0.0517578125
5 0.1005859375 0.744140625 0.0830078125 0.04052734375
5 0.1435546875 0.12744140625 0.05322265625 0.03564453125
5 0.21728515625 0.12939453125 0.07080078125 0.03564453125
5 0.31005859375 0.12939453125 0.0888671875 0.029296875
5 0.810546875 0.04443359375 0.0205078125 0.03076171875
5 0.08203125 0.12890625 0.0419921875 0.02978515625
2 0.30908203125 0.29296875 0.49365234375 0.0654296875
4 0.30859375 0.4892578125 0.49267578125 0.064453125
4 0.30908203125 0.64501953125 0.49365234375 0.06201171875
4 0.31005859375 0.798828125 0.49365234375 0.06640625
0 0.10400390625 0.94189453125 0.08447265625 0.0615234375
3 0.54736328125 0.4296875 0.01416015625 0.029296875
3 0.54931640625 0.5849609375 0.0146484375 0.029296875
3 0.54833984375 0.73974609375 0.0146484375 0.03857421875