6 0.33349609375 0.19287109375 0.0634765625 0.0576171875
6 0.4443359375 0.1923828125 0.06640625 0.0546875
6 0.55810546875 0.19189453125 0.0615234375 0.0615234375
6 0.6689453125 0.19189453125 0.05859375 0.0576171875
6 0.5556640625 0.26513671875 0.0625 0.0595703125
1 0.3818359375 0.4697265625 0.05859375 0.056640625
1 0.6044921875 0.466796875 0.064453125 0.05859375
1 0.38134765625 0.5439453125 0.0654296875 0.056640625
7 0.451171875 0.75146484375 0.0859375 0.0419921875
7 0.564453125 0.75244140625 0.0859375 0.0380859375
6 0.3310546875 0.2646484375 0.060546875 0.0546875
6 0.66748046875 0.26513671875 0.0634765625 0.0576171875
7 0.4482421875 0.7998046875 0.0859375 0.0390625
7 0.56201171875 0.798828125 0.0810546875 0.0390625
6 0.44384765625 0.26513671875 0.0615234375 0.0537109375
1 0.49169921875 0.4658203125 0.0634765625 0.064453125