5 0.53515625 0.302734375 0.076171875 0.02392578125
5 0.52099609375 0.35986328125 0.0478515625 0.021484375
5 0.5166015625 0.419921875 0.0361328125 0.02392578125
5 0.5361328125 0.4814453125 0.07177734375 0.017578125
5 0.5419921875 0.537109375 0.0869140625 0.02392578125
5 0.53662109375 0.59765625 0.076171875 0.01953125
5 0.5380859375 0.658203125 0.0791015625 0.02392578125
5 0.53466796875 0.7158203125 0.07177734375 0.021484375
0 0.3720703125 0.32080078125 0.154296875 0.0478515625
3 0.92529296875 0.23095703125 0.01513671875 0.01953125
4 0.736328125 0.30712890625 0.16748046875 0.041015625
4 0.7373046875 0.3642578125 0.166015625 0.04345703125
4 0.73583984375 0.4208984375 0.166015625 0.04345703125
4 0.7373046875 0.48388671875 0.166015625 0.04345703125
4 0.73583984375 0.54248046875 0.1689453125 0.04345703125
4 0.736328125 0.599609375 0.16748046875 0.04541015625
4 0.736328125 0.65966796875 0.16748046875 0.04345703125
4 0.736328125 0.7177734375 0.16748046875 0.04345703125
0 0.7177734375 0.78759765625 0.0615234375 0.0390625
0 0.7822265625 0.78515625 0.0615234375 0.0390625
0 0.87109375 0.78759765625 0.10498046875 0.0390625
0 0.20361328125 0.3330078125 0.1015625 0.037109375