1 0.837890625 0.82470703125 0.107421875 0.1005859375
3 0.875 0.1279296875 0.107421875 0.125
3 0.87353515625 0.36669921875 0.1259765625 0.1337890625
3 0.6259765625 0.36669921875 0.125 0.1123046875
3 0.62744140625 0.1240234375 0.1337890625 0.10546875
3 0.61962890625 0.62451171875 0.1201171875 0.1435546875
3 0.6171875 0.826171875 0.146484375 0.13671875
3 0.84423828125 0.626953125 0.1533203125 0.138671875
3 0.38525390625 0.62548828125 0.1455078125 0.1357421875
3 0.3876953125 0.8271484375 0.13671875 0.13671875
3 0.1572265625 0.82666015625 0.13671875 0.1162109375
3 0.15576171875 0.63037109375 0.1396484375 0.1123046875