6 0.3115234375 0.49365234375 0.03515625 0.0478515625
6 0.35107421875 0.4931640625 0.0322265625 0.048828125
1 0.39111328125 0.49072265625 0.0283203125 0.0380859375
7 0.52783203125 0.57470703125 0.0771484375 0.0556640625
3 0.3291015625 0.5751953125 0.041015625 0.01953125
3 0.33935546875 0.27978515625 0.0361328125 0.0458984375
3 0.67724609375 0.27685546875 0.0322265625 0.0400390625
3 0.630859375 0.689453125 0.0390625 0.03125
3 0.53125 0.68994140625 0.033203125 0.0283203125
3 0.43212890625 0.6875 0.0322265625 0.02734375
3 0.333984375 0.68896484375 0.0390625 0.0302734375
3 0.56201171875 0.27880859375 0.0224609375 0.0322265625