5 0.08544921875 0.427734375 0.03515625 0.013671875
5 0.1904296875 0.42919921875 0.0224609375 0.01123046875
5 0.0849609375 0.49560546875 0.0302734375 0.0166015625
5 0.40185546875 0.4560546875 0.0322265625 0.01513671875
5 0.51611328125 0.4560546875 0.03515625 0.01513671875
5 0.73388671875 0.42236328125 0.03662109375 0.013671875
5 0.8369140625 0.419921875 0.03125 0.0126953125
5 0.8310546875 0.4853515625 0.02099609375 0.0126953125
5 0.7275390625 0.486328125 0.02490234375 0.01123046875
5 0.73681640625 0.548828125 0.04052734375 0.01123046875
5 0.73681640625 0.6123046875 0.04541015625 0.0166015625
5 0.72412109375 0.67578125 0.0234375 0.0126953125
5 0.8125 0.67626953125 0.05322265625 0.01123046875
5 0.8701171875 0.6748046875 0.03271484375 0.01123046875
5 0.7294921875 0.73876953125 0.02880859375 0.01123046875
0 0.7373046875 0.8828125 0.0400390625 0.03173828125
0 0.41064453125 0.607421875 0.04296875 0.03173828125
0 0.4541015625 0.607421875 0.04150390625 0.03173828125
2 0.4423828125 0.4833984375 0.10546875 0.03076171875
2 0.55322265625 0.4833984375 0.1064453125 0.03076171875
2 0.8212890625 0.7626953125 0.2060546875 0.03076171875
1 0.728515625 0.8203125 0.01318359375 0.0234375
4 0.44287109375 0.55126953125 0.10791015625 0.03076171875
5 0.39794921875 0.52587890625 0.02099609375 0.01513671875
4 0.76806640625 0.4462890625 0.10302734375 0.029296875
4 0.87353515625 0.44580078125 0.1015625 0.03076171875
4 0.87353515625 0.509765625 0.1015625 0.03076171875
4 0.7685546875 0.51123046875 0.1025390625 0.03076171875
4 0.8212890625 0.57373046875 0.2060546875 0.03076171875
4 0.82080078125 0.6376953125 0.20703125 0.03076171875
4 0.75 0.69921875 0.0673828125 0.029296875
4 0.82080078125 0.7001953125 0.06787109375 0.03076171875
4 0.89111328125 0.7001953125 0.06787109375 0.03076171875
4 0.12353515625 0.455078125 0.10791015625 0.03466796875
4 0.2333984375 0.45556640625 0.1123046875 0.0361328125
1 0.08056640625 0.625 0.0126953125 0.0224609375
0 0.0908203125 0.69287109375 0.04052734375 0.03076171875