5 0.09619140625 0.12060546875 0.0654296875 0.0107421875
5 0.11376953125 0.19384765625 0.10302734375 0.01025390625
5 0.13916015625 0.263671875 0.1513671875 0.0234375
5 0.1201171875 0.3525390625 0.11181640625 0.01953125
5 0.11865234375 0.3876953125 0.11083984375 0.01171875
5 0.13427734375 0.49853515625 0.1376953125 0.01708984375
5 0.10791015625 0.61181640625 0.09130859375 0.0107421875
5 0.12841796875 0.55517578125 0.1298828125 0.01416015625
5 0.12255859375 0.66748046875 0.12109375 0.0146484375
5 0.451171875 0.6591796875 0.17041015625 0.0107421875
5 0.40380859375 0.59716796875 0.078125 0.00927734375
5 0.41357421875 0.541015625 0.0947265625 0.01025390625
5 0.40771484375 0.4873046875 0.0859375 0.01171875
5 0.45068359375 0.44921875 0.1806640625 0.03125
5 0.73876953125 0.3525390625 0.1357421875 0.01318359375
5 0.7451171875 0.3955078125 0.14794921875 0.0146484375
5 0.72705078125 0.43798828125 0.1142578125 0.015625
5 0.75244140625 0.4794921875 0.16943359375 0.01171875
5 0.720703125 0.51416015625 0.10400390625 0.01025390625
5 0.74365234375 0.578125 0.14453125 0.01025390625
5 0.74072265625 0.62109375 0.13916015625 0.01025390625
0 0.8779296875 0.7490234375 0.14697265625 0.03173828125
0 0.5068359375 0.95751953125 0.10498046875 0.033203125
5 0.119140625 0.755859375 0.1162109375 0.01220703125
5 0.125 0.0322265625 0.1865234375 0.0224609375
5 0.103515625 0.0673828125 0.06005859375 0.01171875
5 0.20751953125 0.0673828125 0.0419921875 0.01171875
5 0.30322265625 0.06787109375 0.0419921875 0.00927734375
5 0.41455078125 0.06787109375 0.07666015625 0.01171875
5 0.53857421875 0.068359375 0.06884765625 0.01220703125
5 0.69189453125 0.06787109375 0.12548828125 0.01220703125
5 0.8349609375 0.06787109375 0.04736328125 0.01025390625
3 0.791015625 0.0673828125 0.015625 0.01171875
3 0.61083984375 0.06787109375 0.01708984375 0.01171875
3 0.486328125 0.06787109375 0.01904296875 0.01318359375
3 0.36279296875 0.06787109375 0.0205078125 0.01171875
3 0.26513671875 0.0673828125 0.01904296875 0.01171875
3 0.17138671875 0.06787109375 0.01904296875 0.01318359375
3 0.05712890625 0.06787109375 0.0146484375 0.01220703125
4 0.11083984375 0.1435546875 0.0927734375 0.0302734375
4 0.10888671875 0.216796875 0.09375 0.02978515625
4 0.10888671875 0.29345703125 0.09619140625 0.02880859375
4 0.41259765625 0.287109375 0.0927734375 0.0302734375
4 0.41357421875 0.216796875 0.0927734375 0.02978515625
4 0.41259765625 0.14697265625 0.0927734375 0.02783203125
5 0.41748046875 0.123046875 0.10498046875 0.01220703125
5 0.4013671875 0.19384765625 0.0654296875 0.00927734375
5 0.43408203125 0.26416015625 0.13330078125 0.01171875
5 0.42236328125 0.35205078125 0.1083984375 0.01416015625
5 0.4091796875 0.38623046875 0.09033203125 0.01025390625
5 0.7548828125 0.12353515625 0.16943359375 0.02001953125
5 0.7412109375 0.19921875 0.142578125 0.01318359375
5 0.7412109375 0.26904296875 0.14892578125 0.01220703125
4 0.716796875 0.15283203125 0.08935546875 0.02734375
4 0.71826171875 0.22314453125 0.08935546875 0.02490234375
4 0.71728515625 0.29296875 0.0927734375 0.02783203125
4 0.19873046875 0.41064453125 0.26904296875 0.02783203125
4 0.41455078125 0.5087890625 0.09033203125 0.0263671875
4 0.4140625 0.56396484375 0.08935546875 0.02880859375
4 0.41259765625 0.61865234375 0.0859375 0.02734375
0 0.14453125 0.45703125 0.16064453125 0.02880859375
0 0.1982421875 0.5234375 0.267578125 0.0263671875
0 0.197265625 0.580078125 0.27001953125 0.02783203125
0 0.19921875 0.634765625 0.27001953125 0.03125
0 0.1982421875 0.68994140625 0.27001953125 0.0302734375
7 0.5947265625 0.6591796875 0.078125 0.02197265625
7 0.59716796875 0.44921875 0.078125 0.0224609375
7 0.5966796875 0.3515625 0.07470703125 0.02490234375
7 0.291015625 0.3515625 0.08251953125 0.02001953125
7 0.8984375 0.3505859375 0.0791015625 0.0234375
7 0.8984375 0.39404296875 0.0791015625 0.0224609375
7 0.89990234375 0.4375 0.07568359375 0.01953125
7 0.89892578125 0.47998046875 0.080078125 0.02197265625
0 0.80712890625 0.537109375 0.267578125 0.02783203125
6 0.87890625 0.146484375 0.0361328125 0.02587890625
6 0.8798828125 0.2216796875 0.037109375 0.02783203125
6 0.8779296875 0.2919921875 0.04052734375 0.02734375
6 0.57568359375 0.2158203125 0.037109375 0.02734375
6 0.57470703125 0.14501953125 0.03955078125 0.02880859375
6 0.57568359375 0.28515625 0.0419921875 0.02734375
6 0.27392578125 0.28564453125 0.0419921875 0.02587890625
6 0.27197265625 0.21630859375 0.0419921875 0.02783203125
6 0.2734375 0.14208984375 0.04052734375 0.02880859375
7 0.89892578125 0.57666015625 0.080078125 0.0224609375
7 0.89794921875 0.619140625 0.078125 0.02099609375
0 0.50146484375 0.4091796875 0.26904296875 0.02978515625