4 0.60498046875 0.9248046875 0.1728515625 0.0634765625
4 0.79052734375 0.92333984375 0.1748046875 0.06689453125
4 0.7900390625 0.77001953125 0.1728515625 0.06689453125
4 0.60498046875 0.77001953125 0.1728515625 0.0732421875
4 0.41796875 0.92333984375 0.17138671875 0.06005859375
4 0.41845703125 0.771484375 0.1728515625 0.06982421875
0 0.78466796875 0.06494140625 0.0712890625 0.0634765625
0 0.87548828125 0.06494140625 0.09326171875 0.0634765625
0 0.1806640625 0.71484375 0.1103515625 0.0498046875
5 0.4052734375 0.634765625 0.14892578125 0.02978515625
5 0.35498046875 0.7099609375 0.0458984375 0.02001953125
5 0.3525390625 0.86328125 0.04736328125 0.01318359375
5 0.54931640625 0.865234375 0.064453125 0.0234375
5 0.54638671875 0.7099609375 0.05615234375 0.02001953125
5 0.72802734375 0.70849609375 0.04931640625 0.0234375
5 0.736328125 0.865234375 0.0693359375 0.0234375
3 0.72021484375 0.068359375 0.01708984375 0.03662109375
3 0.576171875 0.45849609375 0.02734375 0.056640625
3 0.7626953125 0.4599609375 0.0302734375 0.06005859375
3 0.10498046875 0.8115234375 0.02392578125 0.0498046875
3 0.2060546875 0.8134765625 0.02197265625 0.046875
3 0.10498046875 0.8984375 0.02392578125 0.0498046875