3 0.17138671875 0.5224609375 0.09521484375 0.09619140625
0 0.43115234375 0.62646484375 0.12841796875 0.04248046875
0 0.560546875 0.62744140625 0.10693359375 0.03955078125
4 0.4580078125 0.68505859375 0.177734375 0.037109375
4 0.44482421875 0.3525390625 0.16015625 0.041015625
4 0.62744140625 0.3505859375 0.166015625 0.04248046875
4 0.5400390625 0.50341796875 0.345703125 0.03955078125
5 0.388671875 0.30517578125 0.06005859375 0.02294921875
5 0.38134765625 0.3857421875 0.04931640625 0.02294921875
5 0.5595703125 0.38720703125 0.03662109375 0.0205078125
5 0.3896484375 0.45703125 0.05859375 0.02685546875
5 0.44580078125 0.58203125 0.16455078125 0.03076171875
5 0.560546875 0.6787109375 0.029296875 0.03466796875
5 0.5048828125 0.873046875 0.37158203125 0.03857421875
3 0.8984375 0.4296875 0.052734375 0.0537109375
3 0.89892578125 0.50341796875 0.05419921875 0.044921875