5 0.10693359375 0.10693359375 0.078125 0.04052734375
5 0.13916015625 0.369140625 0.08984375 0.05126953125
5 0.130859375 0.482421875 0.06201171875 0.04052734375
5 0.14111328125 0.59716796875 0.08984375 0.03759765625
5 0.14892578125 0.71240234375 0.09423828125 0.05126953125
5 0.17919921875 0.82421875 0.162109375 0.04345703125
5 0.876953125 0.1015625 0.11376953125 0.03515625
3 0.8330078125 0.20556640625 0.0341796875 0.05419921875
3 0.88916015625 0.2080078125 0.0341796875 0.0595703125
5 0.2451171875 0.2001953125 0.22998046875 0.04345703125
3 0.10302734375 0.2080078125 0.02978515625 0.04345703125
4 0.68017578125 0.369140625 0.4482421875 0.10546875
4 0.68115234375 0.4794921875 0.44580078125 0.10009765625
4 0.67919921875 0.5947265625 0.44580078125 0.09716796875
4 0.68017578125 0.70654296875 0.4482421875 0.10009765625
4 0.68017578125 0.8173828125 0.44384765625 0.10009765625