5 0.099609375 0.21533203125 0.044921875 0.03564453125
5 0.40673828125 0.2177734375 0.03369140625 0.03564453125
5 0.72509765625 0.21630859375 0.04833984375 0.03466796875
5 0.5986328125 0.45654296875 0.11865234375 0.02685546875
5 0.1171875 0.451171875 0.08447265625 0.03125
5 0.13916015625 0.615234375 0.1279296875 0.02978515625
5 0.13330078125 0.77490234375 0.1162109375 0.02978515625
5 0.15478515625 0.14013671875 0.1669921875 0.05126953125
4 0.189453125 0.287109375 0.220703125 0.0791015625
4 0.50244140625 0.28662109375 0.2236328125 0.08642578125
4 0.81494140625 0.287109375 0.22119140625 0.0791015625
4 0.71435546875 0.51904296875 0.33984375 0.0712890625
4 0.5029296875 0.6806640625 0.849609375 0.0810546875
2 0.501953125 0.8359375 0.84765625 0.07666015625
4 0.26904296875 0.51904296875 0.37939453125 0.08203125
0 0.90625 0.51904296875 0.03759765625 0.0712890625