7 0.19091796875 0.068359375 0.0947265625 0.0390625
6 0.15771484375 0.2705078125 0.0380859375 0.037109375
1 0.392578125 0.26904296875 0.03515625 0.0341796875
1 0.392578125 0.20654296875 0.03515625 0.0341796875
6 0.15673828125 0.208984375 0.0380859375 0.033203125
0 0.30419921875 0.87548828125 0.3193359375 0.0712890625
3 0.6337890625 0.654296875 0.064453125 0.0546875
3 0.72900390625 0.65234375 0.0576171875 0.056640625
3 0.43115234375 0.60888671875 0.0576171875 0.0595703125
3 0.82275390625 0.654296875 0.0634765625 0.0625
3 0.916015625 0.65087890625 0.06640625 0.0537109375
3 0.30322265625 0.6123046875 0.0576171875 0.052734375
3 0.1787109375 0.6123046875 0.044921875 0.041015625
7 0.189453125 0.1279296875 0.0859375 0.037109375
7 0.32373046875 0.06884765625 0.0986328125 0.0439453125
7 0.32275390625 0.12646484375 0.0947265625 0.0361328125
7 0.47900390625 0.0712890625 0.1064453125 0.046875
7 0.46630859375 0.12548828125 0.1025390625 0.0478515625