6 0.0849609375 0.54345703125 0.0625 0.0361328125
1 0.0830078125 0.7236328125 0.05078125 0.029296875
1 0.0830078125 0.80029296875 0.05078125 0.0283203125
6 0.08251953125 0.61767578125 0.0556640625 0.0380859375
5 0.12353515625 0.21484375 0.1787109375 0.037109375
5 0.119140625 0.31494140625 0.162109375 0.0302734375
5 0.24609375 0.54150390625 0.228515625 0.0322265625
5 0.2421875 0.61669921875 0.228515625 0.0341796875
5 0.224609375 0.72509765625 0.1875 0.0380859375
5 0.1201171875 0.6728515625 0.166015625 0.03125
5 0.1240234375 0.49072265625 0.171875 0.0361328125
5 0.2255859375 0.80078125 0.185546875 0.033203125
0 0.50830078125 0.43603515625 0.9443359375 0.0595703125