7 0.86376953125 0.4365234375 0.0693359375 0.080078125
4 0.12548828125 0.2890625 0.1806640625 0.044921875
3 0.0458984375 0.3515625 0.021484375 0.037109375
3 0.044921875 0.3974609375 0.017578125 0.033203125
1 0.04443359375 0.44873046875 0.0224609375 0.0302734375
1 0.044921875 0.49462890625 0.017578125 0.0244140625
3 0.0625 0.54345703125 0.01953125 0.0322265625
3 0.06201171875 0.5947265625 0.0185546875 0.029296875
3 0.06201171875 0.64013671875 0.0185546875 0.0302734375
3 0.0625 0.68798828125 0.021484375 0.0361328125
3 0.078125 0.73876953125 0.01953125 0.0341796875
3 0.0771484375 0.78759765625 0.01953125 0.0380859375
3 0.07666015625 0.8349609375 0.0166015625 0.03125
3 0.07861328125 0.884765625 0.0224609375 0.033203125
3 0.078125 0.9296875 0.01953125 0.03125
3 0.78173828125 0.0849609375 0.0205078125 0.03515625
3 0.70556640625 0.083984375 0.0166015625 0.033203125
3 0.63037109375 0.0849609375 0.0244140625 0.03515625
3 0.55419921875 0.083984375 0.0205078125 0.029296875
3 0.47314453125 0.08203125 0.0185546875 0.033203125
3 0.3935546875 0.08154296875 0.0234375 0.0322265625
3 0.31005859375 0.0830078125 0.0205078125 0.03515625
3 0.24267578125 0.08154296875 0.0244140625 0.0322265625
3 0.177734375 0.0830078125 0.021484375 0.03125
3 0.1181640625 0.083984375 0.01953125 0.033203125
1 0.01806640625 0.08349609375 0.0185546875 0.0283203125
4 0.13134765625 0.1484375 0.2412109375 0.05078125
4 0.66064453125 0.14599609375 0.6787109375 0.0419921875