6 0.62451171875 0.28662109375 0.0283203125 0.0361328125
6 0.62255859375 0.33740234375 0.0302734375 0.0478515625
6 0.62255859375 0.39453125 0.0302734375 0.046875
6 0.62353515625 0.45068359375 0.0322265625 0.0498046875
6 0.6240234375 0.50634765625 0.02734375 0.0458984375
6 0.625 0.55810546875 0.03125 0.0400390625
6 0.62451171875 0.61572265625 0.0302734375 0.0478515625
6 0.62451171875 0.67138671875 0.0263671875 0.0458984375
6 0.62451171875 0.7255859375 0.0341796875 0.04296875
6 0.62646484375 0.7802734375 0.0322265625 0.03515625
1 0.12353515625 0.283203125 0.0244140625 0.03125
1 0.12353515625 0.34033203125 0.0244140625 0.0322265625
1 0.12451171875 0.39599609375 0.0244140625 0.0322265625
1 0.12353515625 0.44970703125 0.0263671875 0.0341796875
1 0.1240234375 0.5048828125 0.025390625 0.029296875
1 0.1240234375 0.56103515625 0.025390625 0.0341796875
1 0.1240234375 0.61279296875 0.02734375 0.0322265625
1 0.12353515625 0.6689453125 0.0263671875 0.029296875
1 0.123046875 0.7255859375 0.0234375 0.029296875
1 0.12353515625 0.77880859375 0.0263671875 0.0302734375