0 0.95849609375 0.03271484375 0.0712890625 0.0478515625
0 0.517578125 0.38232421875 0.068359375 0.0341796875
0 0.51708984375 0.43310546875 0.0693359375 0.03271484375
0 0.5166015625 0.48046875 0.0703125 0.0341796875
0 0.51708984375 0.52734375 0.0693359375 0.0361328125
0 0.59228515625 0.5263671875 0.0693359375 0.0341796875
0 0.59228515625 0.48046875 0.0693359375 0.0341796875
0 0.5927734375 0.4306640625 0.068359375 0.03076171875
2 0.55810546875 0.77001953125 0.1318359375 0.03759765625
5 0.5029296875 0.73681640625 0.029296875 0.01904296875
5 0.498046875 0.83544921875 0.01171875 0.0205078125
3 0.61181640625 0.83984375 0.0263671875 0.029296875
4 0.55859375 0.875 0.130859375 0.0341796875
0 0.603515625 0.38232421875 0.095703125 0.05810546875