4 0.2099609375 0.23828125 0.19140625 0.0615234375
4 0.31640625 0.3828125 0.400390625 0.06396484375
4 0.1611328125 0.4765625 0.09619140625 0.0693359375
4 0.27392578125 0.47412109375 0.09326171875 0.0693359375
4 0.4599609375 0.4765625 0.1162109375 0.0693359375
4 0.31298828125 0.57177734375 0.400390625 0.07177734375
3 0.361328125 0.4765625 0.06884765625 0.04931640625
3 0.33154296875 0.23974609375 0.0458984375 0.05419921875
3 0.56689453125 0.140625 0.01953125 0.01953125
5 0.1689453125 0.318359375 0.11279296875 0.03466796875
0 0.3349609375 0.7158203125 0.359375 0.05908203125
0 0.79736328125 0.771484375 0.09130859375 0.0322265625
4 0.794921875 0.61962890625 0.21728515625 0.03955078125
4 0.71240234375 0.6689453125 0.0556640625 0.03955078125
4 0.77392578125 0.67041015625 0.0537109375 0.037109375
4 0.87353515625 0.66796875 0.06396484375 0.0419921875
4 0.7958984375 0.72119140625 0.21875 0.03955078125
3 0.8203125 0.67041015625 0.0390625 0.0419921875