0 0.49951171875 0.173828125 0.0888671875 0.02001953125
0 0.9345703125 0.0126953125 0.06640625 0.0146484375
0 0.50146484375 0.42724609375 0.08984375 0.02001953125
0 0.74267578125 0.50390625 0.1025390625 0.0224609375
5 0.3876953125 0.01220703125 0.03759765625 0.009765625
5 0.52490234375 0.0126953125 0.0400390625 0.0087890625
5 0.57958984375 0.01171875 0.02880859375 0.00732421875
5 0.5 0.1015625 0.2626953125 0.02685546875
2 0.4580078125 0.0126953125 0.05859375 0.0087890625
5 0.27685546875 0.38134765625 0.0986328125 0.009765625
5 0.42431640625 0.38134765625 0.09130859375 0.00830078125
5 0.57373046875 0.3818359375 0.09765625 0.009765625
5 0.72314453125 0.38134765625 0.10107421875 0.0087890625
3 0.27392578125 0.35595703125 0.044921875 0.02734375
3 0.4248046875 0.35595703125 0.052734375 0.0244140625
3 0.572265625 0.3564453125 0.03759765625 0.02685546875
3 0.72265625 0.3564453125 0.052734375 0.0302734375
5 0.39892578125 0.4912109375 0.39990234375 0.017578125
5 0.63671875 0.61767578125 0.2587890625 0.0224609375
5 0.3310546875 0.80517578125 0.25 0.03271484375
3 0.22509765625 0.8369140625 0.0224609375 0.01025390625
3 0.26416015625 0.83837890625 0.013671875 0.01123046875
3 0.30322265625 0.837890625 0.0185546875 0.01171875
3 0.52685546875 0.6953125 0.03857421875 0.02294921875
5 0.5849609375 0.69482421875 0.0673828125 0.00732421875
3 0.83447265625 0.01318359375 0.0263671875 0.015625
3 0.865234375 0.0126953125 0.02734375 0.01611328125