1 0.12255859375 0.3388671875 0.0185546875 0.025390625
1 0.12353515625 0.28466796875 0.0185546875 0.0244140625
6 0.6240234375 0.28564453125 0.025390625 0.0302734375
6 0.625 0.34130859375 0.0234375 0.0302734375
1 0.123046875 0.39501953125 0.01953125 0.0244140625
1 0.123046875 0.45068359375 0.01953125 0.0263671875
1 0.123046875 0.50537109375 0.01953125 0.0263671875
1 0.12255859375 0.560546875 0.0185546875 0.025390625
1 0.123046875 0.615234375 0.01953125 0.0234375
1 0.12255859375 0.67041015625 0.0185546875 0.0244140625
1 0.12255859375 0.724609375 0.0185546875 0.025390625
1 0.12255859375 0.77978515625 0.0185546875 0.0263671875
6 0.6240234375 0.39501953125 0.0234375 0.0283203125
6 0.623046875 0.44921875 0.025390625 0.029296875
6 0.6240234375 0.50439453125 0.025390625 0.0283203125
6 0.62451171875 0.56103515625 0.0224609375 0.0302734375
6 0.62451171875 0.61572265625 0.0224609375 0.0283203125
6 0.6240234375 0.6708984375 0.025390625 0.029296875
6 0.6240234375 0.72509765625 0.0234375 0.0283203125
6 0.62353515625 0.7802734375 0.0263671875 0.03125
5 0.16650390625 0.22119140625 0.1123046875 0.0283203125
5 0.1748046875 0.28759765625 0.0625 0.0224609375
5 0.1826171875 0.34130859375 0.076171875 0.0244140625
5 0.19677734375 0.39599609375 0.1142578125 0.0244140625
5 0.23193359375 0.45068359375 0.1767578125 0.0244140625
5 0.220703125 0.50830078125 0.154296875 0.0244140625
5 0.216796875 0.5634765625 0.14453125 0.025390625
5 0.20556640625 0.61767578125 0.1259765625 0.0263671875
5 0.2001953125 0.67236328125 0.1171875 0.0283203125
5 0.23046875 0.7275390625 0.177734375 0.02734375
5 0.2216796875 0.7802734375 0.16015625 0.021484375
5 0.67626953125 0.287109375 0.0615234375 0.0234375
5 0.681640625 0.34228515625 0.076171875 0.0263671875
5 0.69873046875 0.39892578125 0.1064453125 0.0302734375
5 0.73388671875 0.45166015625 0.1748046875 0.0244140625
5 0.7216796875 0.50830078125 0.15625 0.0244140625
5 0.7177734375 0.56201171875 0.150390625 0.0283203125
5 0.70703125 0.6162109375 0.12890625 0.02734375
5 0.658203125 0.67236328125 0.037109375 0.0244140625
5 0.73388671875 0.72607421875 0.1787109375 0.0283203125
5 0.7236328125 0.7822265625 0.15625 0.025390625