2 0.2734375 0.29541015625 0.34375 0.0576171875
0 0.2802734375 0.60546875 0.34765625 0.08203125
1 0.21923828125 0.736328125 0.0537109375 0.0546875
1 0.15234375 0.73876953125 0.05859375 0.0556640625
6 0.34033203125 0.73779296875 0.0595703125 0.0537109375
6 0.40380859375 0.73583984375 0.0478515625 0.0576171875
3 0.873046875 0.2939453125 0.0703125 0.0625
0 0.18359375 0.1337890625 0.1640625 0.0859375
0 0.390625 0.13232421875 0.25390625 0.0888671875
0 0.6162109375 0.13232421875 0.193359375 0.0888671875
0 0.80908203125 0.13232421875 0.1904296875 0.0888671875
4 0.69140625 0.29345703125 0.291015625 0.0654296875
0 0.84130859375 0.86669921875 0.1337890625 0.0654296875
0 0.16845703125 0.87255859375 0.1416015625 0.0712890625