6 0.4501953125 0.1162109375 0.01171875 0.025390625
6 0.44970703125 0.1513671875 0.0126953125 0.025390625
6 0.44921875 0.1884765625 0.013671875 0.02734375
6 0.44970703125 0.22412109375 0.0126953125 0.0283203125
1 0.3720703125 0.0615234375 0.015625 0.029296875
1 0.37158203125 0.1337890625 0.0146484375 0.029296875
1 0.3720703125 0.20703125 0.013671875 0.02734375
0 0.0986328125 0.66748046875 0.068359375 0.0458984375
0 0.18212890625 0.6689453125 0.0654296875 0.046875
0 0.26611328125 0.6689453125 0.0654296875 0.048828125
4 0.07861328125 0.765625 0.1435546875 0.05859375
0 0.27783203125 0.76611328125 0.2060546875 0.0595703125
3 0.23095703125 0.06005859375 0.0166015625 0.0361328125
3 0.23193359375 0.1318359375 0.0146484375 0.037109375
3 0.23291015625 0.205078125 0.0146484375 0.02734375