5 0.18115234375 0.24755859375 0.11083984375 0.0341796875
5 0.18505859375 0.3427734375 0.1201171875 0.0380859375
5 0.18359375 0.443359375 0.11572265625 0.03515625
5 0.16455078125 0.54931640625 0.09228515625 0.037109375
5 0.150390625 0.64697265625 0.05078125 0.04150390625
5 0.626953125 0.2734375 0.16259765625 0.03515625
5 0.63671875 0.39111328125 0.158203125 0.04541015625
4 0.34765625 0.25048828125 0.0615234375 0.0341796875
4 0.42822265625 0.25048828125 0.06689453125 0.02978515625
2 0.36865234375 0.34521484375 0.17919921875 0.04443359375
2 0.369140625 0.43994140625 0.18505859375 0.04541015625
2 0.3671875 0.544921875 0.1826171875 0.0478515625
2 0.36767578125 0.64794921875 0.1865234375 0.0478515625
7 0.5615234375 0.09375 0.08642578125 0.05615234375
3 0.81005859375 0.27880859375 0.03515625 0.05224609375
3 0.8056640625 0.39892578125 0.04345703125 0.0595703125
3 0.61669921875 0.53515625 0.04345703125 0.0615234375
3 0.6103515625 0.6611328125 0.0458984375 0.05712890625
2 0.74755859375 0.8818359375 0.16162109375 0.05224609375