5 0.1005859375 0.14453125 0.109375 0.033203125
5 0.11279296875 0.3623046875 0.1337890625 0.02685546875
5 0.15869140625 0.89013671875 0.22021484375 0.03125
4 0.50146484375 0.2001953125 0.9052734375 0.06005859375
4 0.5029296875 0.27734375 0.90283203125 0.06103515625
4 0.501953125 0.41259765625 0.90673828125 0.05908203125
4 0.50146484375 0.4892578125 0.908203125 0.056640625
4 0.50341796875 0.5693359375 0.90673828125 0.06103515625
4 0.5029296875 0.6484375 0.9052734375 0.06103515625
4 0.501953125 0.7255859375 0.9013671875 0.06201171875
4 0.50390625 0.8056640625 0.9052734375 0.06005859375
4 0.50341796875 0.93994140625 0.90673828125 0.06005859375