5 0.185546875 0.21337890625 0.1337890625 0.02587890625
5 0.1806640625 0.302734375 0.1279296875 0.02392578125
5 0.14208984375 0.3955078125 0.0478515625 0.02392578125
5 0.14013671875 0.490234375 0.04296875 0.02783203125
5 0.14404296875 0.5849609375 0.05078125 0.02783203125
0 0.24462890625 0.71533203125 0.2646484375 0.064453125
4 0.2470703125 0.62939453125 0.26318359375 0.04736328125
4 0.24560546875 0.53125 0.26611328125 0.04541015625
4 0.24609375 0.4375 0.26171875 0.04296875
4 0.24560546875 0.3447265625 0.26318359375 0.04296875
4 0.24462890625 0.251953125 0.2646484375 0.04296875
5 0.640625 0.2802734375 0.0537109375 0.021484375
5 0.638671875 0.375 0.04931640625 0.0302734375
5 0.6416015625 0.466796875 0.05517578125 0.02783203125
0 0.74609375 0.603515625 0.267578125 0.064453125