2 0.248046875 0.263671875 0.2109375 0.125
2 0.7490234375 0.263671875 0.2109375 0.125
1 0.67236328125 0.37548828125 0.0224609375 0.0556640625
1 0.67236328125 0.49853515625 0.0224609375 0.0576171875
1 0.6708984375 0.5966796875 0.025390625 0.0625
1 0.67333984375 0.69482421875 0.0185546875 0.0556640625
1 0.6708984375 0.78955078125 0.025390625 0.0615234375
1 0.17041015625 0.50146484375 0.0205078125 0.0576171875
1 0.17138671875 0.5986328125 0.0283203125 0.06640625
1 0.17041015625 0.69384765625 0.0283203125 0.0595703125
1 0.17041015625 0.79345703125 0.0224609375 0.0654296875