1 0.06201171875 0.20556640625 0.0361328125 0.0673828125
1 0.06103515625 0.89794921875 0.0400390625 0.0771484375
1 0.060546875 0.28173828125 0.03515625 0.0673828125
1 0.0615234375 0.36767578125 0.041015625 0.0693359375
1 0.06005859375 0.4541015625 0.0361328125 0.068359375
1 0.060546875 0.54736328125 0.0390625 0.0732421875
1 0.060546875 0.6337890625 0.041015625 0.0703125
1 0.05908203125 0.712890625 0.0361328125 0.072265625
1 0.06005859375 0.814453125 0.0400390625 0.06640625
4 0.8037109375 0.130859375 0.392578125 0.125
3 0.65087890625 0.248046875 0.0634765625 0.095703125
3 0.65185546875 0.3701171875 0.0732421875 0.099609375
3 0.6484375 0.486328125 0.0546875 0.0859375
3 0.6494140625 0.6259765625 0.060546875 0.068359375
3 0.65283203125 0.74853515625 0.0537109375 0.0986328125
3 0.64599609375 0.87353515625 0.0498046875 0.0986328125
3 0.6533203125 0.12255859375 0.0546875 0.1025390625