2 0.52197265625 0.80029296875 0.7802734375 0.0419921875
2 0.52294921875 0.853515625 0.7822265625 0.046875
4 0.50830078125 0.47265625 0.8369140625 0.046875
3 0.22509765625 0.521484375 0.0537109375 0.0390625
3 0.3193359375 0.5205078125 0.05078125 0.033203125
3 0.41455078125 0.5205078125 0.0556640625 0.03515625
3 0.50634765625 0.5205078125 0.0615234375 0.033203125
3 0.599609375 0.5205078125 0.0546875 0.033203125
3 0.69189453125 0.51953125 0.0595703125 0.03515625
3 0.78564453125 0.52001953125 0.0517578125 0.0361328125
3 0.87890625 0.52099609375 0.0546875 0.0361328125
3 0.87744140625 0.5712890625 0.0517578125 0.029296875
3 0.87548828125 0.61962890625 0.0439453125 0.0302734375
3 0.87451171875 0.67041015625 0.0361328125 0.0361328125
3 0.78369140625 0.67138671875 0.0556640625 0.0341796875
3 0.78515625 0.6220703125 0.05078125 0.037109375
3 0.78271484375 0.5712890625 0.0439453125 0.033203125
3 0.69189453125 0.57421875 0.0419921875 0.03515625
3 0.69140625 0.6220703125 0.04296875 0.03125
3 0.69384765625 0.67041015625 0.0498046875 0.0380859375
3 0.6005859375 0.67578125 0.052734375 0.037109375
3 0.59765625 0.62109375 0.05078125 0.033203125
3 0.599609375 0.5703125 0.0546875 0.041015625
3 0.5048828125 0.5703125 0.05859375 0.037109375
3 0.50439453125 0.6220703125 0.0458984375 0.037109375
3 0.50634765625 0.671875 0.0498046875 0.03515625
3 0.4169921875 0.6748046875 0.05859375 0.033203125
3 0.4130859375 0.62158203125 0.05078125 0.0341796875
3 0.41259765625 0.5712890625 0.0478515625 0.029296875
3 0.32177734375 0.56982421875 0.0322265625 0.0341796875
3 0.3154296875 0.6201171875 0.04296875 0.037109375
3 0.32080078125 0.67236328125 0.0419921875 0.0380859375
3 0.22900390625 0.671875 0.0576171875 0.03515625
3 0.22314453125 0.62158203125 0.0517578125 0.0380859375
3 0.22802734375 0.57177734375 0.0380859375 0.0361328125
3 0.134765625 0.5712890625 0.04296875 0.029296875
3 0.125 0.470703125 0.041015625 0.03515625
3 0.1337890625 0.61962890625 0.05859375 0.0419921875
3 0.13232421875 0.67626953125 0.0576171875 0.0361328125