0 0.95361328125 0.078125 0.06103515625 0.03271484375
5 0.4248046875 0.56689453125 0.05029296875 0.021484375
5 0.6279296875 0.56494140625 0.04833984375 0.017578125
5 0.42529296875 0.66259765625 0.0458984375 0.0185546875
5 0.42138671875 0.75732421875 0.04052734375 0.01513671875
5 0.4130859375 0.85400390625 0.02685546875 0.0185546875
5 0.57080078125 0.8525390625 0.033203125 0.021484375
5 0.6640625 0.85205078125 0.021484375 0.01416015625
5 0.61181640625 0.94921875 0.0634765625 0.021484375
5 0.41796875 0.947265625 0.03369140625 0.02099609375
0 0.59521484375 0.49755859375 0.40966796875 0.052734375
4 0.494140625 0.60302734375 0.1826171875 0.0361328125
4 0.6962890625 0.60302734375 0.181640625 0.0390625
4 0.552734375 0.69873046875 0.29833984375 0.0361328125
4 0.552734375 0.7939453125 0.296875 0.0361328125
4 0.470703125 0.88671875 0.13330078125 0.0341796875
4 0.59716796875 0.88818359375 0.07470703125 0.03759765625
4 0.69775390625 0.88916015625 0.083984375 0.0361328125
4 0.482421875 0.98193359375 0.15771484375 0.0361328125
4 0.6748046875 0.98388671875 0.18701171875 0.0322265625
3 0.689453125 0.0283203125 0.02001953125 0.03125
3 0.77490234375 0.025390625 0.01513671875 0.02783203125
3 0.85009765625 0.02880859375 0.01611328125 0.0322265625
2 0.09375 0.28076171875 0.18603515625 0.03369140625
3 0.0205078125 0.3349609375 0.01220703125 0.0234375
3 0.02001953125 0.3720703125 0.01318359375 0.0224609375
3 0.02099609375 0.41064453125 0.0126953125 0.0185546875
3 0.02001953125 0.44921875 0.0146484375 0.0234375
3 0.0205078125 0.4873046875 0.01318359375 0.0224609375
3 0.02001953125 0.5244140625 0.0126953125 0.021484375
3 0.10498046875 0.48779296875 0.0126953125 0.01904296875
3 0.10498046875 0.4501953125 0.01318359375 0.0234375
3 0.1064453125 0.41259765625 0.0146484375 0.02099609375
3 0.10595703125 0.37255859375 0.01123046875 0.01904296875
3 0.10498046875 0.33447265625 0.01318359375 0.02734375
5 0.0498046875 0.33349609375 0.041015625 0.02734375
5 0.044921875 0.37158203125 0.03515625 0.0263671875
5 0.04443359375 0.408203125 0.0341796875 0.02978515625
5 0.0498046875 0.4482421875 0.041015625 0.02734375
5 0.04638671875 0.48779296875 0.03369140625 0.02880859375
5 0.05126953125 0.525390625 0.04150390625 0.0126953125
5 0.13134765625 0.3349609375 0.0361328125 0.025390625
5 0.130859375 0.37158203125 0.03564453125 0.02783203125
5 0.1357421875 0.4111328125 0.044921875 0.0126953125
5 0.130859375 0.4482421875 0.0361328125 0.0263671875
5 0.13525390625 0.48779296875 0.04248046875 0.01416015625
5 0.05224609375 0.17724609375 0.0625 0.01513671875
5 0.0576171875 0.21240234375 0.076171875 0.0185546875
5 0.0478515625 0.248046875 0.056640625 0.02099609375