6 0.69677734375 0.52197265625 0.0458984375 0.0576171875
6 0.69921875 0.611328125 0.048828125 0.052734375
6 0.6962890625 0.7001953125 0.04296875 0.052734375
6 0.69775390625 0.79248046875 0.0478515625 0.0498046875
1 0.845703125 0.52099609375 0.033203125 0.0439453125
1 0.84423828125 0.61083984375 0.0380859375 0.0458984375
1 0.8447265625 0.70166015625 0.0390625 0.0458984375
1 0.8447265625 0.7939453125 0.037109375 0.046875
7 0.357421875 0.70556640625 0.07421875 0.0537109375
7 0.35546875 0.79345703125 0.072265625 0.0615234375
7 0.5322265625 0.70556640625 0.0703125 0.0517578125
7 0.53466796875 0.79248046875 0.0732421875 0.0498046875