7 0.16015625 0.7783203125 0.185546875 0.091796875
7 0.37353515625 0.77880859375 0.1884765625 0.0888671875
7 0.6689453125 0.80322265625 0.16015625 0.0751953125
7 0.853515625 0.80322265625 0.16015625 0.0751953125
7 0.71630859375 0.6826171875 0.1337890625 0.08203125
7 0.8681640625 0.6826171875 0.130859375 0.08203125
7 0.16162109375 0.5224609375 0.1943359375 0.1015625
7 0.3701171875 0.52001953125 0.193359375 0.0947265625
7 0.3291015625 0.90478515625 0.162109375 0.0517578125
7 0.1484375 0.90625 0.162109375 0.052734375
3 0.5302734375 0.134765625 0.05859375 0.06640625
3 0.69580078125 0.1328125 0.0576171875 0.0625
6 0.58544921875 0.49072265625 0.0576171875 0.0615234375
6 0.65673828125 0.49169921875 0.0576171875 0.0595703125