3 0.0146484375 0.0791015625 0.01416015625 0.02880859375
3 0.01513671875 0.1240234375 0.013671875 0.03369140625
3 0.013671875 0.171875 0.01171875 0.02392578125
3 0.013671875 0.27392578125 0.0146484375 0.0263671875
3 0.013671875 0.318359375 0.0126953125 0.02734375
3 0.0146484375 0.43896484375 0.01171875 0.02880859375
3 0.013671875 0.486328125 0.01220703125 0.02880859375
3 0.01416015625 0.60693359375 0.01123046875 0.02490234375
3 0.01416015625 0.6533203125 0.01220703125 0.03125
3 0.013671875 0.69677734375 0.01171875 0.02978515625
3 0.013671875 0.81884765625 0.01025390625 0.02978515625
3 0.013671875 0.8671875 0.009765625 0.02099609375
3 0.01318359375 0.90966796875 0.01171875 0.03125
3 0.1025390625 0.1279296875 0.0126953125 0.02392578125
3 0.10302734375 0.17333984375 0.013671875 0.0224609375
3 0.01513671875 0.03076171875 0.01708984375 0.02880859375
5 0.04345703125 0.0791015625 0.03125 0.0263671875
5 0.04248046875 0.1259765625 0.02880859375 0.02490234375
5 0.04345703125 0.169921875 0.03369140625 0.02490234375
5 0.0283203125 0.22265625 0.0390625 0.02880859375
5 0.05322265625 0.27392578125 0.05224609375 0.0263671875
5 0.0478515625 0.32080078125 0.0390625 0.0224609375
5 0.0302734375 0.3916015625 0.0478515625 0.02880859375
5 0.04736328125 0.4423828125 0.03857421875 0.02392578125
5 0.04541015625 0.48828125 0.03662109375 0.02001953125
5 0.01953125 0.5556640625 0.0234375 0.0224609375
5 0.0400390625 0.60595703125 0.02685546875 0.02392578125
5 0.05615234375 0.65478515625 0.060546875 0.0263671875
5 0.0537109375 0.701171875 0.05078125 0.02392578125
5 0.02880859375 0.76904296875 0.04052734375 0.02490234375
5 0.04345703125 0.82275390625 0.03125 0.0224609375
5 0.0419921875 0.8662109375 0.02880859375 0.0224609375
5 0.044921875 0.9150390625 0.0361328125 0.0224609375
5 0.21630859375 0.02734375 0.02001953125 0.017578125
5 0.2822265625 0.02880859375 0.05517578125 0.0224609375
5 0.345703125 0.02978515625 0.02099609375 0.02001953125
5 0.41943359375 0.0283203125 0.06640625 0.0185546875
5 0.5029296875 0.02734375 0.04345703125 0.02490234375
5 0.5703125 0.029296875 0.03564453125 0.0185546875
3 0.6064453125 0.0263671875 0.01171875 0.02490234375
5 0.6884765625 0.02880859375 0.08935546875 0.02490234375
5 0.77490234375 0.02978515625 0.03076171875 0.02001953125
5 0.8291015625 0.0283203125 0.0263671875 0.02099609375
3 0.8642578125 0.02685546875 0.009765625 0.03125
3 0.806640625 0.02685546875 0.01220703125 0.0263671875
3 0.75 0.025390625 0.0126953125 0.0263671875
3 0.6337890625 0.02734375 0.01220703125 0.0224609375
3 0.54345703125 0.0263671875 0.00927734375 0.02490234375
3 0.4716796875 0.0283203125 0.0126953125 0.03125
3 0.16943359375 0.02978515625 0.01611328125 0.02001953125
3 0.1962890625 0.0263671875 0.01416015625 0.02490234375
3 0.24609375 0.02734375 0.0146484375 0.02978515625
3 0.3291015625 0.0283203125 0.01171875 0.02099609375
3 0.37646484375 0.0283203125 0.013671875 0.02880859375
3 0.142578125 0.0283203125 0.01416015625 0.02880859375
3 0.9453125 0.02880859375 0.013671875 0.0224609375
5 0.966796875 0.029296875 0.0234375 0.02392578125
3 0.986328125 0.0283203125 0.0087890625 0.01611328125
3 0.97900390625 0.09423828125 0.013671875 0.02392578125
5 0.9111328125 0.091796875 0.091796875 0.0263671875
5 0.26220703125 0.1767578125 0.03857421875 0.03125
5 0.2158203125 0.17529296875 0.0380859375 0.02880859375
0 0.166015625 0.1796875 0.0498046875 0.05224609375
5 0.20458984375 0.26025390625 0.1123046875 0.02392578125
5 0.18408203125 0.4130859375 0.0234375 0.02001953125
5 0.18994140625 0.49853515625 0.03564453125 0.0185546875
5 0.22607421875 0.458984375 0.107421875 0.02392578125
5 0.193359375 0.53955078125 0.03857421875 0.02490234375
5 0.1953125 0.6279296875 0.06689453125 0.02490234375
5 0.22509765625 0.6689453125 0.1298828125 0.02734375
5 0.17578125 0.724609375 0.02783203125 0.0263671875
5 0.181640625 0.76708984375 0.044921875 0.0263671875
5 0.17041015625 0.82080078125 0.013671875 0.02392578125
5 0.18017578125 0.91943359375 0.03125 0.02392578125
5 0.21435546875 0.96142578125 0.10302734375 0.02978515625
5 0.263671875 0.369140625 0.12744140625 0.0361328125
3 0.33349609375 0.4580078125 0.01611328125 0.02001953125
3 0.333984375 0.5400390625 0.013671875 0.0263671875
3 0.337890625 0.76318359375 0.013671875 0.0263671875
5 0.27294921875 0.095703125 0.18505859375 0.03369140625
5 0.4013671875 0.25830078125 0.0439453125 0.0224609375
5 0.39892578125 0.31689453125 0.041015625 0.02490234375
4 0.51953125 0.36181640625 0.2802734375 0.0400390625
3 0.57763671875 0.31982421875 0.0126953125 0.0224609375
3 0.6005859375 0.31884765625 0.0126953125 0.02392578125
3 0.62353515625 0.31787109375 0.0146484375 0.0263671875
3 0.64599609375 0.31787109375 0.009765625 0.0263671875
3 0.65234375 0.419921875 0.0087890625 0.02392578125
3 0.390625 0.4169921875 0.0146484375 0.02978515625
3 0.6484375 0.5361328125 0.01416015625 0.02392578125
3 0.33642578125 0.96044921875 0.01513671875 0.0263671875
5 0.70654296875 0.259765625 0.04541015625 0.02734375
5 0.7138671875 0.31103515625 0.05029296875 0.02490234375
5 0.77294921875 0.37451171875 0.087890625 0.02734375
5 0.78369140625 0.4072265625 0.10546875 0.02001953125
5 0.7705078125 0.4716796875 0.08544921875 0.0224609375
5 0.78271484375 0.50244140625 0.10791015625 0.02099609375
3 0.91259765625 0.31103515625 0.0078125 0.02490234375
3 0.9072265625 0.3681640625 0.01123046875 0.02734375
3 0.90673828125 0.46142578125 0.0087890625 0.03125
3 0.95361328125 0.31591796875 0.0166015625 0.02734375
3 0.955078125 0.3740234375 0.01708984375 0.03369140625
3 0.955078125 0.43017578125 0.0166015625 0.0263671875
3 0.955078125 0.486328125 0.01416015625 0.03125
3 0.8525390625 0.83837890625 0.0126953125 0.0263671875
3 0.90234375 0.83837890625 0.0126953125 0.0185546875
3 0.83349609375 0.837890625 0.01025390625 0.02001953125
3 0.28857421875 0.17724609375 0.01123046875 0.0224609375