0 0.126953125 0.154296875 0.14892578125 0.03271484375
2 0.126953125 0.21826171875 0.14599609375 0.03076171875
2 0.12646484375 0.24951171875 0.14599609375 0.03173828125
3 0.1923828125 0.078125 0.02490234375 0.02685546875
3 0.2451171875 0.07861328125 0.0283203125 0.0361328125
3 0.80712890625 0.080078125 0.03076171875 0.0390625
2 0.8310546875 0.0771484375 0.00927734375 0.01220703125
0 0.93994140625 0.07861328125 0.0185546875 0.0234375
0 0.84521484375 0.1484375 0.02490234375 0.02783203125
2 0.9072265625 0.150390625 0.072265625 0.02490234375
3 0.92724609375 0.85009765625 0.0341796875 0.04638671875
3 0.0654296875 0.28173828125 0.015625 0.0185546875
3 0.06494140625 0.34521484375 0.0166015625 0.021484375
3 0.0654296875 0.41162109375 0.017578125 0.0224609375
3 0.06494140625 0.44140625 0.02001953125 0.0224609375
3 0.0654296875 0.47314453125 0.02099609375 0.0224609375
3 0.06591796875 0.5380859375 0.02001953125 0.0205078125
3 0.0654296875 0.603515625 0.017578125 0.0234375
5 0.09521484375 0.28173828125 0.03173828125 0.01416015625
5 0.11669921875 0.34619140625 0.07666015625 0.015625
5 0.11279296875 0.41064453125 0.06591796875 0.0166015625
5 0.11181640625 0.44287109375 0.06494140625 0.01318359375
5 0.115234375 0.47412109375 0.072265625 0.01416015625
5 0.09814453125 0.53955078125 0.03564453125 0.015625
5 0.115234375 0.60400390625 0.072265625 0.0166015625
5 0.30712890625 0.0791015625 0.0390625 0.01416015625
5 0.376953125 0.080078125 0.0341796875 0.01220703125
5 0.44482421875 0.08056640625 0.03564453125 0.01318359375
3 0.27783203125 0.078125 0.0126953125 0.0185546875
3 0.34912109375 0.07958984375 0.01318359375 0.015625
3 0.41748046875 0.0791015625 0.01171875 0.01416015625
5 0.50244140625 0.32763671875 0.02490234375 0.01318359375
5 0.54833984375 0.32763671875 0.03857421875 0.01318359375
0 0.8818359375 0.326171875 0.03515625 0.02490234375
5 0.9208984375 0.32666015625 0.0234375 0.01318359375
5 0.3505859375 0.140625 0.119140625 0.021484375
3 0.25439453125 0.1513671875 0.0224609375 0.02490234375