6 0.20166015625 0.2568359375 0.0634765625 0.05859375
6 0.19873046875 0.33935546875 0.0498046875 0.0556640625
6 0.19970703125 0.4306640625 0.0517578125 0.060546875
6 0.201171875 0.515625 0.0546875 0.046875
6 0.20068359375 0.60595703125 0.0498046875 0.0615234375
0 0.31494140625 0.80126953125 0.2763671875 0.0673828125
0 0.7421875 0.50927734375 0.265625 0.0654296875
5 0.28857421875 0.2568359375 0.0927734375 0.046875
5 0.23681640625 0.1884765625 0.1982421875 0.044921875
5 0.60400390625 0.384765625 0.0908203125 0.044921875
5 0.31787109375 0.3505859375 0.1591796875 0.041015625
5 0.294921875 0.4306640625 0.095703125 0.041015625
5 0.30322265625 0.5166015625 0.1181640625 0.044921875
5 0.287109375 0.603515625 0.09375 0.046875