7 0.34619140625 0.50244140625 0.1396484375 0.0634765625
7 0.34423828125 0.57763671875 0.1298828125 0.0615234375
7 0.181640625 0.50244140625 0.119140625 0.0439453125
7 0.185546875 0.58154296875 0.123046875 0.0615234375
1 0.0556640625 0.06640625 0.046875 0.044921875
1 0.0537109375 0.1328125 0.0390625 0.052734375
6 0.1357421875 0.06640625 0.041015625 0.041015625
6 0.13525390625 0.1337890625 0.0400390625 0.0390625
1 0.384765625 0.0654296875 0.04296875 0.03515625
1 0.38330078125 0.13037109375 0.0419921875 0.0439453125
6 0.23046875 0.8291015625 0.037109375 0.037109375
0 0.70361328125 0.7939453125 0.2900390625 0.072265625
0 0.6611328125 0.060546875 0.181640625 0.046875
0 0.6591796875 0.1318359375 0.1796875 0.044921875
0 0.6591796875 0.20166015625 0.181640625 0.0458984375
0 0.87939453125 0.0615234375 0.1826171875 0.046875
0 0.87744140625 0.1298828125 0.1806640625 0.04296875
0 0.87744140625 0.203125 0.1806640625 0.048828125
3 0.140625 0.42138671875 0.0546875 0.0419921875
3 0.38720703125 0.419921875 0.0498046875 0.05078125
3 0.58447265625 0.421875 0.0498046875 0.04296875
3 0.830078125 0.42138671875 0.046875 0.0556640625
3 0.14306640625 0.826171875 0.0341796875 0.037109375
3 0.5927734375 0.546875 0.060546875 0.064453125
3 0.70556640625 0.5478515625 0.0654296875 0.068359375
3 0.81982421875 0.54638671875 0.0595703125 0.0595703125
3 0.58642578125 0.6689453125 0.0595703125 0.056640625
3 0.64697265625 0.66552734375 0.0537109375 0.0615234375
3 0.7060546875 0.6640625 0.052734375 0.060546875
3 0.76708984375 0.6650390625 0.0556640625 0.05859375
3 0.8271484375 0.66552734375 0.05859375 0.0595703125