0 0.6826171875 0.02978515625 0.1005859375 0.0224609375
0 0.77783203125 0.02978515625 0.07861328125 0.0224609375
0 0.8505859375 0.0302734375 0.0537109375 0.0234375
0 0.9140625 0.03125 0.06005859375 0.021484375
4 0.5029296875 0.20458984375 0.87646484375 0.0537109375
3 0.072265625 0.0302734375 0.03271484375 0.03125
0 0.27294921875 0.5673828125 0.43212890625 0.1015625
0 0.728515625 0.56689453125 0.43115234375 0.1025390625
0 0.27197265625 0.6865234375 0.43212890625 0.1015625
0 0.72900390625 0.6865234375 0.43212890625 0.1015625
5 0.15869140625 0.46142578125 0.05908203125 0.0166015625
5 0.38671875 0.46142578125 0.06689453125 0.0146484375
5 0.61474609375 0.4599609375 0.09619140625 0.017578125
5 0.84423828125 0.4609375 0.07568359375 0.017578125
3 0.1591796875 0.39990234375 0.05126953125 0.0537109375
3 0.38671875 0.3974609375 0.05126953125 0.056640625
3 0.6142578125 0.39794921875 0.06005859375 0.0498046875
3 0.84228515625 0.3974609375 0.05908203125 0.0546875