7 0.1650390625 0.25244140625 0.1640625 0.0966796875
7 0.36376953125 0.24658203125 0.1611328125 0.0888671875
7 0.16552734375 0.38330078125 0.1689453125 0.0869140625
7 0.361328125 0.37646484375 0.15234375 0.0849609375
7 0.36474609375 0.5068359375 0.1591796875 0.091796875
7 0.3662109375 0.64306640625 0.158203125 0.0849609375
7 0.359375 0.765625 0.15625 0.087890625
7 0.16357421875 0.505859375 0.1533203125 0.09375
7 0.1591796875 0.63671875 0.15625 0.083984375
7 0.1630859375 0.7626953125 0.162109375 0.08984375
7 0.83544921875 0.3408203125 0.1630859375 0.087890625
7 0.8388671875 0.47509765625 0.1484375 0.0927734375
7 0.8427734375 0.60546875 0.15625 0.091796875
7 0.8427734375 0.73291015625 0.166015625 0.0751953125
7 0.83642578125 0.859375 0.1689453125 0.078125