3 0.21435546875 0.15283203125 0.03759765625 0.052734375
3 0.20703125 0.08251953125 0.02587890625 0.0380859375
0 0.5146484375 0.24365234375 0.03076171875 0.02392578125
2 0.9248046875 0.15283203125 0.0576171875 0.0263671875
3 0.8759765625 0.15234375 0.02490234375 0.02978515625
3 0.94677734375 0.0830078125 0.021484375 0.02734375
5 0.89599609375 0.08251953125 0.06494140625 0.03125
3 0.28662109375 0.62939453125 0.0166015625 0.02734375
3 0.48046875 0.62939453125 0.017578125 0.0224609375
3 0.76904296875 0.62939453125 0.0166015625 0.0224609375
3 0.0556640625 0.5849609375 0.01513671875 0.021484375
3 0.05517578125 0.5234375 0.0126953125 0.0224609375
3 0.05517578125 0.490234375 0.015625 0.021484375
3 0.05517578125 0.45947265625 0.01416015625 0.021484375
3 0.05517578125 0.3984375 0.015625 0.021484375
3 0.0546875 0.337890625 0.015625 0.021484375
3 0.05517578125 0.30615234375 0.017578125 0.0224609375
3 0.0556640625 0.2744140625 0.0166015625 0.021484375
3 0.0556640625 0.21337890625 0.01513671875 0.0263671875
3 0.0556640625 0.1533203125 0.01318359375 0.0224609375
5 0.09716796875 0.15380859375 0.06103515625 0.01416015625
5 0.1044921875 0.21484375 0.07763671875 0.01904296875
5 0.09521484375 0.3369140625 0.0556640625 0.015625
5 0.09912109375 0.4013671875 0.0634765625 0.01318359375
5 0.08349609375 0.46142578125 0.033203125 0.015625
5 0.0830078125 0.49169921875 0.03271484375 0.01416015625
5 0.08447265625 0.5234375 0.0390625 0.015625
5 0.08251953125 0.583984375 0.033203125 0.015625
3 0.67236328125 0.443359375 0.01513671875 0.0205078125
3 0.67333984375 0.25634765625 0.0166015625 0.02392578125
3 0.86474609375 0.25537109375 0.02099609375 0.021484375
3 0.865234375 0.44384765625 0.017578125 0.0263671875
5 0.0849609375 0.27587890625 0.03515625 0.01416015625
5 0.0908203125 0.30810546875 0.04833984375 0.0166015625