6 0.07958984375 0.25146484375 0.0419921875 0.0615234375
6 0.0810546875 0.41064453125 0.041015625 0.0634765625
6 0.07958984375 0.56982421875 0.0380859375 0.0634765625
6 0.0771484375 0.72216796875 0.041015625 0.0576171875
6 0.56884765625 0.248046875 0.0361328125 0.064453125
6 0.56787109375 0.408203125 0.0439453125 0.06640625
6 0.56884765625 0.56982421875 0.0400390625 0.0595703125
6 0.5693359375 0.720703125 0.041015625 0.0625
5 0.26611328125 0.2490234375 0.3212890625 0.0625
5 0.2685546875 0.412109375 0.31640625 0.064453125
5 0.27001953125 0.5703125 0.3095703125 0.060546875
5 0.27001953125 0.7275390625 0.3134765625 0.064453125
5 0.75927734375 0.2509765625 0.3115234375 0.06640625
5 0.75830078125 0.41455078125 0.3271484375 0.0615234375
5 0.75634765625 0.56982421875 0.3173828125 0.0654296875
5 0.76025390625 0.7236328125 0.3212890625 0.060546875