1 0.103515625 0.23681640625 0.01513671875 0.03466796875
1 0.10400390625 0.37109375 0.01611328125 0.029296875
1 0.10400390625 0.50439453125 0.01513671875 0.0361328125
1 0.1044921875 0.634765625 0.01611328125 0.03466796875
1 0.5751953125 0.23779296875 0.01611328125 0.03271484375
1 0.57470703125 0.37109375 0.01513671875 0.03271484375
1 0.5751953125 0.50439453125 0.01611328125 0.029296875
1 0.57568359375 0.6357421875 0.0166015625 0.03271484375
5 0.84912109375 0.23779296875 0.125 0.04345703125
5 0.85205078125 0.37646484375 0.13623046875 0.05029296875
5 0.85107421875 0.50341796875 0.125 0.04150390625
5 0.8505859375 0.63671875 0.12255859375 0.0380859375
5 0.4189453125 0.236328125 0.11328125 0.029296875
5 0.42041015625 0.36865234375 0.11279296875 0.04150390625
5 0.41796875 0.5068359375 0.11669921875 0.0380859375
5 0.4189453125 0.6376953125 0.11865234375 0.04345703125
3 0.14697265625 0.23876953125 0.02685546875 0.05517578125
3 0.146484375 0.369140625 0.02783203125 0.0537109375
3 0.14599609375 0.5009765625 0.02685546875 0.05029296875