5 0.42138671875 0.0458984375 0.7236328125 0.04150390625
5 0.12353515625 0.13037109375 0.119140625 0.03173828125
5 0.29345703125 0.3046875 0.451171875 0.03173828125
5 0.42333984375 0.44921875 0.736328125 0.03515625
5 0.24658203125 0.525390625 0.36572265625 0.02880859375
5 0.2958984375 0.6982421875 0.4638671875 0.04443359375
5 0.14453125 0.87451171875 0.18701171875 0.03515625
2 0.240234375 0.94580078125 0.3447265625 0.0888671875
2 0.5380859375 0.94580078125 0.20849609375 0.0888671875
2 0.7998046875 0.94580078125 0.2724609375 0.0888671875
4 0.498046875 0.77001953125 0.87646484375 0.09228515625
4 0.498046875 0.59228515625 0.87646484375 0.09228515625
4 0.498046875 0.3779296875 0.8681640625 0.0888671875
4 0.2763671875 0.20166015625 0.42529296875 0.0859375
4 0.72119140625 0.2001953125 0.42138671875 0.0888671875