2 0.3193359375 0.47412109375 0.36669921875 0.029296875
5 0.1484375 0.4453125 0.0234375 0.01611328125
0 0.8330078125 0.47119140625 0.080078125 0.03564453125
2 0.50634765625 0.61181640625 0.74169921875 0.04541015625
2 0.505859375 0.6728515625 0.7421875 0.04443359375
2 0.5068359375 0.73388671875 0.74267578125 0.04833984375
2 0.50634765625 0.79443359375 0.7451171875 0.04833984375
2 0.5068359375 0.85546875 0.74267578125 0.04638671875
2 0.5068359375 0.9169921875 0.7431640625 0.04638671875
2 0.50732421875 0.97705078125 0.74267578125 0.04541015625
5 0.19580078125 0.55419921875 0.11279296875 0.03125
3 0.0087890625 0.1630859375 0.00927734375 0.0244140625
3 0.01025390625 0.21435546875 0.01220703125 0.02001953125
3 0.00927734375 0.25390625 0.01220703125 0.0224609375
3 0.00927734375 0.306640625 0.01025390625 0.0263671875
3 0.01220703125 0.09765625 0.01220703125 0.02734375
3 0.84228515625 0.03271484375 0.0166015625 0.029296875
3 0.873046875 0.0302734375 0.0166015625 0.0263671875
3 0.90234375 0.02978515625 0.01513671875 0.02734375
3 0.83984375 0.09619140625 0.0166015625 0.0322265625
3 0.86572265625 0.09814453125 0.0166015625 0.0322265625
3 0.8916015625 0.09619140625 0.0166015625 0.0341796875
3 0.9189453125 0.09765625 0.0166015625 0.033203125
3 0.9794921875 0.0986328125 0.0087890625 0.01904296875
3 0.99169921875 0.02783203125 0.0087890625 0.01708984375
5 0.95263671875 0.02978515625 0.06689453125 0.01904296875