1 0.72314453125 0.15625 0.0302734375 0.0390625
1 0.72265625 0.29345703125 0.03515625 0.0380859375
1 0.72265625 0.42578125 0.033203125 0.0390625
1 0.7236328125 0.568359375 0.03125 0.0390625
1 0.72314453125 0.70654296875 0.0322265625 0.0380859375
1 0.72216796875 0.8447265625 0.0322265625 0.037109375
1 0.72216796875 0.986328125 0.0322265625 0.02734375
5 0.28173828125 0.13916015625 0.1025390625 0.0361328125
5 0.27734375 0.2744140625 0.10546875 0.0390625
5 0.3017578125 0.41259765625 0.15234375 0.0380859375
5 0.28369140625 0.55029296875 0.1064453125 0.0439453125
5 0.259765625 0.68701171875 0.064453125 0.0322265625
5 0.26025390625 0.82373046875 0.0654296875 0.0400390625
5 0.26318359375 0.95849609375 0.0654296875 0.0400390625