5 0.5009765625 0.08642578125 0.9248046875 0.0498046875
5 0.13818359375 0.1396484375 0.19384765625 0.0224609375
5 0.2841796875 0.1826171875 0.486328125 0.03271484375
5 0.228515625 0.23046875 0.38818359375 0.02587890625
5 0.07421875 0.2802734375 0.0751953125 0.0224609375
5 0.09375 0.330078125 0.10498046875 0.0224609375
5 0.06494140625 0.3818359375 0.05712890625 0.01904296875
4 0.662109375 0.28125 0.59814453125 0.041015625
2 0.662109375 0.33203125 0.59375 0.03955078125
0 0.5595703125 0.3818359375 0.19189453125 0.04296875
5 0.15185546875 0.4658203125 0.23046875 0.0224609375
5 0.1025390625 0.51025390625 0.13720703125 0.0224609375
5 0.08447265625 0.7763671875 0.0869140625 0.02587890625
5 0.12548828125 0.8232421875 0.17822265625 0.0205078125
5 0.123046875 0.87060546875 0.16455078125 0.0224609375
0 0.134765625 0.95458984375 0.19189453125 0.04296875
0 0.66552734375 0.95458984375 0.19384765625 0.0361328125
0 0.86767578125 0.95458984375 0.18701171875 0.03955078125
4 0.66455078125 0.8740234375 0.59814453125 0.03955078125
4 0.6630859375 0.8232421875 0.6005859375 0.03759765625
4 0.40625 0.7763671875 0.09130859375 0.03955078125