2 0.4296875 0.0654296875 0.603515625 0.10546875
1 0.244140625 0.31884765625 0.064453125 0.0458984375
1 0.24365234375 0.404296875 0.0654296875 0.044921875
1 0.2451171875 0.4912109375 0.072265625 0.04296875
1 0.24365234375 0.5771484375 0.0654296875 0.044921875
1 0.244140625 0.66064453125 0.06640625 0.0439453125
3 0.35009765625 0.31884765625 0.0732421875 0.0517578125
3 0.34716796875 0.40185546875 0.0634765625 0.0458984375
3 0.357421875 0.5029296875 0.0859375 0.068359375
3 0.353515625 0.576171875 0.0703125 0.046875
3 0.3515625 0.65869140625 0.0703125 0.0478515625
3 0.2451171875 0.2001953125 0.08203125 0.041015625
5 0.28857421875 0.81884765625 0.2373046875 0.0439453125
4 0.50048828125 0.203125 0.6591796875 0.08203125