2 0.34765625 0.29541015625 0.208984375 0.1689453125
1 0.47314453125 0.30126953125 0.0263671875 0.0927734375
1 0.56640625 0.30517578125 0.025390625 0.0771484375
1 0.6982421875 0.30615234375 0.025390625 0.0888671875
1 0.78759765625 0.30615234375 0.0205078125 0.0830078125
1 0.361328125 0.47412109375 0.025390625 0.0849609375
1 0.54833984375 0.4697265625 0.0244140625 0.078125
1 0.177734375 0.4736328125 0.02734375 0.0859375
2 0.49951171875 0.77783203125 0.9892578125 0.1279296875
2 0.49951171875 0.9091796875 0.9931640625 0.130859375
0 0.94677734375 0.27880859375 0.0693359375 0.1455078125
4 0.12109375 0.29443359375 0.20703125 0.1767578125
3 0.94482421875 0.48974609375 0.0673828125 0.1748046875