2 0.4296875 0.48876953125 0.302734375 0.0693359375
2 0.42919921875 0.36572265625 0.3056640625 0.0673828125
1 0.60791015625 0.3515625 0.0283203125 0.05078125
1 0.60888671875 0.41259765625 0.0322265625 0.0498046875
4 0.5205078125 0.6103515625 0.48828125 0.05859375
1 0.27392578125 0.80908203125 0.0322265625 0.0498046875
0 0.314453125 0.921875 0.1484375 0.076171875
0 0.7392578125 0.92333984375 0.142578125 0.0693359375
0 0.90380859375 0.9248046875 0.1474609375 0.072265625
3 0.94287109375 0.05615234375 0.0380859375 0.0517578125
3 0.857421875 0.05615234375 0.0234375 0.0458984375