6 0.490234375 0.294921875 0.033203125 0.076171875
6 0.49169921875 0.36962890625 0.0322265625 0.0693359375
6 0.490234375 0.44873046875 0.029296875 0.0751953125
6 0.490234375 0.52197265625 0.029296875 0.0830078125
6 0.490234375 0.595703125 0.033203125 0.06640625
6 0.49169921875 0.67431640625 0.0341796875 0.0791015625
6 0.13330078125 0.85546875 0.0302734375 0.078125
2 0.138671875 0.67626953125 0.138671875 0.0888671875
2 0.21044921875 0.0625 0.3798828125 0.09765625
4 0.25048828125 0.39453125 0.3212890625 0.095703125
3 0.03271484375 0.18896484375 0.0400390625 0.0439453125
3 0.03271484375 0.333984375 0.0380859375 0.056640625
3 0.0302734375 0.470703125 0.033203125 0.05078125
3 0.11328125 0.390625 0.03125 0.064453125
3 0.10302734375 0.4912109375 0.0361328125 0.056640625
3 0.1064453125 0.5771484375 0.029296875 0.060546875
3 0.103515625 0.67138671875 0.03515625 0.0517578125
3 0.130859375 0.76025390625 0.033203125 0.0615234375
3 0.03369140625 0.74560546875 0.0458984375 0.0595703125
3 0.03076171875 0.880859375 0.0361328125 0.060546875