6 0.193359375 0.23779296875 0.037109375 0.0654296875
6 0.1923828125 0.35205078125 0.03515625 0.0634765625
1 0.21533203125 0.6435546875 0.0361328125 0.060546875
1 0.21484375 0.76806640625 0.03515625 0.0595703125
7 0.74365234375 0.2314453125 0.0966796875 0.0859375
7 0.7431640625 0.36083984375 0.095703125 0.0849609375
2 0.74365234375 0.7060546875 0.1728515625 0.12109375
5 0.2841796875 0.2412109375 0.119140625 0.05859375
5 0.2841796875 0.35498046875 0.119140625 0.0537109375
5 0.2841796875 0.64404296875 0.07421875 0.0576171875
5 0.28515625 0.7685546875 0.083984375 0.05859375