7 0.67236328125 0.23974609375 0.0693359375 0.0712890625
7 0.6748046875 0.33251953125 0.060546875 0.0693359375
7 0.67626953125 0.42626953125 0.0712890625 0.0751953125
7 0.671875 0.53173828125 0.072265625 0.0810546875
7 0.67236328125 0.6298828125 0.0771484375 0.080078125
5 0.205078125 0.24267578125 0.244140625 0.0556640625
5 0.16162109375 0.34033203125 0.1669921875 0.0537109375
5 0.17919921875 0.087890625 0.2646484375 0.06640625
5 0.2255859375 0.43603515625 0.294921875 0.0615234375
5 0.20166015625 0.53759765625 0.2451171875 0.0576171875
5 0.2509765625 0.63623046875 0.357421875 0.0654296875