5 0.353515625 0.23046875 0.111328125 0.03564453125
5 0.35107421875 0.39111328125 0.0966796875 0.0380859375
5 0.3232421875 0.560546875 0.048828125 0.03271484375
5 0.33544921875 0.7109375 0.05322265625 0.0341796875
5 0.52978515625 0.55322265625 0.0576171875 0.0380859375
5 0.81640625 0.5576171875 0.0712890625 0.0390625
5 0.39111328125 0.923828125 0.09765625 0.04833984375
3 0.47509765625 0.9189453125 0.04443359375 0.0732421875
3 0.40869140625 0.13427734375 0.03125 0.0556640625
5 0.33349609375 0.1318359375 0.09912109375 0.05810546875
7 0.3076171875 0.91748046875 0.04541015625 0.060546875