6 0.076171875 0.39599609375 0.052734375 0.0595703125
6 0.07861328125 0.15771484375 0.0419921875 0.0654296875
6 0.15380859375 0.1455078125 0.0439453125 0.05078125
6 0.15234375 0.21044921875 0.044921875 0.0517578125
6 0.15380859375 0.38427734375 0.0478515625 0.0537109375
6 0.1533203125 0.45068359375 0.04296875 0.0537109375
6 0.67041015625 0.37158203125 0.0478515625 0.0615234375
6 0.6689453125 0.50244140625 0.044921875 0.0615234375
6 0.6689453125 0.435546875 0.046875 0.060546875
6 0.669921875 0.57177734375 0.044921875 0.0615234375
6 0.076171875 0.6357421875 0.05078125 0.056640625
6 0.1572265625 0.62646484375 0.0546875 0.0634765625
6 0.076171875 0.8759765625 0.04296875 0.064453125
6 0.15185546875 0.69287109375 0.0478515625 0.0556640625
6 0.15283203125 0.86083984375 0.0498046875 0.0595703125
6 0.154296875 0.9306640625 0.052734375 0.060546875