4 0.58349609375 0.1181640625 0.63134765625 0.154296875
3 0.02490234375 0.11962890625 0.025390625 0.109375
3 0.06591796875 0.1181640625 0.03515625 0.181640625
5 0.11669921875 0.12158203125 0.05615234375 0.09912109375
5 0.20263671875 0.9248046875 0.04052734375 0.068359375
5 0.36279296875 0.9296875 0.0341796875 0.07177734375
5 0.56689453125 0.92626953125 0.11767578125 0.07861328125
5 0.7001953125 0.93505859375 0.0712890625 0.0751953125
5 0.8701171875 0.92626953125 0.09130859375 0.07861328125
5 0.833984375 0.34228515625 0.1025390625 0.0888671875
3 0.94482421875 0.34423828125 0.03173828125 0.11962890625
5 0.2431640625 0.333984375 0.10693359375 0.06494140625
3 0.90087890625 0.3408203125 0.01416015625 0.07861328125