5 0.0693359375 0.06201171875 0.04150390625 0.02587890625
5 0.13916015625 0.10498046875 0.1708984375 0.03125
5 0.1337890625 0.26708984375 0.0625 0.02392578125
5 0.1201171875 0.36474609375 0.03564453125 0.02490234375
5 0.130859375 0.45849609375 0.05810546875 0.0263671875
5 0.12646484375 0.55859375 0.04638671875 0.02490234375
5 0.13427734375 0.6552734375 0.0576171875 0.02490234375
4 0.33349609375 0.2666015625 0.21923828125 0.08642578125
4 0.333984375 0.365234375 0.21923828125 0.08447265625
2 0.33447265625 0.4638671875 0.21923828125 0.08447265625
4 0.33447265625 0.560546875 0.2197265625 0.08349609375
3 0.4228515625 0.560546875 0.0166015625 0.041015625
4 0.33447265625 0.66064453125 0.2197265625 0.08642578125
4 0.2666015625 0.7763671875 0.08349609375 0.08642578125