6 0.029296875 0.4072265625 0.0390625 0.021484375
6 0.029296875 0.447265625 0.0390625 0.021484375
6 0.02978515625 0.90087890625 0.0400390625 0.0224609375
6 0.0302734375 0.8603515625 0.0390625 0.0234375
6 0.0302734375 0.818359375 0.0390625 0.01953125
6 0.03076171875 0.7783203125 0.0380859375 0.0234375
6 0.0302734375 0.73681640625 0.0390625 0.0244140625
6 0.02978515625 0.6953125 0.0400390625 0.01953125
6 0.0302734375 0.65380859375 0.0390625 0.0244140625
6 0.0302734375 0.61328125 0.0390625 0.0234375
6 0.0302734375 0.5712890625 0.0390625 0.01953125
6 0.0302734375 0.53076171875 0.0390625 0.0224609375
6 0.02978515625 0.48974609375 0.0400390625 0.0244140625
5 0.41162109375 0.40869140625 0.6767578125 0.0302734375
5 0.2138671875 0.44970703125 0.27734375 0.0263671875
5 0.30712890625 0.49169921875 0.4638671875 0.0302734375
5 0.14111328125 0.53125 0.1357421875 0.025390625
5 0.236328125 0.57177734375 0.322265625 0.0283203125
5 0.38916015625 0.61474609375 0.6318359375 0.0302734375
5 0.34619140625 0.65576171875 0.5458984375 0.0302734375
5 0.2333984375 0.69677734375 0.322265625 0.0263671875
5 0.16162109375 0.736328125 0.1787109375 0.02734375
5 0.2265625 0.77880859375 0.306640625 0.0283203125
5 0.1748046875 0.8203125 0.201171875 0.03125
5 0.1484375 0.8623046875 0.15234375 0.02734375
5 0.1240234375 0.9033203125 0.099609375 0.02734375
3 0.71337890625 0.96875 0.0810546875 0.048828125
3 0.498046875 0.966796875 0.0625 0.048828125
3 0.9228515625 0.96728515625 0.080078125 0.0537109375
3 0.92822265625 0.0625 0.0595703125 0.0390625