6 0.0595703125 0.15234375 0.037109375 0.05078125
6 0.0615234375 0.31787109375 0.0390625 0.0556640625
1 0.54931640625 0.2392578125 0.0302734375 0.04296875
1 0.54736328125 0.15234375 0.0302734375 0.046875
2 0.7451171875 0.89990234375 0.42578125 0.0693359375
6 0.06201171875 0.23583984375 0.0322265625 0.0478515625
1 0.54833984375 0.31494140625 0.0302734375 0.0439453125
1 0.52490234375 0.53076171875 0.0341796875 0.0439453125
1 0.0390625 0.53271484375 0.033203125 0.0478515625
6 0.0595703125 0.62939453125 0.033203125 0.0419921875
6 0.0595703125 0.7119140625 0.03515625 0.04296875
6 0.0615234375 0.794921875 0.037109375 0.044921875
1 0.060546875 0.875 0.03515625 0.048828125
0 0.7451171875 0.63330078125 0.421875 0.0693359375
0 0.7451171875 0.72265625 0.421875 0.0703125
5 0.74462890625 0.81103515625 0.1494140625 0.0478515625
5 0.21337890625 0.533203125 0.3095703125 0.048828125
5 0.63427734375 0.5322265625 0.1748046875 0.04296875
5 0.1845703125 0.15478515625 0.193359375 0.0439453125
5 0.18505859375 0.23388671875 0.1962890625 0.0439453125
5 0.189453125 0.318359375 0.205078125 0.052734375
5 0.64697265625 0.15625 0.1552734375 0.05078125
5 0.65087890625 0.23486328125 0.1572265625 0.0537109375
5 0.66943359375 0.31884765625 0.2041015625 0.0537109375
5 0.181640625 0.626953125 0.193359375 0.044921875
5 0.18603515625 0.712890625 0.1943359375 0.05078125
5 0.185546875 0.79541015625 0.193359375 0.0458984375
5 0.2294921875 0.87548828125 0.283203125 0.0439453125