0 0.3828125 0.9609375 0.10595703125 0.04443359375
0 0.517578125 0.9609375 0.10595703125 0.04443359375
0 0.6494140625 0.9609375 0.10595703125 0.04443359375
3 0.87060546875 0.7880859375 0.02099609375 0.02978515625
3 0.96044921875 0.03173828125 0.02099609375 0.025390625
5 0.55224609375 0.1025390625 0.06591796875 0.03173828125
5 0.57177734375 0.15673828125 0.11083984375 0.02978515625
5 0.5634765625 0.212890625 0.091796875 0.03173828125
5 0.55322265625 0.26806640625 0.0673828125 0.03173828125
5 0.568359375 0.32421875 0.09814453125 0.03369140625
0 0.921875 0.150390625 0.13330078125 0.04248046875
0 0.921875 0.2119140625 0.13037109375 0.04248046875
0 0.92138671875 0.27001953125 0.1318359375 0.04443359375
0 0.92138671875 0.3486328125 0.1318359375 0.0400390625
0 0.92138671875 0.41015625 0.1318359375 0.04443359375
0 0.921875 0.47119140625 0.13037109375 0.04443359375
0 0.92138671875 0.54638671875 0.1318359375 0.04638671875
4 0.7099609375 0.0986328125 0.15283203125 0.0400390625
4 0.708984375 0.15576171875 0.154296875 0.04443359375
4 0.7080078125 0.2119140625 0.15283203125 0.0380859375
4 0.70751953125 0.26806640625 0.154296875 0.0400390625
4 0.71044921875 0.32080078125 0.154296875 0.04443359375
2 0.2900390625 0.48388671875 0.18505859375 0.04443359375
0 0.2900390625 0.5224609375 0.18505859375 0.02734375
5 0.23486328125 0.55419921875 0.05810546875 0.02734375
5 0.24267578125 0.57958984375 0.0771484375 0.02734375
5 0.236328125 0.60888671875 0.064453125 0.0234375