2 0.73388671875 0.3212890625 0.1474609375 0.068359375
2 0.267578125 0.32177734375 0.146484375 0.0712890625
2 0.26708984375 0.203125 0.1435546875 0.072265625
2 0.14501953125 0.2041015625 0.0810546875 0.0703125
2 0.3896484375 0.20361328125 0.08203125 0.0693359375
2 0.14697265625 0.322265625 0.0810546875 0.0703125
2 0.388671875 0.32275390625 0.080078125 0.0673828125
2 0.60791015625 0.203125 0.0771484375 0.068359375
2 0.73046875 0.205078125 0.140625 0.072265625
2 0.8525390625 0.2060546875 0.08203125 0.068359375
2 0.609375 0.318359375 0.083984375 0.068359375
2 0.853515625 0.32080078125 0.0859375 0.0654296875