2 0.47607421875 0.1435546875 0.7587890625 0.0859375
2 0.21826171875 0.26904296875 0.1611328125 0.0869140625
2 0.220703125 0.3955078125 0.162109375 0.0859375
2 0.21923828125 0.5234375 0.1611328125 0.083984375
2 0.2197265625 0.64990234375 0.158203125 0.0849609375
4 0.53369140625 0.2685546875 0.4150390625 0.0859375
4 0.53271484375 0.39306640625 0.4130859375 0.0830078125
4 0.5341796875 0.52294921875 0.412109375 0.0888671875
4 0.5341796875 0.64892578125 0.416015625 0.0888671875
3 0.79931640625 0.26806640625 0.0556640625 0.0556640625
3 0.80029296875 0.39501953125 0.0576171875 0.0537109375
3 0.798828125 0.52197265625 0.056640625 0.0498046875
3 0.798828125 0.6494140625 0.060546875 0.060546875
0 0.333984375 0.75634765625 0.474609375 0.0849609375
5 0.3408203125 0.8896484375 0.361328125 0.04296875
3 0.10888671875 0.2646484375 0.0419921875 0.052734375
3 0.1103515625 0.392578125 0.0390625 0.0546875
3 0.109375 0.5185546875 0.041015625 0.0546875
3 0.11083984375 0.6484375 0.0458984375 0.05859375