4 0.37109375 0.49853515625 0.2421875 0.052734375
4 0.3701171875 0.5576171875 0.24365234375 0.05517578125
4 0.3701171875 0.61865234375 0.24072265625 0.0576171875
4 0.44384765625 0.67626953125 0.09375 0.0576171875
4 0.32177734375 0.6787109375 0.1435546875 0.0576171875
4 0.2763671875 0.7412109375 0.05322265625 0.052734375
4 0.3720703125 0.7373046875 0.13134765625 0.05517578125
2 0.4658203125 0.736328125 0.0498046875 0.052734375
2 0.37109375 0.798828125 0.2392578125 0.052734375
5 0.33349609375 0.85009765625 0.12646484375 0.01513671875
1 0.2578125 0.85009765625 0.015625 0.02490234375
1 0.52099609375 0.80126953125 0.01708984375 0.0224609375
4 0.6318359375 0.49853515625 0.2421875 0.0576171875
2 0.53271484375 0.55859375 0.046875 0.0576171875
2 0.5888671875 0.5576171875 0.05615234375 0.05517578125
4 0.6884765625 0.5576171875 0.0517578125 0.05517578125
5 0.63427734375 0.8037109375 0.203125 0.04248046875
0 0.6123046875 0.90625 0.0654296875 0.04736328125
0 0.7021484375 0.90771484375 0.1142578125 0.044921875