5 0.1787109375 0.09033203125 0.126953125 0.03271484375
0 0.810546875 0.09228515625 0.0751953125 0.0478515625
3 0.87451171875 0.09375 0.01171875 0.0341796875
3 0.65869140625 0.09130859375 0.021484375 0.0341796875
3 0.7021484375 0.09130859375 0.0224609375 0.02587890625
3 0.744140625 0.091796875 0.02587890625 0.03564453125
5 0.486328125 0.17041015625 0.06884765625 0.0234375
5 0.56591796875 0.169921875 0.06787109375 0.02197265625
5 0.22998046875 0.3056640625 0.1044921875 0.03564453125
3 0.259765625 0.091796875 0.01611328125 0.0302734375
3 0.28857421875 0.09228515625 0.0234375 0.03173828125