6 0.13916015625 0.4326171875 0.0224609375 0.041015625
6 0.13818359375 0.357421875 0.0263671875 0.041015625
1 0.13818359375 0.7626953125 0.0205078125 0.03515625
1 0.13818359375 0.8388671875 0.0205078125 0.033203125
7 0.4765625 0.76220703125 0.04296875 0.0400390625
7 0.478515625 0.83837890625 0.041015625 0.0419921875
6 0.13818359375 0.50634765625 0.0224609375 0.0380859375
0 0.59375 0.38525390625 0.140625 0.0732421875
0 0.85986328125 0.72607421875 0.0986328125 0.0751953125
5 0.14990234375 0.14013671875 0.0576171875 0.0302734375
5 0.19384765625 0.35498046875 0.0498046875 0.0302734375
5 0.19482421875 0.4296875 0.0478515625 0.02734375
5 0.1875 0.50537109375 0.03125 0.0263671875
5 0.58642578125 0.0908203125 0.1142578125 0.03515625
5 0.73486328125 0.3857421875 0.0634765625 0.02734375
5 0.171875 0.6640625 0.09375 0.03515625
5 0.19921875 0.7626953125 0.05859375 0.0234375
5 0.193359375 0.83642578125 0.04296875 0.0302734375
5 0.486328125 0.662109375 0.06640625 0.0390625
5 0.541015625 0.76123046875 0.044921875 0.0283203125
5 0.55712890625 0.8349609375 0.0732421875 0.029296875
5 0.86083984375 0.6328125 0.0673828125 0.029296875
3 0.748046875 0.75732421875 0.01953125 0.0322265625
3 0.8603515625 0.89306640625 0.03125 0.0400390625