1 0.431640625 0.51513671875 0.037109375 0.0517578125
1 0.431640625 0.599609375 0.04296875 0.05078125
6 0.5419921875 0.5166015625 0.041015625 0.05078125
6 0.544921875 0.59814453125 0.04296875 0.0517578125
6 0.544921875 0.6806640625 0.041015625 0.05859375
6 0.54052734375 0.763671875 0.0380859375 0.05859375
1 0.431640625 0.6728515625 0.041015625 0.046875
1 0.4306640625 0.7587890625 0.041015625 0.05078125
0 0.4990234375 0.88916015625 0.37109375 0.0869140625
5 0.37744140625 0.421875 0.1689453125 0.05078125
5 0.56884765625 0.41845703125 0.1025390625 0.0458984375
5 0.62353515625 0.51318359375 0.0908203125 0.0498046875
5 0.6337890625 0.59423828125 0.10546875 0.0361328125
5 0.63232421875 0.67822265625 0.1123046875 0.0439453125
5 0.705078125 0.759765625 0.2578125 0.048828125
5 0.35302734375 0.5166015625 0.0888671875 0.044921875
5 0.34130859375 0.5908203125 0.1083984375 0.04296875
5 0.34130859375 0.67529296875 0.1064453125 0.0400390625
5 0.267578125 0.75732421875 0.259765625 0.0439453125