3 0.04248046875 0.12890625 0.0224609375 0.03271484375
3 0.04296875 0.19287109375 0.02392578125 0.029296875
3 0.0419921875 0.25439453125 0.021484375 0.02783203125
3 0.04248046875 0.31396484375 0.02001953125 0.029296875
3 0.04248046875 0.37353515625 0.02001953125 0.03125
0 0.1591796875 0.13232421875 0.19140625 0.060546875
0 0.1591796875 0.19140625 0.18896484375 0.060546875
0 0.15869140625 0.24658203125 0.18994140625 0.05712890625
2 0.1591796875 0.30517578125 0.19140625 0.060546875
0 0.16064453125 0.36767578125 0.18896484375 0.060546875
3 0.90380859375 0.060546875 0.03759765625 0.0517578125
5 0.94482421875 0.0615234375 0.03515625 0.029296875
5 0.810546875 0.05859375 0.083984375 0.03125
5 0.802734375 0.13134765625 0.09521484375 0.03125
3 0.04248046875 0.6904296875 0.02001953125 0.02783203125
3 0.0419921875 0.7509765625 0.021484375 0.0244140625
5 0.373046875 0.34765625 0.07861328125 0.03125
5 0.37646484375 0.41943359375 0.0673828125 0.02587890625
5 0.42822265625 0.2587890625 0.20361328125 0.03955078125
5 0.38916015625 0.54248046875 0.09619140625 0.02587890625
5 0.384765625 0.66845703125 0.0849609375 0.02587890625
5 0.7919921875 0.30712890625 0.0537109375 0.03271484375
5 0.79541015625 0.36865234375 0.06640625 0.03125
5 0.81298828125 0.4306640625 0.09375 0.0244140625
5 0.81103515625 0.51708984375 0.10009765625 0.02783203125
5 0.80615234375 0.6005859375 0.07763671875 0.02783203125
5 0.8095703125 0.6650390625 0.08642578125 0.029296875
5 0.78955078125 0.71533203125 0.048828125 0.0224609375
5 0.79833984375 0.765625 0.0712890625 0.029296875
5 0.78369140625 0.25439453125 0.04248046875 0.02783203125
2 0.8544921875 0.20263671875 0.2314453125 0.06591796875
3 0.6474609375 0.130859375 0.0224609375 0.029296875
3 0.6689453125 0.13134765625 0.017578125 0.02783203125
3 0.6923828125 0.13134765625 0.02001953125 0.03125
3 0.7158203125 0.13134765625 0.0185546875 0.02783203125
3 0.93603515625 0.30712890625 0.03271484375 0.03271484375
3 0.93701171875 0.36767578125 0.03125 0.03955078125
3 0.93701171875 0.60400390625 0.02392578125 0.02783203125
3 0.93701171875 0.6669921875 0.0263671875 0.02587890625
3 0.93603515625 0.76708984375 0.02978515625 0.029296875
3 0.05517578125 0.05810546875 0.044921875 0.05029296875
4 0.49072265625 0.45849609375 0.2939453125 0.04150390625
4 0.56689453125 0.5830078125 0.138671875 0.0380859375
4 0.490234375 0.70849609375 0.29736328125 0.05029296875
2 0.41455078125 0.58203125 0.14111328125 0.03955078125
2 0.16064453125 0.75537109375 0.18603515625 0.0537109375