5 0.095703125 0.025390625 0.0712890625 0.0205078125
5 0.09619140625 0.0771484375 0.07275390625 0.02197265625
5 0.1123046875 0.12841796875 0.04150390625 0.0185546875
5 0.087890625 0.1953125 0.0869140625 0.0205078125
5 0.0986328125 0.2470703125 0.068359375 0.0185546875
5 0.0751953125 0.3134765625 0.12158203125 0.02197265625
5 0.10498046875 0.36572265625 0.05859375 0.0185546875
5 0.11767578125 0.416015625 0.02978515625 0.01708984375
5 0.1142578125 0.46875 0.037109375 0.01708984375
5 0.103515625 0.5185546875 0.05859375 0.0185546875
5 0.10986328125 0.56884765625 0.0458984375 0.0205078125
5 0.09228515625 0.63671875 0.08154296875 0.0205078125
5 0.1064453125 0.6875 0.0498046875 0.0205078125
5 0.07666015625 0.73876953125 0.10986328125 0.01708984375
5 0.080078125 0.79052734375 0.10302734375 0.0185546875
5 0.61767578125 0.02783203125 0.15869140625 0.025390625
5 0.61767578125 0.06884765625 0.06982421875 0.0185546875
5 0.6171875 0.11962890625 0.068359375 0.0185546875
5 0.61376953125 0.1748046875 0.08154296875 0.0205078125
5 0.62939453125 0.2255859375 0.0498046875 0.0205078125
5 0.60986328125 0.29638671875 0.1513671875 0.02197265625
5 0.6337890625 0.33349609375 0.04150390625 0.0185546875
5 0.609375 0.3896484375 0.08984375 0.02197265625
5 0.6201171875 0.44580078125 0.068359375 0.0185546875
5 0.59423828125 0.50341796875 0.1142578125 0.02197265625
5 0.59521484375 0.5576171875 0.11279296875 0.02197265625
5 0.59716796875 0.603515625 0.10595703125 0.0185546875
5 0.61376953125 0.7001953125 0.15869140625 0.02197265625
5 0.62158203125 0.73095703125 0.06005859375 0.0185546875
5 0.634765625 0.78173828125 0.02978515625 0.0185546875
5 0.63134765625 0.8330078125 0.037109375 0.0185546875
5 0.62060546875 0.8837890625 0.05859375 0.0185546875
5 0.626953125 0.9345703125 0.0458984375 0.0185546875
4 0.2734375 0.02978515625 0.26416015625 0.02880859375
2 0.27294921875 0.08056640625 0.265625 0.02880859375
4 0.27294921875 0.130859375 0.2626953125 0.02734375
4 0.2734375 0.19970703125 0.26416015625 0.02880859375
4 0.2734375 0.24951171875 0.26416015625 0.02734375
4 0.27294921875 0.318359375 0.265625 0.02880859375
4 0.27294921875 0.36865234375 0.265625 0.02734375
4 0.2734375 0.41943359375 0.26416015625 0.02734375
2 0.27294921875 0.46923828125 0.2626953125 0.025390625
2 0.3564453125 0.5732421875 0.0986328125 0.025390625
2 0.17724609375 0.63916015625 0.0712890625 0.025390625
2 0.2626953125 0.63916015625 0.0712890625 0.025390625
2 0.34912109375 0.64013671875 0.07275390625 0.02392578125
2 0.2626953125 0.68994140625 0.24560546875 0.025390625
2 0.2880859375 0.7412109375 0.2958984375 0.025390625
2 0.87353515625 0.93896484375 0.0986328125 0.02392578125
2 0.79052734375 0.83447265625 0.26416015625 0.025390625
2 0.806640625 0.5595703125 0.2958984375 0.025390625
2 0.69873046875 0.17724609375 0.0712890625 0.025390625
2 0.78515625 0.17724609375 0.07275390625 0.025390625
2 0.87158203125 0.1767578125 0.0712890625 0.02392578125
2 0.78515625 0.228515625 0.244140625 0.025390625
4 0.1728515625 0.52099609375 0.06298828125 0.02734375
4 0.20703125 0.572265625 0.13427734375 0.02734375
4 0.2734375 0.79296875 0.26416015625 0.02734375
4 0.79345703125 0.07470703125 0.26416015625 0.02734375
4 0.79345703125 0.125 0.26416015625 0.02880859375
4 0.79345703125 0.337890625 0.26416015625 0.02734375
4 0.79443359375 0.39306640625 0.2626953125 0.02880859375
4 0.79443359375 0.4482421875 0.2626953125 0.02734375
4 0.79296875 0.5078125 0.2626953125 0.02734375
4 0.7890625 0.60791015625 0.26416015625 0.02734375
4 0.79052734375 0.7333984375 0.26416015625 0.02734375
4 0.79052734375 0.78515625 0.26416015625 0.02880859375
4 0.68994140625 0.88720703125 0.06298828125 0.02880859375
4 0.72509765625 0.93798828125 0.1328125 0.02880859375
4 0.244140625 0.52197265625 0.06005859375 0.025390625
3 0.2890625 0.5732421875 0.015625 0.0185546875
3 0.40087890625 0.64013671875 0.015625 0.0205078125
3 0.39990234375 0.69091796875 0.01708984375 0.0205078125
3 0.44921875 0.7412109375 0.0185546875 0.0185546875
0 0.92138671875 0.17724609375 0.01416015625 0.0185546875
0 0.92236328125 0.228515625 0.015625 0.0185546875
0 0.96875 0.5595703125 0.01708984375 0.0185546875
4 0.7626953125 0.88818359375 0.06005859375 0.02734375
3 0.806640625 0.93798828125 0.015625 0.02197265625