5 0.29248046875 0.0869140625 0.51318359375 0.0322265625
5 0.13623046875 0.1337890625 0.19189453125 0.0166015625
5 0.240234375 0.22802734375 0.41064453125 0.02197265625
5 0.1328125 0.32177734375 0.193359375 0.0205078125
5 0.11474609375 0.42236328125 0.1572265625 0.01953125
5 0.1953125 0.4462890625 0.31884765625 0.02197265625
5 0.1640625 0.49169921875 0.26123046875 0.021484375
5 0.298828125 0.5986328125 0.5361328125 0.02685546875
5 0.11328125 0.65771484375 0.1572265625 0.0185546875
5 0.080078125 0.7646484375 0.0908203125 0.021484375
5 0.083984375 0.8701171875 0.09619140625 0.01708984375
2 0.498046875 0.9033203125 0.91845703125 0.03955078125
4 0.49951171875 0.7958984375 0.9267578125 0.0400390625
4 0.17333984375 0.68994140625 0.27197265625 0.041015625
4 0.49951171875 0.5244140625 0.9267578125 0.04248046875
4 0.49951171875 0.166015625 0.9267578125 0.04052734375
4 0.5 0.259765625 0.92529296875 0.04052734375
4 0.49951171875 0.35400390625 0.923828125 0.03955078125