1 0.08251953125 0.84765625 0.0380859375 0.06640625
1 0.3515625 0.84765625 0.03515625 0.064453125
1 0.3515625 0.716796875 0.03515625 0.06640625
1 0.08251953125 0.71533203125 0.0380859375 0.0634765625
6 0.5537109375 0.71240234375 0.046875 0.0712890625
6 0.5546875 0.84716796875 0.044921875 0.0712890625
6 0.82470703125 0.708984375 0.0419921875 0.0703125
6 0.82373046875 0.84619140625 0.0439453125 0.0693359375
1 0.07958984375 0.97607421875 0.0302734375 0.0439453125
1 0.34814453125 0.9775390625 0.0283203125 0.044921875
6 0.55029296875 0.9736328125 0.0380859375 0.052734375
6 0.8212890625 0.97412109375 0.041015625 0.0517578125