6 0.0712890625 0.42333984375 0.0859375 0.0908203125
6 0.07373046875 0.5400390625 0.0791015625 0.08984375
6 0.07177734375 0.658203125 0.0830078125 0.08984375
6 0.07275390625 0.77734375 0.0849609375 0.087890625
5 0.29345703125 0.267578125 0.5498046875 0.087890625
5 0.474609375 0.07861328125 0.908203125 0.0947265625
5 0.2109375 0.41650390625 0.14453125 0.0732421875
5 0.23486328125 0.53857421875 0.1943359375 0.0654296875
5 0.22021484375 0.6572265625 0.1787109375 0.068359375
5 0.22705078125 0.7783203125 0.1650390625 0.072265625
5 0.26708984375 0.92626953125 0.5107421875 0.0732421875