5 0.49609375 0.35546875 0.06396484375 0.02392578125
5 0.7216796875 0.35498046875 0.0625 0.02001953125
5 0.486328125 0.47265625 0.0439453125 0.0185546875
5 0.4912109375 0.58740234375 0.05126953125 0.021484375
5 0.4775390625 0.697265625 0.02978515625 0.02001953125
0 0.51806640625 0.83837890625 0.10498046875 0.04833984375
0 0.83203125 0.83935546875 0.099609375 0.04833984375
4 0.56103515625 0.74169921875 0.2001953125 0.05810546875
4 0.67333984375 0.63134765625 0.4169921875 0.04736328125
4 0.56005859375 0.51513671875 0.19384765625 0.0498046875
4 0.56103515625 0.39892578125 0.1943359375 0.04833984375
4 0.7861328125 0.3994140625 0.1904296875 0.0458984375