1 0.94775390625 0.1650390625 0.0380859375 0.025390625
1 0.94873046875 0.23583984375 0.0380859375 0.0263671875
1 0.94775390625 0.30322265625 0.0380859375 0.0263671875
1 0.0517578125 0.37255859375 0.0390625 0.0244140625
5 0.2275390625 0.1650390625 0.3984375 0.03125
5 0.30126953125 0.23095703125 0.4443359375 0.0400390625
5 0.357421875 0.298828125 0.541015625 0.029296875
5 0.42236328125 0.369140625 0.5576171875 0.03515625
5 0.10693359375 0.44091796875 0.1728515625 0.0341796875
5 0.10791015625 0.51171875 0.1650390625 0.03515625
5 0.16845703125 0.58740234375 0.1689453125 0.0341796875
3 0.05078125 0.2353515625 0.044921875 0.02734375
3 0.04931640625 0.3037109375 0.0419921875 0.029296875
3 0.10693359375 0.369140625 0.0400390625 0.033203125
3 0.0517578125 0.587890625 0.044921875 0.029296875
3 0.94580078125 0.5166015625 0.0654296875 0.05078125