3 0.03173828125 0.044921875 0.04150390625 0.06298828125
3 0.02783203125 0.19091796875 0.0244140625 0.044921875
3 0.0263671875 0.3037109375 0.02783203125 0.0498046875
3 0.0263671875 0.416015625 0.0244140625 0.052734375
3 0.02783203125 0.52392578125 0.03369140625 0.06298828125
3 0.02392578125 0.6357421875 0.0263671875 0.03955078125
3 0.025390625 0.75146484375 0.029296875 0.0498046875
3 0.0224609375 0.8564453125 0.029296875 0.060546875
3 0.02783203125 0.96826171875 0.02783203125 0.05810546875
2 0.82373046875 0.04345703125 0.10595703125 0.06591796875
5 0.31982421875 0.0419921875 0.05224609375 0.04736328125
5 0.37841796875 0.044921875 0.04638671875 0.0419921875
5 0.53759765625 0.04736328125 0.06005859375 0.03173828125
5 0.61328125 0.0419921875 0.05712890625 0.0419921875
5 0.7109375 0.04736328125 0.05517578125 0.03173828125
5 0.4052734375 0.18408203125 0.20458984375 0.0419921875
5 0.34130859375 0.32373046875 0.0859375 0.03662109375
5 0.71484375 0.32373046875 0.0693359375 0.03173828125
5 0.36376953125 0.4619140625 0.1279296875 0.0341796875
5 0.3984375 0.794921875 0.138671875 0.03662109375
5 0.4228515625 0.86572265625 0.1875 0.03173828125
0 0.939453125 0.044921875 0.087890625 0.068359375
0 0.45458984375 0.05126953125 0.0751953125 0.05517578125
5 0.08447265625 0.18701171875 0.07080078125 0.0419921875
5 0.12451171875 0.416015625 0.1474609375 0.03662109375
5 0.1455078125 0.30126953125 0.189453125 0.03955078125
5 0.12158203125 0.52490234375 0.1416015625 0.03955078125
5 0.0869140625 0.63818359375 0.0693359375 0.03955078125
5 0.1220703125 0.97119140625 0.14013671875 0.0419921875
5 0.1298828125 0.74755859375 0.16162109375 0.0419921875
5 0.13916015625 0.8603515625 0.18017578125 0.04736328125
4 0.48828125 0.37890625 0.361328125 0.06298828125
4 0.84130859375 0.38037109375 0.31689453125 0.06591796875
1 0.31298828125 0.791015625 0.01708984375 0.02880859375
1 0.3125 0.86181640625 0.0185546875 0.02880859375