6 0.09765625 0.2939453125 0.044921875 0.046875
6 0.0986328125 0.65087890625 0.048828125 0.0478515625
6 0.099609375 0.21533203125 0.037109375 0.0419921875
6 0.09912109375 0.3720703125 0.0400390625 0.04296875
6 0.10205078125 0.5693359375 0.0419921875 0.04296875
6 0.10009765625 0.73193359375 0.0380859375 0.0458984375
5 0.12109375 0.1396484375 0.064453125 0.041015625
5 0.17919921875 0.2197265625 0.0693359375 0.046875
5 0.16845703125 0.29248046875 0.0595703125 0.0400390625
5 0.177734375 0.37744140625 0.0703125 0.0498046875
5 0.22265625 0.57421875 0.1640625 0.04296875
5 0.1962890625 0.6533203125 0.111328125 0.05078125
5 0.1982421875 0.73046875 0.1015625 0.05078125