2 0.513671875 0.3017578125 0.30078125 0.07568359375
4 0.513671875 0.53076171875 0.30078125 0.07568359375
5 0.39111328125 0.2265625 0.0654296875 0.04833984375
5 0.404296875 0.45947265625 0.0859375 0.0458984375
5 0.4130859375 0.71435546875 0.052734375 0.04296875
5 0.4111328125 0.79638671875 0.05078125 0.056640625
5 0.41162109375 0.87744140625 0.0498046875 0.03515625
5 0.57275390625 0.87744140625 0.0576171875 0.0458984375
5 0.5712890625 0.78955078125 0.0546875 0.05908203125
5 0.57080078125 0.70751953125 0.0517578125 0.05126953125
6 0.53125 0.70361328125 0.01953125 0.0537109375
6 0.53173828125 0.787109375 0.0205078125 0.0537109375
6 0.53173828125 0.87451171875 0.0205078125 0.056640625
1 0.37109375 0.70751953125 0.017578125 0.05126953125
1 0.37158203125 0.78955078125 0.0185546875 0.0537109375
1 0.37109375 0.87353515625 0.017578125 0.04833984375
0 0.76904296875 0.90966796875 0.1240234375 0.08349609375
0 0.900390625 0.9111328125 0.12109375 0.0810546875
7 0.8837890625 0.3759765625 0.037109375 0.05126953125
5 0.7802734375 0.3798828125 0.150390625 0.0537109375
3 0.72216796875 0.74951171875 0.0224609375 0.0537109375
3 0.763671875 0.75048828125 0.015625 0.0673828125
3 0.8056640625 0.7451171875 0.021484375 0.05126953125
3 0.90478515625 0.05810546875 0.0244140625 0.0673828125
3 0.93994140625 0.0537109375 0.0224609375 0.05908203125
3 0.978515625 0.05810546875 0.015625 0.0673828125
3 0.052734375 0.056640625 0.01953125 0.0703125
5 0.1650390625 0.06201171875 0.04296875 0.0537109375
5 0.236328125 0.06201171875 0.03515625 0.04833984375
5 0.31787109375 0.060546875 0.0576171875 0.05126953125
5 0.396484375 0.0634765625 0.033203125 0.05126953125
3 0.13232421875 0.05810546875 0.0166015625 0.0458984375
3 0.2060546875 0.05517578125 0.01953125 0.05126953125
3 0.2744140625 0.056640625 0.015625 0.05908203125
3 0.36572265625 0.05810546875 0.0185546875 0.0458984375
3 0.27587890625 0.72900390625 0.0029296875 0.00830078125
5 0.91845703125 0.37451171875 0.0205078125 0.0322265625
5 0.73388671875 0.56591796875 0.0361328125 0.04833984375
5 0.791015625 0.57275390625 0.037109375 0.0458984375
5 0.86474609375 0.56884765625 0.0673828125 0.04833984375
5 0.943359375 0.5703125 0.04296875 0.0458984375
5 0.080078125 0.05810546875 0.029296875 0.04052734375