6 0.095703125 0.619140625 0.048828125 0.111328125
1 0.044921875 0.4150390625 0.037109375 0.076171875
3 0.04248046875 0.20458984375 0.0537109375 0.1142578125
5 0.1142578125 0.21630859375 0.0703125 0.0791015625
5 0.13818359375 0.421875 0.1220703125 0.08203125
5 0.22021484375 0.626953125 0.1611328125 0.072265625
5 0.80517578125 0.42724609375 0.3427734375 0.0810546875
5 0.72607421875 0.65576171875 0.1884765625 0.0830078125
5 0.744140625 0.89111328125 0.2109375 0.0712890625
3 0.6015625 0.421875 0.04296875 0.103515625
3 0.60400390625 0.65380859375 0.0419921875 0.0986328125
3 0.6005859375 0.8857421875 0.046875 0.099609375
3 0.04736328125 0.826171875 0.0380859375 0.05078125
3 0.09423828125 0.8232421875 0.0517578125 0.111328125
5 0.18994140625 0.83203125 0.1142578125 0.083984375
3 0.595703125 0.19970703125 0.052734375 0.0400390625
6 0.81103515625 0.1982421875 0.0458984375 0.103515625
5 0.91455078125 0.1923828125 0.1435546875 0.064453125