4 0.23388671875 0.03271484375 0.12109375 0.03857421875
3 0.8759765625 0.03076171875 0.02099609375 0.03857421875
3 0.8994140625 0.03076171875 0.0234375 0.03857421875
3 0.9794921875 0.03271484375 0.02099609375 0.04150390625
5 0.93408203125 0.02978515625 0.03662109375 0.02978515625
3 0.1865234375 0.03173828125 0.01123046875 0.0234375
3 0.158203125 0.033203125 0.0146484375 0.0234375
3 0.015625 0.16162109375 0.0087890625 0.02001953125
3 0.0146484375 0.12353515625 0.01123046875 0.0166015625
3 0.01513671875 0.2392578125 0.01220703125 0.0185546875
3 0.0146484375 0.27734375 0.01123046875 0.02490234375
3 0.015625 0.31591796875 0.015625 0.0185546875
3 0.0166015625 0.35498046875 0.01123046875 0.02001953125
3 0.01513671875 0.392578125 0.01220703125 0.021484375
3 0.01513671875 0.46826171875 0.01220703125 0.02001953125
3 0.015625 0.5439453125 0.01318359375 0.0185546875