5 0.1806640625 0.271484375 0.0537109375 0.02685546875
4 0.1787109375 0.33349609375 0.15771484375 0.033203125
4 0.17919921875 0.3740234375 0.15625 0.03515625
4 0.17822265625 0.6435546875 0.15625 0.03662109375
4 0.1787109375 0.68310546875 0.15771484375 0.033203125
4 0.17822265625 0.72607421875 0.15625 0.03173828125
4 0.8076171875 0.5341796875 0.15771484375 0.03173828125
4 0.8076171875 0.58349609375 0.15771484375 0.033203125
4 0.806640625 0.63330078125 0.15625 0.033203125
5 0.6748046875 0.5341796875 0.0400390625 0.03173828125
5 0.67236328125 0.58349609375 0.02978515625 0.02685546875
5 0.68115234375 0.63427734375 0.04736328125 0.0283203125
5 0.380859375 0.63427734375 0.03369140625 0.0185546875
5 0.38623046875 0.677734375 0.04248046875 0.0185546875
5 0.3857421875 0.71826171875 0.04638671875 0.02001953125
5 0.3779296875 0.7666015625 0.02880859375 0.0234375
0 0.17919921875 0.431640625 0.15869140625 0.03662109375
0 0.17822265625 0.78564453125 0.15625 0.03515625
0 0.41357421875 0.533203125 0.09521484375 0.033203125
0 0.52001953125 0.5341796875 0.09521484375 0.03515625
0 0.41357421875 0.58349609375 0.09521484375 0.033203125
0 0.51953125 0.583984375 0.09375 0.03515625
6 0.47314453125 0.63330078125 0.07861328125 0.033203125
6 0.55126953125 0.63330078125 0.07763671875 0.033203125
1 0.4404296875 0.6748046875 0.013671875 0.0166015625
1 0.45947265625 0.6748046875 0.013671875 0.0166015625
1 0.4775390625 0.67431640625 0.01513671875 0.0185546875
2 0.51318359375 0.716796875 0.15625 0.033203125
2 0.51318359375 0.7666015625 0.15625 0.033203125
0 0.5126953125 0.86328125 0.15478515625 0.033203125
0 0.51318359375 0.8310546875 0.15625 0.0283203125
0 0.513671875 0.80078125 0.15478515625 0.03173828125