5 0.31982421875 0.3154296875 0.0869140625 0.0302734375
5 0.31884765625 0.43310546875 0.08251953125 0.02490234375
5 0.63232421875 0.3154296875 0.08349609375 0.0302734375
5 0.61767578125 0.42822265625 0.0517578125 0.0302734375
5 0.6181640625 0.5478515625 0.06005859375 0.03173828125
5 0.32666015625 0.5478515625 0.09521484375 0.02490234375
5 0.6064453125 0.66259765625 0.03173828125 0.0283203125
5 0.337890625 0.6669921875 0.11279296875 0.0263671875
5 0.31787109375 0.81103515625 0.07275390625 0.02490234375
5 0.65869140625 0.8125 0.13623046875 0.02490234375
6 0.6005859375 0.5849609375 0.017578125 0.02490234375
6 0.6884765625 0.583984375 0.01904296875 0.0263671875
5 0.63623046875 0.5849609375 0.04931640625 0.03173828125
5 0.73388671875 0.58642578125 0.0634765625 0.03173828125
0 0.79345703125 0.98388671875 0.19189453125 0.03173828125