3 0.939453125 0.04052734375 0.01611328125 0.0478515625
3 0.978515625 0.04052734375 0.0146484375 0.044921875
3 0.1806640625 0.224609375 0.01904296875 0.0576171875
3 0.169921875 0.0439453125 0.01806640625 0.0322265625
3 0.18701171875 0.74853515625 0.0224609375 0.0546875
3 0.37890625 0.74951171875 0.02294921875 0.064453125
3 0.38525390625 0.2236328125 0.03173828125 0.04638671875
3 0.58203125 0.22265625 0.0283203125 0.044921875
3 0.77734375 0.2275390625 0.0263671875 0.0546875
3 0.9765625 0.2333984375 0.025390625 0.07958984375
3 0.9755859375 0.74462890625 0.03076171875 0.06298828125
3 0.7763671875 0.74365234375 0.02783203125 0.0673828125
3 0.58056640625 0.74951171875 0.03173828125 0.064453125
3 0.1435546875 0.037109375 0.0185546875 0.04052734375
3 0.0166015625 0.13525390625 0.013671875 0.0322265625
3 0.0185546875 0.1904296875 0.01708984375 0.03076171875
3 0.017578125 0.24365234375 0.01904296875 0.0419921875
3 0.01708984375 0.30029296875 0.015625 0.03759765625
3 0.0166015625 0.35693359375 0.013671875 0.02783203125
3 0.01611328125 0.4111328125 0.01123046875 0.0263671875
3 0.017578125 0.46337890625 0.017578125 0.03076171875
3 0.01708984375 0.51953125 0.01513671875 0.03076171875
3 0.01513671875 0.57275390625 0.01611328125 0.02783203125
3 0.017578125 0.6279296875 0.017578125 0.029296875
3 0.017578125 0.68115234375 0.0146484375 0.03515625
3 0.01513671875 0.73388671875 0.0126953125 0.0419921875
3 0.017578125 0.7919921875 0.01513671875 0.03759765625
3 0.02978515625 0.849609375 0.0185546875 0.04052734375
3 0.02685546875 0.8984375 0.01611328125 0.04345703125
3 0.029296875 0.9521484375 0.01611328125 0.0419921875