1 0.060546875 0.2841796875 0.03515625 0.06640625
1 0.06103515625 0.41455078125 0.0419921875 0.0673828125
1 0.0615234375 0.546875 0.041015625 0.064453125
1 0.06005859375 0.802734375 0.0400390625 0.056640625
1 0.0615234375 0.673828125 0.0390625 0.0625
1 0.57080078125 0.28515625 0.0380859375 0.068359375
1 0.57080078125 0.41357421875 0.0400390625 0.0654296875
1 0.5712890625 0.544921875 0.0390625 0.05859375
1 0.57080078125 0.6748046875 0.0380859375 0.0625
1 0.572265625 0.8056640625 0.037109375 0.060546875
3 0.05126953125 0.12548828125 0.0361328125 0.0537109375
3 0.43310546875 0.12255859375 0.0341796875 0.0556640625
3 0.56396484375 0.1220703125 0.0263671875 0.05078125
3 0.9404296875 0.1240234375 0.03125 0.052734375
5 0.2451171875 0.12451171875 0.07421875 0.0478515625
5 0.75244140625 0.125 0.0771484375 0.052734375
5 0.171875 0.2841796875 0.16796875 0.052734375
5 0.1748046875 0.41552734375 0.16015625 0.0556640625
5 0.17138671875 0.54638671875 0.1552734375 0.0458984375
5 0.17431640625 0.6748046875 0.1552734375 0.04296875
5 0.17529296875 0.80517578125 0.1630859375 0.0478515625
5 0.685546875 0.283203125 0.173828125 0.05078125
5 0.68408203125 0.416015625 0.1591796875 0.05078125
5 0.68115234375 0.54638671875 0.1591796875 0.0400390625
5 0.6845703125 0.6796875 0.16015625 0.056640625
5 0.6865234375 0.806640625 0.16015625 0.064453125