6 0.62255859375 0.09765625 0.0791015625 0.10546875
6 0.6220703125 0.234375 0.076171875 0.10546875
6 0.62451171875 0.36767578125 0.0712890625 0.1044921875
6 0.6240234375 0.50537109375 0.078125 0.1201171875
6 0.625 0.642578125 0.076171875 0.111328125
6 0.62451171875 0.78271484375 0.0751953125 0.1064453125
6 0.62353515625 0.9228515625 0.0732421875 0.111328125
1 0.05126953125 0.9208984375 0.0791015625 0.11328125
1 0.05126953125 0.7822265625 0.0791015625 0.111328125
1 0.0517578125 0.64453125 0.080078125 0.111328125
1 0.0517578125 0.50830078125 0.080078125 0.1083984375
1 0.052734375 0.37158203125 0.078125 0.1064453125
1 0.0517578125 0.23095703125 0.078125 0.1083984375
1 0.05078125 0.09716796875 0.076171875 0.1103515625