5 0.5 0.08447265625 0.431640625 0.12109375
5 0.06005859375 0.6005859375 0.0546875 0.07421875
5 0.1806640625 0.6044921875 0.04296875 0.06591796875
5 0.1796875 0.74560546875 0.04443359375 0.06787109375
5 0.05029296875 0.890625 0.03955078125 0.0517578125
5 0.18408203125 0.89208984375 0.05810546875 0.06787109375
5 0.060546875 0.48828125 0.05615234375 0.04736328125
5 0.18408203125 0.48974609375 0.04541015625 0.05029296875
5 0.337890625 0.49072265625 0.0673828125 0.0517578125
1 0.314453125 0.6015625 0.01708984375 0.04736328125
1 0.31396484375 0.744140625 0.01611328125 0.048828125
1 0.314453125 0.8857421875 0.015625 0.048828125
3 0.82861328125 0.6142578125 0.017578125 0.072265625
3 0.87353515625 0.6064453125 0.01953125 0.07861328125
3 0.82763671875 0.744140625 0.01806640625 0.0771484375
3 0.876953125 0.748046875 0.0244140625 0.072265625
3 0.91796875 0.6064453125 0.021484375 0.0693359375
3 0.958984375 0.6025390625 0.015625 0.07080078125
3 0.919921875 0.7490234375 0.0205078125 0.05517578125
3 0.95751953125 0.74951171875 0.0185546875 0.06005859375
3 0.82958984375 0.8896484375 0.01708984375 0.06298828125
3 0.8759765625 0.8935546875 0.01953125 0.0615234375
3 0.91943359375 0.89208984375 0.02197265625 0.05810546875
3 0.9580078125 0.88818359375 0.01708984375 0.06005859375