6 0.1220703125 0.197265625 0.056640625 0.03515625
6 0.1240234375 0.24658203125 0.052734375 0.0361328125
1 0.12353515625 0.32373046875 0.0537109375 0.0361328125
4 0.388671875 0.44677734375 0.451171875 0.0654296875
4 0.39013671875 0.57373046875 0.4599609375 0.0654296875
4 0.390625 0.70166015625 0.45703125 0.0673828125
4 0.39111328125 0.83154296875 0.4580078125 0.0615234375
3 0.8115234375 0.44384765625 0.0546875 0.0498046875
3 0.91650390625 0.443359375 0.0556640625 0.0546875
3 0.9365234375 0.04931640625 0.05078125 0.0380859375
3 0.814453125 0.57421875 0.048828125 0.052734375
3 0.91796875 0.57666015625 0.056640625 0.0478515625
3 0.81005859375 0.70361328125 0.0595703125 0.0478515625
3 0.91748046875 0.7021484375 0.0556640625 0.044921875
3 0.8095703125 0.8291015625 0.048828125 0.044921875
3 0.9169921875 0.830078125 0.048828125 0.044921875