2 0.5 0.05517578125 1 0.1103515625
2 0.83935546875 0.42431640625 0.2763671875 0.0634765625
2 0.84130859375 0.5068359375 0.2783203125 0.064453125
2 0.83984375 0.79541015625 0.28125 0.0654296875
7 0.9423828125 0.92041015625 0.078125 0.0556640625
4 0.8408203125 0.70947265625 0.2734375 0.0576171875
5 0.44970703125 0.92431640625 0.0771484375 0.0322265625
5 0.4873046875 0.7998046875 0.1484375 0.04296875
5 0.455078125 0.71484375 0.08203125 0.03515625
5 0.4482421875 0.4287109375 0.0703125 0.03125
5 0.443359375 0.50732421875 0.064453125 0.0322265625
5 0.47509765625 0.32177734375 0.1123046875 0.0361328125
5 0.61865234375 0.322265625 0.1025390625 0.037109375
5 0.744140625 0.32275390625 0.060546875 0.0400390625
5 0.55419921875 0.248046875 0.2763671875 0.04296875