0 0.1240234375 0.94384765625 0.2294921875 0.0927734375
0 0.376953125 0.94189453125 0.2294921875 0.09619140625
5 0.64990234375 0.3408203125 0.2216796875 0.02587890625
5 0.5634765625 0.38671875 0.04541015625 0.01953125
5 0.5537109375 0.4609375 0.0263671875 0.01806640625
5 0.57373046875 0.5361328125 0.0615234375 0.01806640625
5 0.56591796875 0.61328125 0.0556640625 0.01611328125
5 0.8974609375 0.61083984375 0.06982421875 0.02099609375
5 0.57861328125 0.68701171875 0.07763671875 0.01953125
5 0.6240234375 0.787109375 0.134765625 0.0244140625
5 0.58349609375 0.82470703125 0.0810546875 0.02099609375
0 0.59912109375 0.92919921875 0.11376953125 0.041015625
0 0.673828125 0.9296875 0.03564453125 0.04248046875
4 0.75537109375 0.41455078125 0.4248046875 0.03271484375
4 0.755859375 0.48876953125 0.42431640625 0.03076171875
4 0.75537109375 0.564453125 0.42333984375 0.0361328125
4 0.69775390625 0.64013671875 0.3095703125 0.03759765625
4 0.9150390625 0.6396484375 0.103515625 0.0361328125
4 0.75537109375 0.712890625 0.42138671875 0.0390625
4 0.75537109375 0.865234375 0.42138671875 0.05712890625