1 0.36767578125 0.55517578125 0.0439453125 0.1083984375
1 0.5458984375 0.55322265625 0.046875 0.1123046875
1 0.36767578125 0.677734375 0.0419921875 0.1015625
1 0.36865234375 0.80224609375 0.0419921875 0.1044921875
1 0.54638671875 0.67724609375 0.0400390625 0.1025390625
1 0.546875 0.80078125 0.04296875 0.103515625
5 0.4443359375 0.5537109375 0.09375 0.05859375
5 0.443359375 0.67529296875 0.087890625 0.0556640625
5 0.62353515625 0.55322265625 0.0927734375 0.0595703125
5 0.61279296875 0.67578125 0.0751953125 0.0546875
5 0.43701171875 0.796875 0.0810546875 0.056640625
5 0.62158203125 0.7978515625 0.0947265625 0.056640625