0 0.76220703125 0.05908203125 0.0859375 0.0302734375
0 0.8564453125 0.06005859375 0.0859375 0.03173828125
0 0.04443359375 0.5380859375 0.05859375 0.02880859375
5 0.0419921875 0.1298828125 0.06494140625 0.01318359375
5 0.04150390625 0.19482421875 0.06005859375 0.01611328125
5 0.0361328125 0.26318359375 0.046875 0.0146484375
5 0.037109375 0.3310546875 0.04931640625 0.01806640625
5 0.0517578125 0.40478515625 0.078125 0.01708984375
4 0.08203125 0.361328125 0.134765625 0.03125
4 0.08203125 0.29443359375 0.1337890625 0.02978515625
4 0.08203125 0.2255859375 0.13330078125 0.0302734375
4 0.08203125 0.158203125 0.134765625 0.02978515625
4 0.58251953125 0.2470703125 0.462890625 0.0380859375
4 0.58251953125 0.40576171875 0.46240234375 0.0400390625
4 0.462890625 0.4619140625 0.22265625 0.03857421875
4 0.5830078125 0.62451171875 0.4619140625 0.03857421875
4 0.4619140625 0.69873046875 0.22265625 0.03857421875
4 0.70166015625 0.69970703125 0.22314453125 0.03857421875
4 0.4619140625 0.7734375 0.22265625 0.03857421875
5 0.60595703125 0.7724609375 0.037109375 0.01806640625
5 0.6748046875 0.7724609375 0.0224609375 0.01171875
5 0.75830078125 0.77294921875 0.03271484375 0.0126953125
5 0.3701171875 0.7392578125 0.04052734375 0.015625
5 0.39501953125 0.66259765625 0.09326171875 0.01416015625
5 0.61767578125 0.6630859375 0.060546875 0.0146484375
5 0.37939453125 0.5908203125 0.06298828125 0.01708984375
5 0.36865234375 0.37158203125 0.0400390625 0.01318359375
5 0.37255859375 0.21240234375 0.04345703125 0.01171875
5 0.4013671875 0.17626953125 0.10302734375 0.01806640625
3 0.92626953125 0.060546875 0.009765625 0.01708984375
3 0.77099609375 0.17724609375 0.015625 0.01708984375
3 0.787109375 0.1767578125 0.015625 0.01953125
3 0.80810546875 0.177734375 0.0146484375 0.01611328125
3 0.80810546875 0.5546875 0.01708984375 0.01806640625
6 0.72802734375 0.7734375 0.02099609375 0.025390625
6 0.6494140625 0.7734375 0.02001953125 0.02392578125
2 0.70263671875 0.4609375 0.22314453125 0.03857421875
3 0.77099609375 0.55517578125 0.01318359375 0.01708984375
3 0.787109375 0.55419921875 0.01318359375 0.01708984375
3 0.7919921875 0.33642578125 0.01416015625 0.01708984375
3 0.80810546875 0.33642578125 0.01416015625 0.01708984375