5 0.06689453125 0.1357421875 0.07958984375 0.0244140625
5 0.0927734375 0.25439453125 0.13671875 0.0244140625
5 0.10888671875 0.37451171875 0.1796875 0.0224609375
5 0.119140625 0.49267578125 0.18115234375 0.02783203125
5 0.1845703125 0.6103515625 0.3310546875 0.02783203125
5 0.0966796875 0.77587890625 0.15283203125 0.02099609375
5 0.1162109375 0.8984375 0.20263671875 0.02099609375
4 0.26025390625 0.18310546875 0.45263671875 0.05322265625
4 0.73828125 0.1845703125 0.45263671875 0.0556640625
4 0.498046875 0.30322265625 0.93115234375 0.05126953125
4 0.50048828125 0.42236328125 0.93359375 0.0556640625
4 0.50048828125 0.54296875 0.93359375 0.0546875
4 0.49951171875 0.681640625 0.93115234375 0.09228515625
4 0.498046875 0.826171875 0.92822265625 0.0498046875
4 0.50146484375 0.94677734375 0.9296875 0.05322265625