5 0.7099609375 0.12060546875 0.041015625 0.0341796875
5 0.818359375 0.12060546875 0.037109375 0.0263671875
5 0.662109375 0.2197265625 0.06640625 0.0341796875
5 0.34375 0.2236328125 0.0703125 0.0302734375
5 0.28515625 0.29443359375 0.150390625 0.04638671875
5 0.3623046875 0.54833984375 0.302734375 0.04052734375
5 0.3544921875 0.8642578125 0.29296875 0.03662109375
4 0.51708984375 0.37841796875 0.5810546875 0.06884765625
4 0.515625 0.94140625 0.578125 0.06494140625
3 0.67041015625 0.12060546875 0.0244140625 0.03857421875
3 0.783203125 0.1162109375 0.021484375 0.0341796875
0 0.90966796875 0.12158203125 0.0888671875 0.056640625
3 0.98876953125 0.12060546875 0.0224609375 0.0341796875
3 0.9599609375 0.04150390625 0.013671875 0.04638671875