2 0.64208984375 0.20703125 0.3095703125 0.056640625
2 0.6416015625 0.66455078125 0.30859375 0.0576171875
4 0.64111328125 0.134765625 0.3095703125 0.056640625
4 0.64306640625 0.5244140625 0.3056640625 0.0546875
4 0.64306640625 0.73486328125 0.3037109375 0.0634765625
1 0.49658203125 0.80908203125 0.0166015625 0.0283203125
1 0.4951171875 0.87744140625 0.015625 0.0244140625
1 0.4970703125 0.59228515625 0.017578125 0.0263671875
5 0.52392578125 0.59375 0.0419921875 0.017578125
5 0.5263671875 0.81005859375 0.0390625 0.0205078125
5 0.52490234375 0.875 0.0400390625 0.0234375