5 0.5810546875 0.0830078125 0.10791015625 0.0400390625
5 0.5927734375 0.23486328125 0.1259765625 0.04248046875
5 0.59423828125 0.39453125 0.13427734375 0.04541015625
5 0.8173828125 0.39306640625 0.12744140625 0.03271484375
5 0.58154296875 0.5439453125 0.109375 0.0478515625
5 0.79931640625 0.548828125 0.08837890625 0.03759765625
5 0.5947265625 0.7021484375 0.1298828125 0.04248046875
5 0.5576171875 0.85546875 0.07177734375 0.0478515625
5 0.787109375 0.8603515625 0.0830078125 0.04248046875
0 0.1181640625 0.75244140625 0.15087890625 0.078125
4 0.748046875 0.14697265625 0.43701171875 0.07275390625
4 0.7490234375 0.30126953125 0.435546875 0.0751953125
4 0.63623046875 0.45849609375 0.21044921875 0.06787109375
4 0.8603515625 0.45458984375 0.212890625 0.0751953125
4 0.6357421875 0.609375 0.21142578125 0.07275390625
4 0.86181640625 0.61181640625 0.21044921875 0.07275390625
4 0.74951171875 0.76611328125 0.43408203125 0.0654296875
4 0.6357421875 0.92333984375 0.21142578125 0.07275390625
4 0.86181640625 0.9208984375 0.21044921875 0.06787109375