2 0.15673828125 0.11376953125 0.2490234375 0.1513671875
2 0.4375 0.115234375 0.259765625 0.158203125
7 0.19921875 0.2890625 0.18359375 0.140625
7 0.19677734375 0.43603515625 0.1982421875 0.1337890625
0 0.8466796875 0.8583984375 0.244140625 0.14453125
0 0.783203125 0.111328125 0.37890625 0.15234375
0 0.78076171875 0.298828125 0.3740234375 0.150390625
4 0.3759765625 0.8583984375 0.69140625 0.146484375
3 0.6455078125 0.4794921875 0.11328125 0.158203125
3 0.783203125 0.47998046875 0.115234375 0.1552734375
3 0.92236328125 0.478515625 0.1123046875 0.154296875
3 0.64794921875 0.66015625 0.1123046875 0.16015625
3 0.78369140625 0.66015625 0.1142578125 0.154296875
3 0.92333984375 0.65625 0.1123046875 0.15234375