5 0.43212890625 0.328125 0.79638671875 0.04345703125
5 0.1123046875 0.4677734375 0.1669921875 0.04345703125
5 0.0771484375 0.57470703125 0.10205078125 0.0341796875
5 0.30029296875 0.57958984375 0.1201171875 0.0322265625
5 0.1123046875 0.65576171875 0.15673828125 0.03759765625
5 0.2099609375 0.7939453125 0.3525390625 0.04541015625
4 0.27392578125 0.3818359375 0.47021484375 0.04931640625
4 0.14501953125 0.52099609375 0.2060546875 0.0546875
4 0.42578125 0.52099609375 0.318359375 0.05126953125
4 0.27392578125 0.7109375 0.47021484375 0.052734375
4 0.0966796875 0.8525390625 0.11474609375 0.052734375
4 0.26904296875 0.8515625 0.11474609375 0.05126953125
4 0.4501953125 0.8515625 0.13330078125 0.05126953125
5 0.4921875 0.97900390625 0.921875 0.04150390625