5 0.18212890625 0.0595703125 0.212890625 0.037109375
5 0.68359375 0.060546875 0.2021484375 0.04345703125
5 0.22607421875 0.390625 0.28759765625 0.0439453125
5 0.71923828125 0.3896484375 0.29541015625 0.0458984375
5 0.1572265625 0.69482421875 0.1611328125 0.04541015625
5 0.646484375 0.6923828125 0.17626953125 0.04052734375
0 0.14990234375 0.15576171875 0.14990234375 0.06396484375
0 0.34765625 0.15380859375 0.14453125 0.0615234375
0 0.15234375 0.2822265625 0.1484375 0.05859375
0 0.34814453125 0.283203125 0.1552734375 0.06689453125
0 0.64453125 0.15673828125 0.15087890625 0.05859375
0 0.84619140625 0.15576171875 0.15576171875 0.06396484375
0 0.64404296875 0.283203125 0.16015625 0.06689453125
0 0.845703125 0.28271484375 0.15869140625 0.0654296875
7 0.1123046875 0.49951171875 0.0771484375 0.0458984375
7 0.24609375 0.49951171875 0.0810546875 0.0546875
7 0.111328125 0.57080078125 0.07763671875 0.05078125
7 0.248046875 0.57177734375 0.0849609375 0.05322265625
7 0.60498046875 0.50048828125 0.07861328125 0.052734375
7 0.73681640625 0.50146484375 0.0927734375 0.05517578125
7 0.60498046875 0.5703125 0.08203125 0.05419921875
7 0.73681640625 0.57080078125 0.10107421875 0.05322265625