5 0.1982421875 0.404296875 0.31201171875 0.02783203125
5 0.09375 0.435546875 0.04248046875 0.021484375
5 0.1728515625 0.4365234375 0.0361328125 0.01953125
6 0.05908203125 0.4365234375 0.02734375 0.01953125
6 0.13916015625 0.4365234375 0.0244140625 0.01953125
5 0.10888671875 0.4912109375 0.12744140625 0.021484375
5 0.4482421875 0.4892578125 0.13330078125 0.021484375
5 0.1259765625 0.58642578125 0.16064453125 0.021484375
5 0.7607421875 0.58740234375 0.2421875 0.01953125
5 0.69384765625 0.6162109375 0.0361328125 0.01708984375
4 0.1953125 0.52783203125 0.2998046875 0.03466796875
4 0.53955078125 0.52783203125 0.296875 0.03466796875
4 0.32421875 0.62158203125 0.5517578125 0.0322265625
1 0.6591796875 0.61767578125 0.02099609375 0.01953125
0 0.50146484375 0.71337890625 0.384765625 0.0517578125