6 0.11865234375 0.41064453125 0.0419921875 0.0712890625
6 0.40478515625 0.4111328125 0.0263671875 0.048828125
6 0.216796875 0.41015625 0.03515625 0.0625
6 0.31298828125 0.4111328125 0.0322265625 0.05078125
6 0.134765625 0.810546875 0.029296875 0.044921875
6 0.42138671875 0.810546875 0.0185546875 0.025390625
6 0.33056640625 0.81103515625 0.0224609375 0.0302734375
6 0.234375 0.81005859375 0.021484375 0.0341796875
6 0.603515625 0.4091796875 0.02734375 0.04296875
6 0.70263671875 0.40966796875 0.0224609375 0.0361328125
6 0.79638671875 0.41064453125 0.0185546875 0.0302734375
6 0.88720703125 0.41015625 0.0205078125 0.02734375
1 0.60400390625 0.81298828125 0.0419921875 0.0693359375
6 0.70263671875 0.8134765625 0.0322265625 0.05859375
1 0.79736328125 0.8134765625 0.0302734375 0.052734375
1 0.8876953125 0.81298828125 0.02734375 0.0517578125