0 0.24267578125 0.34619140625 0.232421875 0.0712890625
4 0.4287109375 0.033203125 0.5576171875 0.0478515625
0 0.068359375 0.81884765625 0.1044921875 0.05126953125
0 0.75439453125 0.34619140625 0.23095703125 0.07080078125
0 0.9130859375 0.0322265625 0.08349609375 0.03759765625
0 0.49853515625 0.345703125 0.2333984375 0.07080078125
3 0.74462890625 0.03173828125 0.02392578125 0.02880859375
5 0.595703125 0.1396484375 0.05908203125 0.033203125
5 0.82568359375 0.0322265625 0.0556640625 0.02392578125
5 0.59130859375 0.09228515625 0.033203125 0.021484375
3 0.7294921875 0.091796875 0.0185546875 0.0244140625
3 0.56298828125 0.0927734375 0.017578125 0.0234375
5 0.49072265625 0.09228515625 0.0712890625 0.025390625
5 0.24560546875 0.8232421875 0.046875 0.0234375
0 0.00732421875 0.8203125 0.013671875 0.0478515625
3 0.0263671875 0.03369140625 0.02685546875 0.0390625
1 0.7890625 0.03173828125 0.01611328125 0.02197265625
5 0.38720703125 0.0927734375 0.0947265625 0.0263671875
5 0.3115234375 0.82275390625 0.0380859375 0.02490234375
5 0.6748046875 0.09228515625 0.0458984375 0.02001953125