1 0.1513671875 0.166015625 0.025390625 0.041015625
1 0.15673828125 0.26513671875 0.0302734375 0.0400390625
1 0.15673828125 0.3701171875 0.0302734375 0.041015625
1 0.15625 0.47802734375 0.029296875 0.0400390625
1 0.15576171875 0.5830078125 0.0302734375 0.0390625
1 0.15625 0.69091796875 0.03125 0.0341796875
0 0.2158203125 0.81982421875 0.140625 0.0810546875
0 0.34326171875 0.8212890625 0.1005859375 0.08203125
0 0.4716796875 0.81982421875 0.142578125 0.0791015625
5 0.23291015625 0.16943359375 0.1259765625 0.0439453125
5 0.22265625 0.27099609375 0.091796875 0.0478515625
5 0.2109375 0.37841796875 0.068359375 0.0498046875
5 0.25 0.48583984375 0.1484375 0.0419921875
5 0.2255859375 0.59130859375 0.09375 0.0478515625
5 0.251953125 0.69384765625 0.14453125 0.0517578125
5 0.71240234375 0.81982421875 0.3330078125 0.0576171875