5 0.15625 0.111328125 0.056640625 0.03369140625
5 0.15576171875 0.287109375 0.05419921875 0.02880859375
5 0.1435546875 0.4599609375 0.03125 0.03369140625
5 0.14990234375 0.63720703125 0.0400390625 0.03173828125
5 0.55322265625 0.63916015625 0.0546875 0.02880859375
5 0.55517578125 0.46337890625 0.05126953125 0.03173828125
5 0.54150390625 0.28564453125 0.0283203125 0.03369140625
5 0.54833984375 0.12255859375 0.04443359375 0.02587890625
4 0.3017578125 0.1826171875 0.34765625 0.0888671875
4 0.30078125 0.35546875 0.3466796875 0.091796875
4 0.30126953125 0.53662109375 0.34716796875 0.09375
4 0.30126953125 0.708984375 0.34375 0.08154296875
4 0.69921875 0.19287109375 0.3427734375 0.08056640625
4 0.69921875 0.36181640625 0.34619140625 0.08447265625
4 0.7001953125 0.53369140625 0.3466796875 0.08984375
4 0.69970703125 0.712890625 0.34619140625 0.0908203125