5 0.7890625 0.48486328125 0.11572265625 0.0224609375
4 0.8154296875 0.5341796875 0.1796875 0.0400390625
4 0.8154296875 0.59521484375 0.1787109375 0.04296875
0 0.76513671875 0.669921875 0.0771484375 0.0400390625
0 0.8662109375 0.6708984375 0.07958984375 0.04150390625
4 0.5927734375 0.330078125 0.06640625 0.0263671875
0 0.56298828125 0.72998046875 0.0537109375 0.0263671875
3 0.51611328125 0.2314453125 0.0087890625 0.01806640625
3 0.5625 0.23388671875 0.0107421875 0.01806640625
3 0.61181640625 0.23388671875 0.00927734375 0.01806640625
3 0.6259765625 0.19921875 0.0107421875 0.01806640625
3 0.5009765625 0.19775390625 0.01171875 0.0126953125
3 0.5966796875 0.4326171875 0.01953125 0.03173828125
3 0.595703125 0.47509765625 0.01953125 0.0361328125
3 0.595703125 0.51806640625 0.01953125 0.03076171875
3 0.5966796875 0.56201171875 0.01953125 0.03466796875
3 0.59619140625 0.60400390625 0.0205078125 0.033203125
3 0.59619140625 0.6474609375 0.0205078125 0.0361328125
3 0.59521484375 0.68798828125 0.0205078125 0.03173828125
3 0.61474609375 0.43310546875 0.0205078125 0.033203125
3 0.61572265625 0.4755859375 0.0205078125 0.03173828125
3 0.6162109375 0.5185546875 0.01953125 0.03466796875
3 0.6162109375 0.56103515625 0.0185546875 0.033203125
3 0.6162109375 0.60498046875 0.01806640625 0.03466796875
3 0.61572265625 0.646484375 0.0205078125 0.03466796875
3 0.61572265625 0.68896484375 0.0205078125 0.0361328125