5 0.50390625 0.73095703125 0.03955078125 0.0322265625
5 0.4970703125 0.85107421875 0.0234375 0.0322265625
0 0.52197265625 0.298828125 0.09228515625 0.044921875
0 0.52099609375 0.357421875 0.09375 0.04248046875
0 0.521484375 0.4140625 0.0947265625 0.044921875
0 0.52197265625 0.46923828125 0.09228515625 0.0439453125
0 0.62109375 0.46875 0.095703125 0.044921875
0 0.62060546875 0.41455078125 0.0927734375 0.044921875
0 0.62060546875 0.3583984375 0.09375 0.044921875
2 0.57568359375 0.77001953125 0.17529296875 0.0478515625
3 0.64013671875 0.8544921875 0.01611328125 0.02001953125
4 0.57568359375 0.8916015625 0.1767578125 0.04638671875