6 0.03515625 0.3310546875 0.025390625 0.056640625
6 0.29052734375 0.09521484375 0.0263671875 0.0517578125
6 0.169921875 0.59765625 0.025390625 0.056640625
6 0.32666015625 0.09423828125 0.0283203125 0.0517578125
6 0.037109375 0.396484375 0.029296875 0.048828125
6 0.037109375 0.458984375 0.029296875 0.05078125
6 0.03662109375 0.59814453125 0.0302734375 0.0517578125
6 0.06982421875 0.59765625 0.0263671875 0.046875
6 0.10400390625 0.59814453125 0.0302734375 0.0478515625
6 0.1337890625 0.59912109375 0.029296875 0.0537109375
6 0.20361328125 0.6005859375 0.0283203125 0.052734375
6 0.23583984375 0.59716796875 0.0302734375 0.0498046875
6 0.26806640625 0.59912109375 0.0263671875 0.0517578125
6 0.302734375 0.59716796875 0.029296875 0.0537109375