6 0.25 0.94580078125 0.01318359375 0.0263671875
0 0.27490234375 0.9443359375 0.02490234375 0.03857421875
0 0.67919921875 0.85986328125 0.13525390625 0.03515625
0 0.6787109375 0.93994140625 0.1337890625 0.04736328125
5 0.5673828125 0.8720703125 0.02587890625 0.0263671875
3 0.54638671875 0.87109375 0.01171875 0.03271484375
3 0.6220703125 0.7783203125 0.013671875 0.03369140625
3 0.68408203125 0.43505859375 0.00927734375 0.02490234375
3 0.62890625 0.462890625 0.01220703125 0.02392578125
3 0.734375 0.5439453125 0.01025390625 0.02490234375
4 0.68017578125 0.634765625 0.13623046875 0.052734375