2 0.79833984375 0.06689453125 0.32080078125 0.0771484375
4 0.39892578125 0.12890625 0.50732421875 0.0576171875
4 0.3984375 0.24609375 0.50830078125 0.05615234375
4 0.794921875 0.369140625 0.28662109375 0.06005859375
4 0.79443359375 0.6279296875 0.28564453125 0.06103515625
4 0.33251953125 0.8134765625 0.30419921875 0.06005859375
4 0.33349609375 0.95947265625 0.30419921875 0.06103515625
5 0.20849609375 0.912109375 0.06396484375 0.0244140625
5 0.19287109375 0.7626953125 0.0283203125 0.0244140625
5 0.677734375 0.580078125 0.05029296875 0.0244140625
5 0.69384765625 0.4658203125 0.08447265625 0.02587890625
5 0.69189453125 0.32275390625 0.08251953125 0.0283203125
5 0.17236328125 0.03955078125 0.12841796875 0.02587890625
0 0.16650390625 0.34765625 0.13818359375 0.04150390625
2 0.7958984375 0.77490234375 0.32177734375 0.08544921875
1 0.6611328125 0.86181640625 0.0244140625 0.029296875
5 0.77685546875 0.85693359375 0.203125 0.029296875
3 0.3740234375 0.6591796875 0.015625 0.0185546875
3 0.5009765625 0.8720703125 0.0166015625 0.02099609375
3 0.66943359375 0.2470703125 0.01953125 0.02197265625
1 0.662109375 0.15283203125 0.0185546875 0.0244140625