5 0.359375 0.3564453125 0.28662109375 0.03076171875
5 0.36669921875 0.52197265625 0.291015625 0.02392578125
4 0.42578125 0.5791015625 0.44580078125 0.0625
4 0.31005859375 0.4189453125 0.208984375 0.05859375
4 0.54345703125 0.41748046875 0.208984375 0.0595703125
3 0.38134765625 0.0390625 0.0224609375 0.03271484375
3 0.431640625 0.04052734375 0.01513671875 0.02978515625
3 0.47998046875 0.04150390625 0.01953125 0.02978515625
3 0.52734375 0.03759765625 0.01904296875 0.02978515625
3 0.57861328125 0.04052734375 0.0234375 0.03173828125
3 0.62744140625 0.04150390625 0.02099609375 0.02978515625
3 0.71240234375 0.2421875 0.02197265625 0.03369140625
3 0.71044921875 0.3359375 0.02880859375 0.03271484375
3 0.7109375 0.43115234375 0.017578125 0.03076171875
3 0.712890625 0.52783203125 0.0224609375 0.03369140625
3 0.7119140625 0.62109375 0.02490234375 0.03955078125
3 0.7119140625 0.72021484375 0.0263671875 0.04150390625
1 0.7119140625 0.81103515625 0.0263671875 0.03857421875
3 0.71240234375 0.90673828125 0.02490234375 0.03564453125