5 0.16748046875 0.3271484375 0.17724609375 0.0234375
5 0.22509765625 0.42431640625 0.283203125 0.1044921875
5 0.236328125 0.5615234375 0.310546875 0.087890625
0 0.13623046875 0.6357421875 0.10693359375 0.0556640625
5 0.5546875 0.04345703125 0.03125 0.0244140625
5 0.60205078125 0.041015625 0.033203125 0.02001953125
5 0.66796875 0.0419921875 0.07080078125 0.0224609375
5 0.73046875 0.0419921875 0.02490234375 0.02001953125
5 0.7763671875 0.04345703125 0.03173828125 0.02001953125
0 0.8662109375 0.0400390625 0.1083984375 0.0556640625
5 0.68701171875 0.1904296875 0.041015625 0.02099609375
2 0.576171875 0.24267578125 0.0595703125 0.0146484375
5 0.9130859375 0.23095703125 0.05126953125 0.015625
5 0.56982421875 0.2998046875 0.03955078125 0.01123046875
5 0.5595703125 0.35107421875 0.01806640625 0.0087890625
5 0.56787109375 0.4033203125 0.03759765625 0.01318359375
5 0.56396484375 0.4521484375 0.02783203125 0.015625
5 0.572265625 0.50439453125 0.04296875 0.01318359375
3 0.53759765625 0.50439453125 0.01123046875 0.017578125
3 0.5380859375 0.453125 0.0087890625 0.017578125
3 0.5380859375 0.40283203125 0.01123046875 0.0166015625
3 0.5380859375 0.3505859375 0.0078125 0.0146484375
3 0.5390625 0.30078125 0.0087890625 0.0166015625