6 0.4033203125 0.37255859375 0.021484375 0.01708984375
6 0.40380859375 0.40087890625 0.02001953125 0.015625
6 0.4033203125 0.4287109375 0.021484375 0.01953125
6 0.40478515625 0.45751953125 0.021484375 0.017578125
6 0.40380859375 0.48388671875 0.01953125 0.01708984375
6 0.40380859375 0.51318359375 0.01953125 0.01806640625
0 0.5 0.884765625 0.119140625 0.03125
3 0.8359375 0.61865234375 0.01708984375 0.01171875
3 0.8369140625 0.67041015625 0.0185546875 0.01171875
3 0.82373046875 0.73779296875 0.0458984375 0.03466796875
3 0.8369140625 0.80859375 0.01611328125 0.01318359375
3 0.83642578125 0.32666015625 0.01611328125 0.01220703125