3 0.0556640625 0.052734375 0.052734375 0.07421875
3 0.4892578125 0.4677734375 0.0390625 0.044921875
3 0.486328125 0.52294921875 0.044921875 0.0380859375
3 0.48193359375 0.57470703125 0.0322265625 0.0498046875
3 0.4873046875 0.3330078125 0.037109375 0.033203125
3 0.486328125 0.2763671875 0.03515625 0.037109375
3 0.48876953125 0.76513671875 0.0283203125 0.0400390625
3 0.484375 0.95263671875 0.033203125 0.0439453125
3 0.22607421875 0.03662109375 0.0302734375 0.0361328125
3 0.31689453125 0.0361328125 0.0341796875 0.03125
3 0.2705078125 0.0361328125 0.03125 0.03515625
3 0.486328125 0.7119140625 0.029296875 0.037109375
3 0.48779296875 0.81640625 0.0361328125 0.04296875
3 0.48828125 0.87255859375 0.03125 0.0322265625
3 0.4892578125 0.62939453125 0.029296875 0.0361328125
3 0.48779296875 0.38623046875 0.0361328125 0.0361328125
3 0.4873046875 0.140625 0.0390625 0.0390625
3 0.48779296875 0.19873046875 0.0380859375 0.0400390625
3 0.06689453125 0.14306640625 0.0361328125 0.0263671875
3 0.11083984375 0.14208984375 0.0283203125 0.0302734375
3 0.15478515625 0.140625 0.0341796875 0.0390625
3 0.19677734375 0.14013671875 0.0283203125 0.0341796875