5 0.27392578125 0.12939453125 0.1201171875 0.03125
5 0.26318359375 0.17724609375 0.09423828125 0.021484375
5 0.4111328125 0.21484375 0.365234375 0.017578125
5 0.294921875 0.25 0.13330078125 0.017578125
5 0.330078125 0.28466796875 0.2060546875 0.0166015625
5 0.32666015625 0.3173828125 0.19775390625 0.0166015625
5 0.30517578125 0.3525390625 0.1533203125 0.0146484375
6 0.220703125 0.21435546875 0.01171875 0.0146484375
6 0.22021484375 0.24853515625 0.009765625 0.0126953125
6 0.2197265625 0.2822265625 0.01025390625 0.013671875
6 0.2197265625 0.3173828125 0.01025390625 0.0146484375
6 0.22021484375 0.3515625 0.009765625 0.0146484375
2 0.404296875 0.40380859375 0.31396484375 0.033203125
2 0.404296875 0.45654296875 0.31396484375 0.0322265625
2 0.404296875 0.5068359375 0.31396484375 0.033203125
5 0.728515625 0.5068359375 0.06103515625 0.01171875
2 0.404296875 0.55810546875 0.31396484375 0.0341796875
2 0.404296875 0.6103515625 0.31396484375 0.0341796875
2 0.630859375 0.66162109375 0.12548828125 0.033203125
2 0.630859375 0.71484375 0.12451171875 0.033203125
2 0.404296875 0.662109375 0.3154296875 0.0341796875
2 0.40380859375 0.71435546875 0.314453125 0.0341796875
2 0.404296875 0.765625 0.3154296875 0.03515625
2 0.404296875 0.818359375 0.31396484375 0.0341796875
2 0.40380859375 0.86865234375 0.314453125 0.033203125
2 0.63037109375 0.765625 0.125 0.033203125
3 0.7744140625 0.12646484375 0.0126953125 0.01953125
5 0.728515625 0.76708984375 0.06103515625 0.0146484375
5 0.728515625 0.7158203125 0.0595703125 0.015625
3 0.70361328125 0.61181640625 0.01025390625 0.013671875
3 0.71875 0.611328125 0.009765625 0.0126953125
3 0.73291015625 0.61083984375 0.0087890625 0.015625
2 0.63037109375 0.61279296875 0.1220703125 0.03125
2 0.630859375 0.50634765625 0.123046875 0.0322265625