0 0.20751953125 0.7080078125 0.09814453125 0.046875
0 0.29931640625 0.70849609375 0.072265625 0.04345703125
0 0.80126953125 0.1787109375 0.09228515625 0.046875
0 0.666015625 0.1123046875 0.05126953125 0.033203125
5 0.50390625 0.17822265625 0.0576171875 0.0234375
5 0.56201171875 0.177734375 0.04150390625 0.0224609375
5 0.62548828125 0.17822265625 0.03173828125 0.02099609375
5 0.69287109375 0.1787109375 0.05126953125 0.0244140625
3 0.5888671875 0.17724609375 0.01123046875 0.01904296875
3 0.6494140625 0.17724609375 0.0126953125 0.01904296875
3 0.72705078125 0.1767578125 0.009765625 0.017578125