6 0.04443359375 0.224609375 0.0537109375 0.033203125
6 0.21484375 0.2255859375 0.0546875 0.029296875
6 0.3876953125 0.22509765625 0.05859375 0.0322265625
6 0.5556640625 0.224609375 0.0546875 0.033203125
6 0.04443359375 0.35009765625 0.0537109375 0.0341796875
6 0.04541015625 0.400390625 0.0537109375 0.03515625
6 0.0439453125 0.4501953125 0.0546875 0.03515625
6 0.04443359375 0.5 0.0537109375 0.033203125
0 0.14990234375 0.5625 0.2763671875 0.05859375
0 0.14990234375 0.2890625 0.2802734375 0.0625
0 0.15234375 0.1611328125 0.27734375 0.05859375