7 0.3994140625 0.57177734375 0.0703125 0.0751953125
7 0.48046875 0.57373046875 0.064453125 0.0693359375
7 0.60009765625 0.572265625 0.0693359375 0.05859375
7 0.685546875 0.572265625 0.0625 0.0625
0 0.9052734375 0.71630859375 0.18359375 0.0751953125
3 0.44189453125 0.14208984375 0.0693359375 0.1279296875
3 0.5439453125 0.14404296875 0.072265625 0.1298828125
3 0.64306640625 0.13916015625 0.0673828125 0.1337890625
3 0.439453125 0.3388671875 0.083984375 0.1484375
3 0.54248046875 0.32861328125 0.0615234375 0.1279296875
3 0.642578125 0.33544921875 0.068359375 0.1318359375
3 0.8310546875 0.814453125 0.07421875 0.06640625
3 0.9423828125 0.81689453125 0.04296875 0.0537109375
3 0.05322265625 0.13232421875 0.0283203125 0.0439453125
3 0.0517578125 0.208984375 0.033203125 0.041015625
3 0.05419921875 0.28125 0.0322265625 0.046875
3 0.04931640625 0.37890625 0.0283203125 0.052734375
3 0.05078125 0.4833984375 0.03515625 0.0546875
3 0.0517578125 0.55224609375 0.033203125 0.0576171875
3 0.05224609375 0.654296875 0.0380859375 0.056640625
3 0.04443359375 0.9150390625 0.0380859375 0.0546875
3 0.103515625 0.9150390625 0.033203125 0.052734375