0 0.52685546875 0.29150390625 0.08056640625 0.0498046875
0 0.1943359375 0.88134765625 0.10302734375 0.0625
0 0.30078125 0.8828125 0.10302734375 0.05712890625
0 0.4091796875 0.8837890625 0.10302734375 0.0625
0 0.5146484375 0.88623046875 0.09912109375 0.0693359375
5 0.08203125 0.28955078125 0.04833984375 0.03173828125
5 0.0869140625 0.373046875 0.06494140625 0.0263671875
5 0.09814453125 0.4345703125 0.08349609375 0.0361328125
5 0.08056640625 0.4912109375 0.05322265625 0.0263671875
5 0.0791015625 0.5439453125 0.05224609375 0.03466796875
5 0.08740234375 0.6064453125 0.0703125 0.03466796875
5 0.07568359375 0.66064453125 0.04833984375 0.029296875
4 0.33740234375 0.291015625 0.2998046875 0.03759765625
4 0.3388671875 0.37841796875 0.2958984375 0.03466796875
4 0.34033203125 0.435546875 0.2978515625 0.04296875
4 0.3388671875 0.5478515625 0.296875 0.03173828125
2 0.337890625 0.490234375 0.29931640625 0.033203125
2 0.33935546875 0.60205078125 0.2978515625 0.04296875