0 0.75830078125 0.04638671875 0.0751953125 0.0341796875
5 0.572265625 0.388671875 0.0400390625 0.0185546875
5 0.70068359375 0.390625 0.02685546875 0.021484375
0 0.685546875 0.7216796875 0.07763671875 0.04150390625
5 0.59521484375 0.47998046875 0.08154296875 0.02490234375
5 0.50390625 0.04638671875 0.02392578125 0.0185546875
5 0.5703125 0.04638671875 0.03076171875 0.0185546875
5 0.634765625 0.04638671875 0.0166015625 0.015625
5 0.697265625 0.04638671875 0.03564453125 0.015625
5 0.8271484375 0.046875 0.02587890625 0.02001953125
3 0.80615234375 0.04638671875 0.0107421875 0.0185546875
3 0.67138671875 0.046875 0.00927734375 0.02001953125
3 0.61865234375 0.04541015625 0.00927734375 0.01708984375
3 0.546875 0.04638671875 0.009765625 0.021484375
3 0.484375 0.0478515625 0.009765625 0.021484375
3 0.521484375 0.046875 0.0068359375 0.013671875
3 0.59228515625 0.046875 0.00732421875 0.0107421875
3 0.650390625 0.046875 0.00732421875 0.0107421875