6 0.19677734375 0.31396484375 0.0205078125 0.0615234375
6 0.244140625 0.3076171875 0.025390625 0.060546875
6 0.29248046875 0.30810546875 0.0263671875 0.0556640625
6 0.34375 0.306640625 0.02734375 0.05078125
6 0.3935546875 0.31103515625 0.02734375 0.0673828125
6 0.43994140625 0.30859375 0.0244140625 0.0625
4 0.37158203125 0.6669921875 0.3759765625 0.107421875
4 0.794921875 0.671875 0.373046875 0.107421875
0 0.22900390625 0.88525390625 0.0986328125 0.1142578125
0 0.49658203125 0.88720703125 0.1083984375 0.1142578125
6 0.17626953125 0.4462890625 0.0205078125 0.041015625
6 0.34912109375 0.44580078125 0.0283203125 0.0380859375