0 0.94921875 0.15869140625 0.0732421875 0.05908203125
5 0.078125 0.162109375 0.115234375 0.048828125
5 0.1064453125 0.30224609375 0.111328125 0.0263671875
5 0.0849609375 0.57470703125 0.068359375 0.0244140625
4 0.0859375 0.62548828125 0.07421875 0.0556640625
4 0.14111328125 0.353515625 0.1826171875 0.05908203125
7 0.86328125 0.33984375 0.05517578125 0.03466796875
5 0.79931640625 0.34423828125 0.05908203125 0.01904296875
5 0.92529296875 0.34228515625 0.05419921875 0.0224609375
0 0.96142578125 0.494140625 0.03857421875 0.064453125
3 0.96142578125 0.490234375 0.01611328125 0.02978515625
2 0.1669921875 0.6298828125 0.0732421875 0.06103515625
5 0.125 0.78466796875 0.20068359375 0.033203125
5 0.080078125 0.94091796875 0.064453125 0.02783203125
5 0.3173828125 0.9423828125 0.072265625 0.0244140625
5 0.5673828125 0.943359375 0.06201171875 0.0263671875
6 0.03759765625 0.94091796875 0.01611328125 0.0380859375
6 0.2666015625 0.943359375 0.01708984375 0.033203125
6 0.52001953125 0.943359375 0.0205078125 0.033203125
3 0.87353515625 0.85888671875 0.0185546875 0.0380859375
3 0.9150390625 0.85888671875 0.021484375 0.03466796875
3 0.9599609375 0.85986328125 0.0234375 0.0400390625
0 0.251953125 0.06787109375 0.17724609375 0.0732421875
3 0.146484375 0.1689453125 0.01708984375 0.03125
3 0.9482421875 0.6279296875 0.0205078125 0.033203125
3 0.94873046875 0.94677734375 0.01953125 0.033203125