1 0.1123046875 0.25439453125 0.08984375 0.0458984375
1 0.111328125 0.31689453125 0.08984375 0.0419921875
1 0.111328125 0.38232421875 0.09375 0.0439453125
1 0.11328125 0.44775390625 0.08984375 0.0458984375
1 0.11181640625 0.51025390625 0.0927734375 0.0458984375
1 0.111328125 0.57373046875 0.087890625 0.0458984375
1 0.1123046875 0.63818359375 0.08984375 0.0478515625
1 0.1123046875 0.70166015625 0.091796875 0.0478515625
1 0.10986328125 0.767578125 0.0888671875 0.04296875
1 0.1123046875 0.828125 0.091796875 0.04296875
0 0.49853515625 0.88525390625 0.3486328125 0.0927734375