5 0.255859375 0.26513671875 0.36376953125 0.0634765625
5 0.28759765625 0.3291015625 0.40478515625 0.0283203125
5 0.10693359375 0.4326171875 0.0439453125 0.021484375
5 0.12109375 0.5439453125 0.0751953125 0.02490234375
5 0.18017578125 0.6435546875 0.13232421875 0.02685546875
0 0.4267578125 0.72314453125 0.146484375 0.06982421875
6 0.0966796875 0.642578125 0.0185546875 0.02490234375
5 0.21484375 0.87744140625 0.044921875 0.0185546875
5 0.27734375 0.87744140625 0.05517578125 0.02490234375
0 0.88330078125 0.62158203125 0.146484375 0.06689453125
3 0.46142578125 0.56494140625 0.02490234375 0.02685546875
3 0.33056640625 0.87744140625 0.03125 0.02490234375