5 0.3818359375 0.3779296875 0.17236328125 0.04833984375
5 0.34326171875 0.484375 0.0830078125 0.04638671875
5 0.35107421875 0.65380859375 0.1015625 0.0400390625
5 0.34912109375 0.8271484375 0.103515625 0.04638671875
5 0.359375 0.216796875 0.09033203125 0.0927734375
5 0.5048828125 0.21484375 0.083984375 0.0927734375
5 0.65234375 0.19775390625 0.07470703125 0.0419921875
3 0.35791015625 0.1064453125 0.03369140625 0.0693359375
3 0.5068359375 0.107421875 0.03564453125 0.07177734375
3 0.65283203125 0.10546875 0.0380859375 0.07568359375
2 0.49951171875 0.55029296875 0.3916015625 0.07373046875
2 0.50146484375 0.72412109375 0.3916015625 0.07568359375
2 0.49951171875 0.89453125 0.39306640625 0.080078125