7 0.07080078125 0.0830078125 0.0869140625 0.0859375
7 0.07421875 0.20458984375 0.0859375 0.0888671875
7 0.06982421875 0.32177734375 0.0849609375 0.0830078125
7 0.072265625 0.44189453125 0.080078125 0.0771484375
7 0.072265625 0.75341796875 0.09375 0.0888671875
0 0.134765625 0.912109375 0.19921875 0.08203125
5 0.25634765625 0.08349609375 0.2685546875 0.0634765625
5 0.2666015625 0.20361328125 0.29296875 0.0576171875
5 0.3583984375 0.3291015625 0.474609375 0.052734375
5 0.22216796875 0.44677734375 0.2060546875 0.0458984375
5 0.4814453125 0.6005859375 0.9140625 0.060546875
5 0.20556640625 0.7568359375 0.1689453125 0.064453125