1 0.04052734375 0.578125 0.0439453125 0.03515625
6 0.0361328125 0.728515625 0.03515625 0.033203125
6 0.03759765625 0.77978515625 0.0400390625 0.0341796875
6 0.0341796875 0.8291015625 0.033203125 0.03515625
0 0.107421875 0.9326171875 0.1640625 0.060546875
0 0.185546875 0.50732421875 0.08984375 0.0439453125
0 0.30419921875 0.5048828125 0.1318359375 0.044921875
0 0.427734375 0.505859375 0.103515625 0.046875
0 0.55859375 0.50439453125 0.1328125 0.0478515625
0 0.69287109375 0.5048828125 0.1220703125 0.048828125
0 0.81689453125 0.50732421875 0.1064453125 0.0478515625