5 0.5126953125 0.12841796875 0.181640625 0.03515625
5 0.51171875 0.189453125 0.33984375 0.05224609375
5 0.33984375 0.2763671875 0.0546875 0.0224609375
5 0.34033203125 0.4072265625 0.0576171875 0.017578125
5 0.33203125 0.537109375 0.0380859375 0.0205078125
5 0.40087890625 0.669921875 0.1787109375 0.0224609375
5 0.36474609375 0.7197265625 0.04541015625 0.02392578125
5 0.36767578125 0.78076171875 0.0517578125 0.0224609375
5 0.35693359375 0.84423828125 0.0302734375 0.01611328125
5 0.3515625 0.90625 0.01904296875 0.0224609375
5 0.35498046875 0.96826171875 0.0263671875 0.01904296875
6 0.330078125 0.96923828125 0.0126953125 0.0205078125
6 0.32861328125 0.9072265625 0.01171875 0.0205078125
6 0.3291015625 0.8427734375 0.0126953125 0.01904296875
6 0.32958984375 0.78076171875 0.01171875 0.0224609375
6 0.3291015625 0.71826171875 0.0126953125 0.0205078125
4 0.51171875 0.31982421875 0.40380859375 0.0556640625
4 0.51220703125 0.45068359375 0.40283203125 0.05712890625
4 0.5107421875 0.58349609375 0.400390625 0.0556640625