5 0.39453125 0.2802734375 0.064453125 0.0302734375
5 0.39111328125 0.40576171875 0.0576171875 0.0263671875
5 0.3857421875 0.53125 0.0419921875 0.0263671875
5 0.37939453125 0.66015625 0.03662109375 0.0244140625
5 0.39404296875 0.78857421875 0.0634765625 0.01806640625
0 0.68798828125 0.34326171875 0.0576171875 0.0302734375
0 0.68603515625 0.7216796875 0.05908203125 0.0302734375
0 0.68408203125 0.84912109375 0.06103515625 0.0263671875
0 0.42333984375 0.18017578125 0.12646484375 0.03662109375
3 0.279296875 0.1337890625 0.041015625 0.06884765625
3 0.27783203125 0.328125 0.03759765625 0.060546875
3 0.279296875 0.51806640625 0.04345703125 0.06884765625
3 0.27783203125 0.70751953125 0.033203125 0.05859375
3 0.27734375 0.89697265625 0.02783203125 0.056640625