7 0.56640625 0.8916015625 0.0986328125 0.08056640625
7 0.6826171875 0.900390625 0.09619140625 0.07421875
6 0.70751953125 0.34130859375 0.0478515625 0.0693359375
6 0.70751953125 0.44677734375 0.05078125 0.07568359375
2 0.1240234375 0.1015625 0.2099609375 0.07275390625
2 0.12646484375 0.21923828125 0.2041015625 0.07421875
7 0.05126953125 0.91015625 0.0615234375 0.05029296875
7 0.12255859375 0.9130859375 0.0546875 0.048828125
7 0.87548828125 0.544921875 0.20654296875 0.0810546875
1 0.5478515625 0.09814453125 0.05810546875 0.08349609375
1 0.5478515625 0.21826171875 0.0546875 0.08349609375
3 0.6220703125 0.09814453125 0.02685546875 0.03515625
3 0.6240234375 0.21728515625 0.02392578125 0.03173828125
0 0.7001953125 0.10302734375 0.05615234375 0.0810546875
0 0.70068359375 0.2197265625 0.05615234375 0.0791015625
0 0.5869140625 0.33837890625 0.1328125 0.08056640625
0 0.587890625 0.447265625 0.1328125 0.07666015625
0 0.796875 0.6689453125 0.04931640625 0.0791015625
0 0.66796875 0.5546875 0.025390625 0.04150390625
0 0.701171875 0.55615234375 0.02099609375 0.04443359375
0 0.8720703125 0.66796875 0.05615234375 0.078125
0 0.2998046875 0.89404296875 0.05615234375 0.07958984375
0 0.373046875 0.892578125 0.0595703125 0.08544921875
4 0.3759765625 0.52197265625 0.2109375 0.078125
0 0.05029296875 0.5107421875 0.056640625 0.078125
0 0.1240234375 0.5107421875 0.0556640625 0.07373046875
0 0.2001953125 0.513671875 0.05615234375 0.0810546875
0 0.1240234375 0.62255859375 0.20751953125 0.08056640625
0 0.12353515625 0.72607421875 0.2119140625 0.0771484375
0 0.12744140625 0.82470703125 0.20654296875 0.07080078125
6 0.17578125 0.91552734375 0.0205078125 0.03662109375
6 0.20166015625 0.9130859375 0.01953125 0.03076171875
6 0.224609375 0.9140625 0.0185546875 0.0322265625
6 0.28173828125 0.3232421875 0.01904296875 0.03662109375
6 0.32958984375 0.3212890625 0.02197265625 0.03076171875
6 0.3740234375 0.32177734375 0.02197265625 0.0302734375
6 0.42138671875 0.32177734375 0.0234375 0.0302734375
6 0.46728515625 0.32080078125 0.01953125 0.0283203125
5 0.28076171875 0.2880859375 0.02392578125 0.02783203125
5 0.32861328125 0.28759765625 0.0234375 0.0234375
5 0.37646484375 0.2861328125 0.0244140625 0.03173828125
5 0.42138671875 0.28759765625 0.0234375 0.02197265625
5 0.46728515625 0.2880859375 0.02392578125 0.02197265625
0 0.94970703125 0.66552734375 0.05078125 0.07666015625
4 0.3740234375 0.09814453125 0.20751953125 0.06982421875
4 0.37353515625 0.21484375 0.203125 0.064453125