5 0.1689453125 0.0322265625 0.25048828125 0.04052734375
5 0.63427734375 0.02880859375 0.248046875 0.037109375
5 0.1328125 0.1689453125 0.1953125 0.0390625
5 0.28125 0.30810546875 0.49267578125 0.0322265625
5 0.08447265625 0.44970703125 0.09912109375 0.037109375
5 0.2158203125 0.5966796875 0.34423828125 0.03564453125
5 0.138671875 0.73779296875 0.18359375 0.03564453125
5 0.21875 0.88037109375 0.35546875 0.0390625
4 0.263671875 0.0986328125 0.4287109375 0.06787109375
4 0.736328125 0.0966796875 0.4345703125 0.06787109375
4 0.50146484375 0.23193359375 0.91552734375 0.06640625
4 0.50146484375 0.369140625 0.90380859375 0.06982421875
4 0.4970703125 0.5126953125 0.90673828125 0.06787109375
4 0.4970703125 0.93994140625 0.91259765625 0.06298828125
2 0.49853515625 0.65283203125 0.90966796875 0.06640625
2 0.50439453125 0.79541015625 0.90966796875 0.06640625