5 0.62548828125 0.1748046875 0.07470703125 0.0224609375
5 0.62255859375 0.279296875 0.07421875 0.02978515625
5 0.6416015625 0.38330078125 0.10595703125 0.0224609375
5 0.63916015625 0.48779296875 0.10791015625 0.0244140625
5 0.6396484375 0.5908203125 0.10205078125 0.02197265625
5 0.607421875 0.69287109375 0.0439453125 0.01904296875
5 0.662109375 0.798828125 0.1455078125 0.025390625
5 0.64453125 0.90380859375 0.11669921875 0.025390625
4 0.72802734375 0.2265625 0.27978515625 0.0615234375
4 0.7275390625 0.32861328125 0.27783203125 0.0556640625
4 0.72802734375 0.43310546875 0.27978515625 0.0625
4 0.7275390625 0.537109375 0.27783203125 0.06005859375
4 0.728515625 0.64111328125 0.279296875 0.06005859375
4 0.72802734375 0.74267578125 0.27880859375 0.0576171875
4 0.728515625 0.84716796875 0.279296875 0.0556640625
4 0.72802734375 0.9501953125 0.27880859375 0.0556640625