5 0.2236328125 0.18896484375 0.02001953125 0.02392578125
5 0.42529296875 0.18896484375 0.03271484375 0.021484375
5 0.42724609375 0.29296875 0.04150390625 0.021484375
5 0.22509765625 0.29150390625 0.021484375 0.021484375
5 0.248046875 0.38232421875 0.0673828125 0.02392578125
5 0.255859375 0.46875 0.08251953125 0.021484375
5 0.2236328125 0.55712890625 0.01806640625 0.0224609375
5 0.22705078125 0.71044921875 0.02587890625 0.0224609375
5 0.55517578125 0.556640625 0.06982421875 0.021484375
5 0.56640625 0.70849609375 0.046875 0.021484375
5 0.2412109375 0.79736328125 0.05322265625 0.02392578125
5 0.25146484375 0.8330078125 0.01513671875 0.02001953125
7 0.22998046875 0.83544921875 0.02392578125 0.02783203125
4 0.40283203125 0.74853515625 0.373046875 0.04248046875
4 0.42626953125 0.83740234375 0.32568359375 0.04248046875
4 0.40283203125 0.625 0.37109375 0.1025390625
4 0.42626953125 0.5068359375 0.32421875 0.04638671875
4 0.4033203125 0.41943359375 0.37255859375 0.04248046875
4 0.306640625 0.22705078125 0.1796875 0.04150390625
4 0.49951171875 0.22509765625 0.17919921875 0.04541015625
4 0.49853515625 0.330078125 0.177734375 0.04541015625
4 0.3056640625 0.330078125 0.17724609375 0.0400390625
5 0.2529296875 0.50732421875 0.01611328125 0.021484375
7 0.23095703125 0.5068359375 0.02392578125 0.033203125
0 0.75 0.13671875 0.064453125 0.03857421875