3 0.064453125 0.02587890625 0.08349609375 0.04052734375
3 0.13671875 0.02978515625 0.0302734375 0.0419921875
5 0.177734375 0.0283203125 0.05419921875 0.0390625
5 0.3046875 0.025390625 0.037109375 0.02734375
5 0.36083984375 0.02685546875 0.04443359375 0.0419921875
5 0.41552734375 0.0224609375 0.03271484375 0.0361328125
5 0.482421875 0.02734375 0.0576171875 0.02001953125
5 0.5517578125 0.02587890625 0.046875 0.03466796875
5 0.61376953125 0.02978515625 0.046875 0.033203125
2 0.7080078125 0.0283203125 0.109375 0.021484375
4 0.8759765625 0.0283203125 0.20068359375 0.0390625