0 0.767578125 0.86083984375 0.13916015625 0.0390625
0 0.9091796875 0.86279296875 0.13330078125 0.0390625
0 0.89794921875 0.93310546875 0.13916015625 0.04443359375
0 0.75537109375 0.93505859375 0.134765625 0.041015625
0 0.90576171875 0.203125 0.134765625 0.04296875
2 0.44189453125 0.5126953125 0.12060546875 0.041015625
2 0.548828125 0.28515625 0.30078125 0.0390625
2 0.54833984375 0.33251953125 0.30517578125 0.041015625
2 0.5498046875 0.3779296875 0.30517578125 0.0390625
2 0.595703125 0.205078125 0.470703125 0.0390625
5 0.32080078125 0.20068359375 0.07080078125 0.0302734375
5 0.34326171875 0.27978515625 0.087890625 0.0390625
5 0.3369140625 0.32958984375 0.06689453125 0.0283203125
5 0.3359375 0.3779296875 0.07080078125 0.0283203125
5 0.33349609375 0.42333984375 0.06787109375 0.0302734375
3 0.8544921875 0.09716796875 0.02978515625 0.0302734375
3 0.9072265625 0.1005859375 0.02392578125 0.03759765625
3 0.95751953125 0.09814453125 0.0224609375 0.0390625
1 0.73974609375 0.27880859375 0.0185546875 0.02294921875
1 0.7412109375 0.3173828125 0.0185546875 0.021484375
1 0.740234375 0.35400390625 0.02001953125 0.02294921875
5 0.83544921875 0.3564453125 0.16455078125 0.02490234375
5 0.8505859375 0.31982421875 0.197265625 0.02685546875
5 0.85302734375 0.27978515625 0.20849609375 0.0322265625
3 0.88037109375 0.09375 0.015625 0.0302734375
3 0.93212890625 0.09912109375 0.02001953125 0.02685546875
4 0.54736328125 0.42236328125 0.3037109375 0.03564453125