5 0.18505859375 0.2255859375 0.08935546875 0.0263671875
5 0.19677734375 0.31201171875 0.109375 0.0166015625
5 0.18994140625 0.39990234375 0.0986328125 0.0166015625
5 0.2529296875 0.4853515625 0.18212890625 0.015625
5 0.42041015625 0.39501953125 0.08642578125 0.02392578125
5 0.46875 0.30126953125 0.18310546875 0.02392578125
5 0.69921875 0.392578125 0.08203125 0.01904296875
5 0.40869140625 0.48876953125 0.07080078125 0.01904296875
5 0.39208984375 0.6328125 0.0458984375 0.021484375
5 0.642578125 0.6357421875 0.0517578125 0.01806640625
0 0.7763671875 0.80908203125 0.10791015625 0.0361328125
0 0.88525390625 0.80712890625 0.0947265625 0.037109375
2 0.2421875 0.2705078125 0.20166015625 0.05419921875
2 0.18310546875 0.43994140625 0.08935546875 0.056640625
2 0.28466796875 0.4423828125 0.10791015625 0.05859375
2 0.48291015625 0.3447265625 0.2275390625 0.05517578125
2 0.70849609375 0.6748046875 0.1904296875 0.05517578125
5 0.462890625 0.716796875 0.17578125 0.02392578125
1 0.15185546875 0.486328125 0.02099609375 0.0263671875
4 0.4794921875 0.75732421875 0.212890625 0.0576171875
4 0.650390625 0.59130859375 0.564453125 0.0634765625
4 0.64794921875 0.529296875 0.56005859375 0.0576171875
4 0.50927734375 0.43408203125 0.27880859375 0.06103515625
4 0.794921875 0.43212890625 0.2734375 0.0625
4 0.2421875 0.35400390625 0.20361328125 0.0576171875
4 0.494140625 0.67529296875 0.23388671875 0.05859375
3 0.5595703125 0.71630859375 0.017578125 0.01806640625
4 0.87060546875 0.67333984375 0.1259765625 0.06005859375
5 0.822265625 0.630859375 0.02099609375 0.01806640625