4 0.30078125 0.15576171875 0.08349609375 0.052734375
4 0.421875 0.15625 0.1337890625 0.04931640625
4 0.37451171875 0.2265625 0.2333984375 0.0478515625
4 0.37451171875 0.296875 0.232421875 0.0478515625
4 0.65869140625 0.18798828125 0.1689453125 0.0478515625
4 0.65771484375 0.2890625 0.1640625 0.046875
4 0.65771484375 0.68603515625 0.16650390625 0.05029296875
4 0.658203125 0.78662109375 0.1689453125 0.0478515625
4 0.37451171875 0.79541015625 0.2333984375 0.05029296875
4 0.37451171875 0.72509765625 0.2333984375 0.04931640625
4 0.2998046875 0.6552734375 0.083984375 0.05029296875
4 0.42333984375 0.6552734375 0.13671875 0.05029296875
0 0.37451171875 0.8701171875 0.232421875 0.05615234375
0 0.65771484375 0.86181640625 0.16650390625 0.0537109375
0 0.65673828125 0.36474609375 0.1708984375 0.06103515625
0 0.37451171875 0.37353515625 0.23388671875 0.0625
5 0.5888671875 0.140625 0.03173828125 0.02978515625
5 0.59765625 0.2412109375 0.04931640625 0.025390625
5 0.59033203125 0.642578125 0.03173828125 0.02734375
5 0.6015625 0.74560546875 0.0556640625 0.02294921875
5 0.2880859375 0.09228515625 0.05908203125 0.04541015625
5 0.65673828125 0.087890625 0.1015625 0.0322265625
5 0.65869140625 0.59033203125 0.12548828125 0.0361328125
5 0.294921875 0.59228515625 0.07568359375 0.03466796875