5 0.11962890625 0.1865234375 0.08740234375 0.01171875
5 0.123046875 0.48876953125 0.09375 0.015625
5 0.4208984375 0.18603515625 0.09033203125 0.015625
5 0.39599609375 0.3466796875 0.04296875 0.01513671875
5 0.42431640625 0.6748046875 0.09765625 0.01513671875
7 0.611328125 0.67724609375 0.0263671875 0.01904296875
4 0.4462890625 0.5703125 0.14111328125 0.052734375
4 0.5732421875 0.5703125 0.10107421875 0.05078125
4 0.49951171875 0.51123046875 0.24853515625 0.052734375
4 0.5 0.4521484375 0.24755859375 0.052734375
2 0.49951171875 0.3935546875 0.248046875 0.05078125
4 0.2001953125 0.23046875 0.24853515625 0.05419921875
4 0.19970703125 0.28955078125 0.248046875 0.05419921875
4 0.19970703125 0.34814453125 0.248046875 0.05322265625
4 0.19970703125 0.40771484375 0.248046875 0.0517578125
2 0.2001953125 0.5419921875 0.24755859375 0.05078125
2 0.2001953125 0.60107421875 0.248046875 0.05078125
2 0.2001953125 0.66064453125 0.24755859375 0.0498046875
2 0.2001953125 0.71923828125 0.24755859375 0.0517578125
5 0.70703125 0.18798828125 0.0654296875 0.015625
5 0.74755859375 0.2294921875 0.14501953125 0.029296875
5 0.720703125 0.29638671875 0.0908203125 0.015625
5 0.73681640625 0.33251953125 0.125 0.01318359375
5 0.91455078125 0.1865234375 0.01806640625 0.01318359375
5 0.9130859375 0.2958984375 0.02099609375 0.01171875
5 0.91357421875 0.39013671875 0.0205078125 0.01318359375
5 0.9052734375 0.43603515625 0.037109375 0.0185546875
5 0.70654296875 0.39013671875 0.06494140625 0.0166015625
5 0.798828125 0.43505859375 0.0908203125 0.01513671875
5 0.7822265625 0.44775390625 0.0576171875 0.0107421875
5 0.7958984375 0.521484375 0.083984375 0.01171875
5 0.76416015625 0.53369140625 0.02197265625 0.0107421875
5 0.69970703125 0.58984375 0.0478515625 0.01513671875
5 0.71826171875 0.62939453125 0.08642578125 0.017578125
5 0.71337890625 0.65966796875 0.0751953125 0.01904296875
5 0.71484375 0.68994140625 0.07958984375 0.0166015625
5 0.70458984375 0.73583984375 0.0595703125 0.01513671875
5 0.7001953125 0.78076171875 0.05078125 0.01513671875
5 0.90380859375 0.78125 0.03857421875 0.015625
5 0.904296875 0.73486328125 0.03759765625 0.0166015625
5 0.9072265625 0.69091796875 0.03076171875 0.01318359375
5 0.904296875 0.66064453125 0.03759765625 0.0185546875
5 0.90625 0.63037109375 0.033203125 0.015625
1 0.11474609375 0.1279296875 0.01025390625 0.01416015625
1 0.20068359375 0.12939453125 0.01171875 0.01513671875
1 0.28662109375 0.12939453125 0.0107421875 0.01513671875
1 0.41357421875 0.12255859375 0.0107421875 0.01318359375
1 0.50048828125 0.12158203125 0.009765625 0.01513671875
1 0.58642578125 0.12255859375 0.01171875 0.01513671875
1 0.712890625 0.12109375 0.01025390625 0.01416015625
1 0.80029296875 0.1220703125 0.009765625 0.01416015625
1 0.88671875 0.123046875 0.0087890625 0.01416015625
3 0.2998046875 0.80712890625 0.0478515625 0.0625
3 0.60009765625 0.7470703125 0.048828125 0.0625
3 0.89990234375 0.86669921875 0.0478515625 0.0634765625