0 0.85205078125 0.03076171875 0.07080078125 0.02978515625
0 0.908203125 0.02978515625 0.044921875 0.02734375
0 0.95751953125 0.03076171875 0.05078125 0.0341796875
0 0.44677734375 0.583984375 0.0556640625 0.03173828125
0 0.69873046875 0.93310546875 0.0537109375 0.0341796875
0 0.8466796875 0.26953125 0.0693359375 0.02978515625
5 0.91845703125 0.27294921875 0.04296875 0.02294921875
5 0.25341796875 0.34423828125 0.05078125 0.02978515625
5 0.24658203125 0.396484375 0.037109375 0.02490234375
5 0.2626953125 0.46142578125 0.07861328125 0.02734375
5 0.2763671875 0.52294921875 0.09716796875 0.0361328125
5 0.24267578125 0.6396484375 0.03857421875 0.02490234375
2 0.533203125 0.33984375 0.23095703125 0.03857421875
2 0.533203125 0.63427734375 0.23095703125 0.0361328125
5 0.2919921875 0.93994140625 0.1279296875 0.02490234375
5 0.45361328125 0.7490234375 0.06640625 0.01611328125
5 0.4609375 0.7861328125 0.080078125 0.01806640625
5 0.46240234375 0.826171875 0.0771484375 0.0205078125
5 0.43603515625 0.861328125 0.02783203125 0.01806640625
1 0.61328125 0.75439453125 0.01220703125 0.01806640625
1 0.61474609375 0.791015625 0.01220703125 0.01806640625
1 0.6142578125 0.82861328125 0.0107421875 0.0205078125
1 0.61474609375 0.86572265625 0.015625 0.01806640625
4 0.818359375 0.75341796875 0.15087890625 0.02978515625
4 0.81884765625 0.791015625 0.15234375 0.02734375
4 0.81884765625 0.82861328125 0.15234375 0.02978515625
4 0.533203125 0.388671875 0.23095703125 0.02734375
4 0.53369140625 0.45703125 0.2294921875 0.0361328125
4 0.53369140625 0.52294921875 0.2294921875 0.0361328125
3 0.91357421875 0.12060546875 0.0244140625 0.03173828125
3 0.7763671875 0.12158203125 0.021484375 0.0341796875
3 0.63720703125 0.1171875 0.0263671875 0.0341796875
3 0.49853515625 0.119140625 0.02001953125 0.0341796875
3 0.3623046875 0.1171875 0.021484375 0.0341796875
3 0.22021484375 0.1181640625 0.0244140625 0.0361328125
3 0.0849609375 0.119140625 0.0244140625 0.0341796875