0 0.8935546875 0.0556640625 0.1123046875 0.048828125
0 0.27197265625 0.7119140625 0.1220703125 0.0576171875
0 0.12353515625 0.712890625 0.1376953125 0.06005859375
5 0.1572265625 0.0576171875 0.14208984375 0.03564453125
5 0.47900390625 0.0556640625 0.0390625 0.02197265625
5 0.53662109375 0.0556640625 0.0390625 0.02197265625
5 0.5908203125 0.05859375 0.0283203125 0.0244140625
5 0.72412109375 0.0576171875 0.0517578125 0.017578125
5 0.7919921875 0.0576171875 0.046875 0.02197265625
5 0.64208984375 0.0576171875 0.04052734375 0.0263671875
3 0.671875 0.0556640625 0.0126953125 0.01318359375