4 0.74658203125 0.31298828125 0.2734375 0.05810546875
4 0.7451171875 0.384765625 0.27685546875 0.05810546875
4 0.7431640625 0.4541015625 0.27685546875 0.05615234375
0 0.6982421875 0.62890625 0.1767578125 0.0458984375
0 0.8466796875 0.62890625 0.08984375 0.05810546875
4 0.1923828125 0.4599609375 0.30517578125 0.076171875
4 0.1923828125 0.61279296875 0.30517578125 0.07421875
3 0.27392578125 0.52197265625 0.02490234375 0.0400390625
3 0.2724609375 0.673828125 0.0283203125 0.0322265625
3 0.0576171875 0.7412109375 0.0283203125 0.0341796875
7 0.0576171875 0.6708984375 0.03515625 0.02587890625
7 0.056640625 0.52099609375 0.02978515625 0.0341796875
5 0.12353515625 0.52197265625 0.08642578125 0.0400390625
5 0.3173828125 0.51904296875 0.05517578125 0.02978515625
5 0.3193359375 0.673828125 0.0615234375 0.0322265625
5 0.125 0.673828125 0.08984375 0.0322265625
5 0.1533203125 0.744140625 0.14990234375 0.02783203125
3 0.05517578125 0.10595703125 0.03662109375 0.0400390625