3 0.0791015625 0.041015625 0.1328125 0.05859375
3 0.177734375 0.04150390625 0.03125 0.0390625
2 0.26611328125 0.041015625 0.1357421875 0.04541015625
2 0.44873046875 0.04443359375 0.0576171875 0.0390625
2 0.5341796875 0.044921875 0.087890625 0.03515625
2 0.6259765625 0.04150390625 0.064453125 0.03369140625
2 0.9375 0.041015625 0.1015625 0.04833984375
2 0.38818359375 0.447265625 0.1162109375 0.04541015625
2 0.25830078125 0.44677734375 0.1044921875 0.0625
4 0.107421875 0.44970703125 0.185546875 0.05322265625
0 0.52392578125 0.44482421875 0.1240234375 0.05615234375
3 0.9619140625 0.87060546875 0.052734375 0.05859375
3 0.07080078125 0.849609375 0.0498046875 0.06396484375
3 0.05029296875 0.958984375 0.0439453125 0.05615234375
0 0.9326171875 0.95654296875 0.111328125 0.03515625
0 0.7880859375 0.03955078125 0.08984375 0.04541015625
3 0.861328125 0.03955078125 0.02734375 0.03759765625
5 0.37646484375 0.037109375 0.0615234375 0.04541015625
5 0.7001953125 0.04296875 0.052734375 0.03369140625
3 0.021484375 0.92333984375 0.021484375 0.03369140625