0 0.35791015625 0.49267578125 0.26806640625 0.06640625
0 0.63720703125 0.4931640625 0.26904296875 0.06689453125
0 0.09130859375 0.9375 0.12646484375 0.0419921875
2 0.9033203125 0.0419921875 0.0791015625 0.0322265625
0 0.744140625 0.69140625 0.0654296875 0.0556640625
0 0.7939453125 0.1103515625 0.12939453125 0.04541015625
0 0.83447265625 0.69189453125 0.11181640625 0.0556640625
0 0.67626953125 0.69140625 0.068359375 0.05615234375
0 0.60888671875 0.69140625 0.0654296875 0.0556640625
0 0.302734375 0.69189453125 0.05908203125 0.056640625
0 0.3642578125 0.69189453125 0.060546875 0.05615234375
3 0.97119140625 0.04248046875 0.0283203125 0.033203125
0 0.1806640625 0.69189453125 0.05712890625 0.0556640625
0 0.2412109375 0.69189453125 0.06005859375 0.05615234375
0 0.42529296875 0.69189453125 0.0595703125 0.05615234375
0 0.54638671875 0.69189453125 0.056640625 0.0556640625
0 0.1201171875 0.69677734375 0.0625 0.05712890625
0 0.06201171875 0.69482421875 0.0478515625 0.06103515625
0 0.4892578125 0.69580078125 0.060546875 0.06103515625
4 0.50146484375 0.75830078125 0.9287109375 0.06396484375
5 0.82177734375 0.04345703125 0.0673828125 0.02978515625
5 0.74609375 0.044921875 0.052734375 0.03271484375
3 0.173828125 0.041015625 0.025390625 0.04296875
5 0.09814453125 0.04052734375 0.1279296875 0.046875
3 0.98388671875 0.111328125 0.0185546875 0.04052734375
3 0.02783203125 0.17041015625 0.0302734375 0.03125
5 0.0927734375 0.17236328125 0.091796875 0.02490234375