0 0.30859375 0.43994140625 0.14453125 0.0537109375
0 0.7529296875 0.0498046875 0.1201171875 0.0458984375
0 0.06591796875 0.6494140625 0.07958984375 0.029296875
5 0.4541015625 0.0498046875 0.03955078125 0.02392578125
5 0.3779296875 0.05029296875 0.0859375 0.02734375
5 0.2919921875 0.04931640625 0.06640625 0.03125
5 0.20654296875 0.052734375 0.0732421875 0.03271484375
5 0.51513671875 0.05224609375 0.0517578125 0.02587890625
3 0.96337890625 0.04638671875 0.0283203125 0.04541015625
3 0.9189453125 0.04931640625 0.025390625 0.04150390625
5 0.8642578125 0.04931640625 0.052734375 0.02880859375
3 0.02783203125 0.04296875 0.0341796875 0.04150390625
5 0.09228515625 0.04638671875 0.0947265625 0.03515625