6 0.48828125 0.287109375 0.037109375 0.04296875
6 0.4873046875 0.46533203125 0.0390625 0.0439453125
6 0.4873046875 0.34716796875 0.041015625 0.0458984375
6 0.13232421875 0.2880859375 0.0380859375 0.041015625
6 0.13232421875 0.95166015625 0.0400390625 0.0439453125
6 0.13134765625 0.892578125 0.0380859375 0.04296875
6 0.130859375 0.83154296875 0.03515625 0.0419921875
6 0.13134765625 0.77001953125 0.0419921875 0.0400390625
6 0.130859375 0.7099609375 0.041015625 0.046875
6 0.12939453125 0.650390625 0.0380859375 0.0390625
6 0.130859375 0.58984375 0.037109375 0.04296875
6 0.1298828125 0.52734375 0.041015625 0.046875
6 0.130859375 0.46533203125 0.041015625 0.0419921875
6 0.13134765625 0.4072265625 0.0380859375 0.041015625
6 0.13037109375 0.34814453125 0.0361328125 0.0400390625
6 0.4873046875 0.52685546875 0.037109375 0.0419921875
6 0.48828125 0.408203125 0.037109375 0.044921875
2 0.212890625 0.0673828125 0.390625 0.078125
3 0.45166015625 0.07080078125 0.0322265625 0.0537109375