0 0.15625 0.1142578125 0.20458984375 0.0498046875
0 0.15283203125 0.1826171875 0.2021484375 0.04931640625
0 0.15380859375 0.25048828125 0.2041015625 0.048828125
0 0.15478515625 0.314453125 0.2021484375 0.0537109375
2 0.1552734375 0.4326171875 0.201171875 0.046875
6 0.93505859375 0.44482421875 0.03271484375 0.03271484375
6 0.935546875 0.486328125 0.0380859375 0.03564453125
1 0.93310546875 0.529296875 0.03076171875 0.03271484375
1 0.9345703125 0.56640625 0.0341796875 0.03515625
7 0.091796875 0.6943359375 0.08349609375 0.04736328125
7 0.09228515625 0.75927734375 0.08447265625 0.04248046875
7 0.09521484375 0.82421875 0.0791015625 0.04052734375
7 0.1884765625 0.82470703125 0.083984375 0.037109375
7 0.185546875 0.755859375 0.07421875 0.041015625
7 0.18798828125 0.68994140625 0.08251953125 0.04248046875
7 0.29248046875 0.69287109375 0.08740234375 0.0419921875
7 0.38525390625 0.69091796875 0.0771484375 0.0380859375
7 0.384765625 0.7578125 0.076171875 0.03955078125
7 0.38330078125 0.8251953125 0.0693359375 0.0380859375
7 0.29052734375 0.82421875 0.0771484375 0.03564453125
7 0.29296875 0.759765625 0.0751953125 0.041015625
4 0.59423828125 0.75537109375 0.2978515625 0.0419921875
0 0.31591796875 0.1123046875 0.0517578125 0.048828125
0 0.31884765625 0.18359375 0.046875 0.04736328125
0 0.31591796875 0.25048828125 0.05712890625 0.04931640625
0 0.32177734375 0.31494140625 0.056640625 0.044921875
0 0.4052734375 0.31494140625 0.05322265625 0.0498046875
0 0.40576171875 0.248046875 0.05810546875 0.048828125
0 0.4072265625 0.1806640625 0.0498046875 0.04736328125
0 0.40283203125 0.1123046875 0.05810546875 0.04931640625
0 0.4912109375 0.1123046875 0.05126953125 0.05419921875
0 0.4912109375 0.1796875 0.05126953125 0.0556640625
0 0.490234375 0.24853515625 0.05615234375 0.0498046875
0 0.49462890625 0.31396484375 0.05615234375 0.0517578125
0 0.58154296875 0.31494140625 0.0546875 0.05517578125
0 0.580078125 0.24755859375 0.0517578125 0.0498046875
0 0.57763671875 0.18115234375 0.05419921875 0.048828125
0 0.578125 0.11328125 0.05517578125 0.0517578125
0 0.6640625 0.11279296875 0.05322265625 0.0556640625
0 0.6640625 0.1806640625 0.05322265625 0.04736328125
0 0.6640625 0.24609375 0.05322265625 0.05322265625
0 0.6640625 0.31640625 0.05078125 0.056640625
0 0.748046875 0.111328125 0.0546875 0.05322265625
0 0.75 0.181640625 0.04541015625 0.0517578125
0 0.75048828125 0.24609375 0.04736328125 0.05322265625
0 0.74560546875 0.314453125 0.05419921875 0.05322265625
0 0.8369140625 0.115234375 0.0595703125 0.0556640625
0 0.837890625 0.17919921875 0.04443359375 0.04833984375
0 0.83544921875 0.2470703125 0.046875 0.05322265625
0 0.8359375 0.31298828125 0.05078125 0.05126953125
0 0.921875 0.1123046875 0.05322265625 0.048828125
0 0.9228515625 0.17822265625 0.048828125 0.052734375
0 0.921875 0.24951171875 0.05615234375 0.05126953125
0 0.92431640625 0.31640625 0.060546875 0.04736328125
3 0.93115234375 0.6904296875 0.0380859375 0.03564453125
3 0.798828125 0.75830078125 0.0458984375 0.048828125
3 0.8671875 0.75830078125 0.046875 0.04638671875
3 0.9326171875 0.75732421875 0.02783203125 0.0419921875
3 0.93310546875 0.82861328125 0.04541015625 0.04443359375
3 0.8662109375 0.82958984375 0.0517578125 0.04638671875
3 0.80029296875 0.8271484375 0.048828125 0.046875