3 0.908203125 0.02880859375 0.04833984375 0.0322265625
3 0.77880859375 0.02734375 0.02001953125 0.025390625
3 0.80810546875 0.02783203125 0.02197265625 0.02783203125
3 0.83447265625 0.0263671875 0.02099609375 0.0302734375
3 0.86376953125 0.02880859375 0.0205078125 0.02880859375
3 0.95263671875 0.02734375 0.01416015625 0.0302734375
3 0.98046875 0.029296875 0.02294921875 0.03271484375
4 0.416015625 0.5322265625 0.25537109375 0.05126953125
3 0.5625 0.52392578125 0.01904296875 0.02734375
2 0.646484375 0.52685546875 0.13134765625 0.04541015625
3 0.56005859375 0.67138671875 0.0205078125 0.0361328125
3 0.58740234375 0.671875 0.02294921875 0.03369140625
7 0.6728515625 0.6728515625 0.025390625 0.0302734375
3 0.748046875 0.50439453125 0.01611328125 0.03125
3 0.748046875 0.541015625 0.01611328125 0.0263671875
3 0.7490234375 0.58056640625 0.01806640625 0.0263671875
3 0.748046875 0.61767578125 0.01904296875 0.02734375
3 0.74853515625 0.65478515625 0.01708984375 0.02783203125
3 0.74853515625 0.69384765625 0.01904296875 0.02978515625
5 0.30322265625 0.74951171875 0.03857421875 0.02880859375
5 0.31689453125 0.88916015625 0.06689453125 0.02783203125
3 0.14599609375 0.03466796875 0.01611328125 0.02001953125
3 0.16796875 0.03369140625 0.01416015625 0.02099609375
3 0.697265625 0.6728515625 0.0107421875 0.02880859375
3 0.97607421875 0.97802734375 0.0146484375 0.02490234375