0 0.158203125 0.84033203125 0.21240234375 0.11865234375
3 0.1064453125 0.18798828125 0.03173828125 0.05908203125
3 0.14892578125 0.1884765625 0.02783203125 0.05224609375
3 0.19091796875 0.1884765625 0.02783203125 0.05810546875
3 0.330078125 0.3232421875 0.0224609375 0.04248046875
3 0.32958984375 0.72900390625 0.0185546875 0.03955078125
3 0.1201171875 0.3935546875 0.01806640625 0.0380859375
3 0.1201171875 0.45703125 0.0185546875 0.041015625
3 0.12109375 0.52685546875 0.01953125 0.03955078125
3 0.12109375 0.59521484375 0.01953125 0.03515625
3 0.1201171875 0.65966796875 0.0185546875 0.04248046875
5 0.2109375 0.390625 0.1474609375 0.041015625
5 0.19091796875 0.458984375 0.11083984375 0.03662109375
5 0.1904296875 0.53125 0.11083984375 0.03955078125
5 0.18798828125 0.5966796875 0.1083984375 0.041015625
5 0.20849609375 0.6650390625 0.14599609375 0.03125
5 0.18212890625 0.73388671875 0.1357421875 0.05224609375