1 0.07568359375 0.55419921875 0.0224609375 0.0498046875
1 0.0751953125 0.6513671875 0.0234375 0.048828125
6 0.11572265625 0.55517578125 0.0283203125 0.0615234375
6 0.1162109375 0.64990234375 0.033203125 0.0693359375
6 0.2021484375 0.658203125 0.04296875 0.107421875
6 0.2021484375 0.53466796875 0.04296875 0.0986328125
1 0.25146484375 0.65771484375 0.0419921875 0.1005859375
1 0.3759765625 0.662109375 0.04296875 0.09765625
7 0.7412109375 0.53369140625 0.076171875 0.1005859375
7 0.74072265625 0.66064453125 0.0732421875 0.1064453125
1 0.24951171875 0.53759765625 0.0419921875 0.1025390625
1 0.3291015625 0.53662109375 0.04296875 0.1025390625
1 0.37841796875 0.5380859375 0.0400390625 0.1015625
7 0.86865234375 0.564453125 0.0791015625 0.05859375
7 0.869140625 0.630859375 0.078125 0.056640625