2 0.36962890625 0.10888671875 0.2060546875 0.0986328125
2 0.62646484375 0.1064453125 0.1982421875 0.099609375
2 0.62841796875 0.2314453125 0.2080078125 0.1015625
2 0.6279296875 0.3564453125 0.201171875 0.095703125
2 0.37109375 0.357421875 0.205078125 0.09765625
2 0.3701171875 0.2294921875 0.20703125 0.099609375
0 0.33349609375 0.64208984375 0.1337890625 0.0732421875
0 0.5 0.640625 0.130859375 0.0703125
0 0.6650390625 0.64013671875 0.1328125 0.0693359375
0 0.66455078125 0.76220703125 0.1298828125 0.0634765625
0 0.66455078125 0.888671875 0.1298828125 0.068359375
0 0.4970703125 0.89013671875 0.130859375 0.0654296875
0 0.50146484375 0.76220703125 0.1279296875 0.0712890625
0 0.33349609375 0.763671875 0.1337890625 0.072265625
0 0.33203125 0.87841796875 0.130859375 0.0751953125