6 0.25390625 0.5634765625 0.03125 0.04833984375
6 0.3701171875 0.56298828125 0.03125 0.04931640625
6 0.51416015625 0.5654296875 0.02978515625 0.05029296875
6 0.5390625 0.69140625 0.02978515625 0.04638671875
6 0.44775390625 0.62841796875 0.02880859375 0.05029296875
6 0.25390625 0.626953125 0.029296875 0.04541015625
6 0.25634765625 0.6923828125 0.02978515625 0.04833984375
6 0.36376953125 0.69140625 0.03125 0.04638671875
3 0.70751953125 0.8544921875 0.02685546875 0.0517578125
3 0.60498046875 0.85888671875 0.02880859375 0.04931640625
3 0.494140625 0.859375 0.02880859375 0.04638671875
3 0.38134765625 0.86083984375 0.029296875 0.04345703125
3 0.267578125 0.8544921875 0.02587890625 0.04541015625