5 0.80517578125 0.0546875 0.0517578125 0.0263671875
5 0.8857421875 0.05126953125 0.0625 0.0263671875
5 0.96484375 0.05322265625 0.0439453125 0.02294921875
5 0.25732421875 0.318359375 0.07275390625 0.02294921875
5 0.25732421875 0.37109375 0.0673828125 0.02294921875
5 0.244140625 0.42236328125 0.04150390625 0.01904296875
5 0.25439453125 0.4736328125 0.0625 0.02294921875
5 0.27783203125 0.52294921875 0.10888671875 0.02294921875
5 0.4921875 0.27294921875 0.1533203125 0.02294921875
5 0.2880859375 0.26904296875 0.11962890625 0.02294921875
0 0.49755859375 0.58349609375 0.5634765625 0.04541015625
4 0.57666015625 0.32373046875 0.38427734375 0.0341796875
4 0.5751953125 0.373046875 0.38720703125 0.04150390625
4 0.58056640625 0.42626953125 0.37158203125 0.04150390625
4 0.58056640625 0.4755859375 0.37646484375 0.04150390625
4 0.58056640625 0.5283203125 0.37646484375 0.04150390625