5 0.5087890625 0.28369140625 0.0986328125 0.02294921875
5 0.77392578125 0.28076171875 0.083984375 0.02099609375
5 0.5810546875 0.4228515625 0.24951171875 0.02294921875
5 0.494140625 0.568359375 0.0751953125 0.02099609375
5 0.783203125 0.5634765625 0.033203125 0.01953125
4 0.81103515625 0.3447265625 0.1552734375 0.0751953125
4 0.67236328125 0.4833984375 0.42919921875 0.0751953125
4 0.517578125 0.62548828125 0.11572265625 0.0732421875
4 0.662109375 0.62744140625 0.11572265625 0.0732421875
4 0.828125 0.62744140625 0.1171875 0.0732421875
0 0.67236328125 0.7607421875 0.41748046875 0.0732421875
4 0.58935546875 0.345703125 0.26220703125 0.0732421875