5 0.1044921875 0.02685546875 0.13623046875 0.03466796875
5 0.84716796875 0.0263671875 0.06689453125 0.0263671875
3 0.79248046875 0.0244140625 0.033203125 0.03271484375
3 0.92333984375 0.025390625 0.02294921875 0.03466796875
3 0.97021484375 0.02685546875 0.02294921875 0.02783203125
3 0.95751953125 0.11572265625 0.0302734375 0.03759765625
5 0.31591796875 0.10986328125 0.080078125 0.02294921875
5 0.3544921875 0.6611328125 0.1484375 0.02783203125
5 0.306640625 0.85400390625 0.05615234375 0.0263671875
5 0.0634765625 0.1083984375 0.0634765625 0.02978515625
5 0.06201171875 0.15869140625 0.0576171875 0.02783203125
5 0.07177734375 0.20947265625 0.0771484375 0.03125
5 0.0751953125 0.26513671875 0.06494140625 0.03125
5 0.0751953125 0.31298828125 0.06494140625 0.02783203125
5 0.09228515625 0.36376953125 0.10302734375 0.03125
5 0.09326171875 0.416015625 0.11083984375 0.02783203125
5 0.06005859375 0.4677734375 0.0439453125 0.02978515625
5 0.060546875 0.51953125 0.04248046875 0.02783203125
5 0.1083984375 0.572265625 0.14404296875 0.02783203125
5 0.11376953125 0.62060546875 0.1513671875 0.02978515625
5 0.06884765625 0.67138671875 0.068359375 0.02978515625
0 0.12255859375 0.72265625 0.19384765625 0.04931640625
5 0.10400390625 0.77587890625 0.134765625 0.0244140625
5 0.06494140625 0.82275390625 0.06689453125 0.02978515625
5 0.1240234375 0.87744140625 0.169921875 0.0244140625
5 0.06591796875 0.93017578125 0.05908203125 0.041015625
5 0.06689453125 0.97802734375 0.0517578125 0.0244140625
5 0.32275390625 0.15869140625 0.087890625 0.0244140625
5 0.34033203125 0.25927734375 0.11962890625 0.03271484375
0 0.3076171875 0.20849609375 0.09375 0.04931640625
5 0.31884765625 0.31201171875 0.09521484375 0.0361328125
5 0.33544921875 0.36474609375 0.1259765625 0.03271484375
5 0.3251953125 0.4111328125 0.09228515625 0.03125
5 0.31689453125 0.46728515625 0.08203125 0.0244140625
5 0.31494140625 0.5205078125 0.07275390625 0.03955078125
5 0.32958984375 0.572265625 0.0986328125 0.021484375
5 0.57275390625 0.11474609375 0.13037109375 0.0263671875
5 0.30908203125 0.71533203125 0.0546875 0.0244140625
5 0.35888671875 0.7587890625 0.15771484375 0.03271484375
5 0.3583984375 0.908203125 0.14990234375 0.0263671875
5 0.3017578125 0.9580078125 0.0517578125 0.02783203125
0 0.61572265625 0.431640625 0.1591796875 0.03271484375
1 0.5439453125 0.396484375 0.01806640625 0.01806640625
5 0.59912109375 0.3974609375 0.09521484375 0.0166015625
5 0.55615234375 0.25927734375 0.03955078125 0.00634765625
5 0.5908203125 0.216796875 0.12109375 0.01953125
5 0.64013671875 0.2568359375 0.0380859375 0.01171875
5 0.5732421875 0.33740234375 0.0771484375 0.01171875
5 0.61962890625 0.552734375 0.13623046875 0.01806640625
5 0.8642578125 0.556640625 0.11669921875 0.0166015625
5 0.56689453125 0.5732421875 0.03955078125 0.009765625
5 0.5673828125 0.625 0.03466796875 0.01171875
5 0.560546875 0.67919921875 0.02099609375 0.00830078125
5 0.560546875 0.7373046875 0.01806640625 0.00634765625
5 0.59228515625 0.736328125 0.02099609375 0.01171875
5 0.57177734375 0.7880859375 0.0439453125 0.009765625
5 0.83349609375 0.6015625 0.04248046875 0.00830078125
5 0.8349609375 0.65185546875 0.03955078125 0.009765625
5 0.8232421875 0.70263671875 0.02294921875 0.009765625
5 0.82568359375 0.75537109375 0.0244140625 0.009765625
5 0.8447265625 0.81201171875 0.06201171875 0.00830078125
4 0.61962890625 0.59765625 0.13330078125 0.02978515625
4 0.6181640625 0.64794921875 0.13330078125 0.03125
4 0.6171875 0.70263671875 0.134765625 0.0263671875
4 0.63427734375 0.75927734375 0.1015625 0.02783203125
2 0.56591796875 0.75927734375 0.02880859375 0.02783203125
2 0.6171875 0.810546875 0.134765625 0.02783203125
0 0.6181640625 0.921875 0.13623046875 0.0244140625
0 0.8642578125 0.92041015625 0.11083984375 0.02783203125
4 0.8642578125 0.623046875 0.1376953125 0.02783203125
4 0.865234375 0.6748046875 0.13916015625 0.02978515625
4 0.86376953125 0.72509765625 0.142578125 0.03125
4 0.8642578125 0.77587890625 0.14111328125 0.03125