4 0.421875 0.27978515625 0.58203125 0.0634765625
6 0.35986328125 0.490234375 0.0283203125 0.04296875
6 0.54443359375 0.4892578125 0.0322265625 0.0390625
5 0.19873046875 0.77880859375 0.1416015625 0.0361328125
5 0.58984375 0.77587890625 0.125 0.0400390625
5 0.2490234375 0.72021484375 0.236328125 0.0341796875
5 0.4140625 0.490234375 0.064453125 0.03125
5 0.58984375 0.48876953125 0.048828125 0.0322265625
5 0.16064453125 0.388671875 0.0791015625 0.0234375
0 0.76318359375 0.0458984375 0.0986328125 0.046875
0 0.80322265625 0.279296875 0.1474609375 0.0625