0 0.927734375 0.064453125 0.08935546875 0.0751953125
5 0.51025390625 0.064453125 0.05078125 0.02880859375
5 0.29833984375 0.064453125 0.06982421875 0.03955078125
5 0.39306640625 0.064453125 0.05126953125 0.02880859375
5 0.4541015625 0.06640625 0.0263671875 0.02490234375
5 0.85595703125 0.06640625 0.0341796875 0.0361328125
0 0.50048828125 0.841796875 0.1279296875 0.08984375
0 0.703125 0.0654296875 0.060546875 0.0556640625
0 0.8193359375 0.0654296875 0.021484375 0.05224609375
3 0.75146484375 0.0654296875 0.015625 0.0341796875
3 0.771484375 0.06298828125 0.0126953125 0.0322265625
3 0.79296875 0.064453125 0.01416015625 0.0322265625