4 0.37890625 0.3544921875 0.66650390625 0.03662109375
4 0.37744140625 0.45166015625 0.66357421875 0.03662109375
1 0.05908203125 0.6376953125 0.02734375 0.01708984375
1 0.05908203125 0.6669921875 0.02099609375 0.01513671875
1 0.060546875 0.69482421875 0.0244140625 0.01953125
1 0.203125 0.6376953125 0.0244140625 0.01708984375
1 0.203125 0.6669921875 0.0244140625 0.01953125
5 0.0849609375 0.31884765625 0.0849609375 0.021484375
5 0.12109375 0.41357421875 0.169921875 0.02587890625
5 0.11962890625 0.5107421875 0.15478515625 0.021484375
5 0.2060546875 0.60888671875 0.33349609375 0.02392578125
5 0.57861328125 0.615234375 0.3515625 0.04541015625
0 0.5 0.66259765625 0.169921875 0.0322265625
0 0.5 0.78125 0.21826171875 0.0537109375
4 0.63037109375 0.66357421875 0.45458984375 0.04736328125
4 0.2119140625 0.54736328125 0.33349609375 0.03857421875