6 0.3994140625 0.47509765625 0.029296875 0.0322265625
6 0.42724609375 0.38916015625 0.0263671875 0.0302734375
6 0.4267578125 0.4365234375 0.0234375 0.03125
6 0.4267578125 0.51904296875 0.02734375 0.0302734375
6 0.42724609375 0.56396484375 0.0263671875 0.0322265625
5 0.4951171875 0.33447265625 0.16796875 0.0361328125
5 0.4970703125 0.388671875 0.09375 0.02734375
5 0.5068359375 0.43359375 0.1171875 0.029296875
5 0.50048828125 0.4775390625 0.1044921875 0.02734375
5 0.505859375 0.5185546875 0.1171875 0.029296875
5 0.49462890625 0.56298828125 0.0908203125 0.0302734375