5 0.41845703125 0.06591796875 0.08740234375 0.0234375
5 0.10791015625 0.06298828125 0.0888671875 0.029296875
5 0.78173828125 0.06494140625 0.1826171875 0.033203125
5 0.423828125 0.13525390625 0.08251953125 0.025390625
5 0.4228515625 0.1962890625 0.0712890625 0.01953125
5 0.44189453125 0.2607421875 0.1064453125 0.01953125
5 0.7490234375 0.13134765625 0.09521484375 0.017578125
5 0.7626953125 0.1923828125 0.12548828125 0.0234375
5 0.76513671875 0.259765625 0.13330078125 0.025390625
5 0.44384765625 0.37841796875 0.1064453125 0.021484375
5 0.783203125 0.37451171875 0.16357421875 0.021484375
5 0.14306640625 0.54296875 0.15576171875 0.02734375
5 0.10888671875 0.61083984375 0.0712890625 0.01953125
5 0.1064453125 0.67236328125 0.060546875 0.021484375
5 0.1279296875 0.73828125 0.109375 0.017578125
5 0.126953125 0.85595703125 0.10791015625 0.01953125
5 0.18896484375 0.294921875 0.111328125 0.037109375
3 0.189453125 0.232421875 0.03955078125 0.048828125
4 0.45947265625 0.16259765625 0.13818359375 0.013671875
4 0.7705078125 0.16162109375 0.13818359375 0.015625
4 0.4609375 0.40576171875 0.134765625 0.025390625
4 0.7724609375 0.40673828125 0.13818359375 0.02734375
4 0.1435546875 0.63818359375 0.13818359375 0.015625
4 0.14453125 0.88330078125 0.13671875 0.02734375
4 0.81689453125 0.32958984375 0.220703125 0.044921875
4 0.50146484375 0.32958984375 0.2255859375 0.048828125
4 0.189453125 0.80859375 0.22705078125 0.041015625