6 0.10400390625 0.36376953125 0.0380859375 0.0439453125
6 0.10498046875 0.4560546875 0.0380859375 0.0390625
6 0.10400390625 0.54736328125 0.0419921875 0.0419921875
1 0.0625 0.7109375 0.0390625 0.05078125
1 0.25830078125 0.7138671875 0.0439453125 0.048828125
0 0.2333984375 0.87451171875 0.388671875 0.0654296875
3 0.05712890625 0.36767578125 0.0283203125 0.0361328125
3 0.05615234375 0.45654296875 0.0244140625 0.0322265625
3 0.05859375 0.54833984375 0.025390625 0.0341796875
4 0.50390625 0.36474609375 0.732421875 0.0712890625
4 0.50244140625 0.45703125 0.7314453125 0.072265625
4 0.50390625 0.54638671875 0.732421875 0.0693359375