2 0.4970703125 0.59326171875 0.10546875 0.0537109375
4 0.6806640625 0.32568359375 0.5234375 0.0654296875
2 0.66357421875 0.48583984375 0.4892578125 0.0654296875
0 0.5693359375 0.67431640625 0.30078125 0.0712890625
0 0.5908203125 0.89892578125 0.244140625 0.0732421875
0 0.8310546875 0.89501953125 0.154296875 0.0634765625
5 0.578125 0.77490234375 0.234375 0.0361328125
4 0.7021484375 0.5927734375 0.26953125 0.06640625
3 0.509765625 0.04833984375 0.052734375 0.0478515625
3 0.60546875 0.04931640625 0.05078125 0.0478515625
3 0.70556640625 0.0517578125 0.0517578125 0.04296875
3 0.28173828125 0.0380859375 0.0361328125 0.03125