5 0.330078125 0.17236328125 0.25439453125 0.05517578125
5 0.67236328125 0.20361328125 0.22119140625 0.0380859375
0 0.3271484375 0.67822265625 0.3056640625 0.068359375
0 0.32861328125 0.76171875 0.3056640625 0.068359375
4 0.66943359375 0.546875 0.31298828125 0.072265625
4 0.66796875 0.64453125 0.31591796875 0.06689453125
0 0.66943359375 0.79541015625 0.31298828125 0.06298828125
5 0.68408203125 0.71142578125 0.1142578125 0.01708984375
1 0.60986328125 0.70751953125 0.01708984375 0.02490234375
3 0.54736328125 0.546875 0.02880859375 0.0341796875
3 0.5478515625 0.64453125 0.02734375 0.0478515625