0 0.87646484375 0.40966796875 0.20703125 0.06396484375
3 0.95361328125 0.578125 0.01904296875 0.04248046875
3 0.9521484375 0.6484375 0.02001953125 0.041015625
3 0.953125 0.72021484375 0.0185546875 0.04248046875
3 0.9521484375 0.79052734375 0.015625 0.03564453125
3 0.0224609375 0.126953125 0.02001953125 0.03271484375
3 0.0224609375 0.19873046875 0.0185546875 0.037109375
3 0.0244140625 0.265625 0.0244140625 0.04248046875
3 0.02001953125 0.33544921875 0.0263671875 0.04248046875
5 0.06298828125 0.12939453125 0.048828125 0.025390625
5 0.056640625 0.19677734375 0.03857421875 0.02392578125
5 0.06103515625 0.26416015625 0.048828125 0.025390625
5 0.07861328125 0.33447265625 0.083984375 0.02685546875
4 0.46875 0.4111328125 0.6064453125 0.052734375
3 0.1728515625 0.578125 0.02099609375 0.03955078125
3 0.17333984375 0.64892578125 0.02001953125 0.04248046875
3 0.173828125 0.71923828125 0.01904296875 0.041015625
3 0.17431640625 0.79052734375 0.02001953125 0.0439453125
3 0.974609375 0.03466796875 0.02099609375 0.03857421875