4 0.255859375 0.43798828125 0.294921875 0.04931640625
4 0.7421875 0.43798828125 0.29833984375 0.052734375
4 0.7431640625 0.73291015625 0.333984375 0.052734375
4 0.7421875 0.8125 0.33203125 0.052734375
4 0.25439453125 0.8125 0.32861328125 0.04931640625
4 0.2568359375 0.73291015625 0.333984375 0.052734375
0 0.255859375 0.5048828125 0.12890625 0.05078125
0 0.7431640625 0.5048828125 0.126953125 0.04736328125
0 0.83642578125 0.890625 0.12353515625 0.052734375
0 0.35009765625 0.8896484375 0.126953125 0.0576171875
1 0.09912109375 0.8857421875 0.0185546875 0.0185546875
1 0.5849609375 0.8857421875 0.01708984375 0.0185546875
5 0.16259765625 0.88720703125 0.1015625 0.0185546875
5 0.64892578125 0.88916015625 0.1015625 0.0185546875