1 0.46484375 0.09326171875 0.04296875 0.0576171875
1 0.46435546875 0.1826171875 0.0400390625 0.05859375
1 0.46484375 0.2705078125 0.04296875 0.056640625
1 0.4658203125 0.35986328125 0.0390625 0.0595703125
6 0.46337890625 0.69677734375 0.0400390625 0.0595703125
6 0.46240234375 0.783203125 0.0439453125 0.064453125
6 0.46142578125 0.87158203125 0.0458984375 0.0615234375
6 0.46435546875 0.60986328125 0.0458984375 0.0595703125
5 0.5517578125 0.11181640625 0.087890625 0.0439453125
5 0.5556640625 0.20263671875 0.09765625 0.0517578125
5 0.55419921875 0.28759765625 0.0927734375 0.0556640625
5 0.55322265625 0.37353515625 0.0947265625 0.0517578125
5 0.55029296875 0.60986328125 0.0869140625 0.0478515625
5 0.5517578125 0.697265625 0.091796875 0.0546875
5 0.55224609375 0.78271484375 0.0966796875 0.0517578125
5 0.55712890625 0.87255859375 0.0927734375 0.0498046875