6 0.35791015625 0.146484375 0.0537109375 0.033203125
6 0.35791015625 0.20751953125 0.0576171875 0.0341796875
2 0.642578125 0.4267578125 0.62109375 0.0390625
7 0.34130859375 0.94140625 0.0888671875 0.02734375
0 0.18505859375 0.732421875 0.3115234375 0.041015625
0 0.646484375 0.73095703125 0.609375 0.0419921875
5 0.50439453125 0.146484375 0.1826171875 0.025390625
5 0.65625 0.2080078125 0.4921875 0.03125
5 0.119140625 0.1494140625 0.19921875 0.02734375
5 0.17138671875 0.046875 0.2841796875 0.052734375
5 0.17138671875 0.322265625 0.2822265625 0.05078125
5 0.12353515625 0.42724609375 0.1884765625 0.0341796875
5 0.17236328125 0.62939453125 0.2841796875 0.0478515625
5 0.17333984375 0.84033203125 0.2939453125 0.0537109375
5 0.12451171875 0.93994140625 0.1923828125 0.0302734375
5 0.71337890625 0.93798828125 0.4970703125 0.0322265625
0 0.64208984375 0.46484375 0.6220703125 0.041015625
0 0.64306640625 0.50390625 0.6201171875 0.041015625