4 0.1435546875 0.259765625 0.09228515625 0.06689453125
4 0.27880859375 0.259765625 0.09228515625 0.06689453125
4 0.41357421875 0.259765625 0.08740234375 0.0732421875
4 0.27880859375 0.71826171875 0.357421875 0.06982421875
0 0.4150390625 0.38818359375 0.08984375 0.06982421875
0 0.416015625 0.8466796875 0.09228515625 0.06689453125
0 0.8564453125 0.8466796875 0.09228515625 0.06689453125
2 0.72119140625 0.37158203125 0.3623046875 0.06982421875
4 0.72119140625 0.46142578125 0.3623046875 0.06982421875
2 0.72021484375 0.591796875 0.35986328125 0.06982421875
4 0.72119140625 0.68310546875 0.357421875 0.06689453125
5 0.31884765625 0.39013671875 0.052734375 0.02685546875
5 0.31884765625 0.8466796875 0.04736328125 0.02685546875
5 0.759765625 0.8466796875 0.0498046875 0.02685546875