2 0.46484375 0.14697265625 0.3115234375 0.119140625
1 0.33642578125 0.27001953125 0.02001953125 0.0634765625
1 0.33642578125 0.39697265625 0.02001953125 0.0634765625
1 0.33642578125 0.53173828125 0.02001953125 0.0634765625
1 0.33642578125 0.65869140625 0.02001953125 0.0634765625
1 0.33642578125 0.78955078125 0.02001953125 0.0712890625
5 0.37890625 0.65478515625 0.044921875 0.0712890625
5 0.3740234375 0.78955078125 0.0400390625 0.0556640625
5 0.3740234375 0.53173828125 0.03515625 0.0634765625
5 0.373046875 0.40087890625 0.0322265625 0.0556640625
5 0.392578125 0.27001953125 0.072265625 0.0634765625