0 0.68212890625 0.09375 0.17724609375 0.0673828125
0 0.91015625 0.0927734375 0.1748046875 0.06201171875
2 0.79345703125 0.21923828125 0.39990234375 0.0380859375
7 0.71142578125 0.45068359375 0.0654296875 0.06201171875
7 0.80322265625 0.45263671875 0.06787109375 0.0654296875
1 0.8828125 0.5791015625 0.0322265625 0.04541015625
1 0.615234375 0.576171875 0.03857421875 0.04345703125
6 0.66552734375 0.578125 0.037109375 0.04736328125
6 0.75 0.578125 0.03857421875 0.04345703125
6 0.79736328125 0.5771484375 0.0322265625 0.0419921875
5 0.01513671875 0.68115234375 0.0302734375 0.0439453125
5 0.0361328125 0.8017578125 0.07177734375 0.0361328125