4 0.4990234375 0.0341796875 0.27734375 0.0556640625
0 0.8564453125 0.9765625 0.072265625 0.046875
0 0.93115234375 0.9755859375 0.0791015625 0.048828125
3 0.90087890625 0.02685546875 0.0146484375 0.0322265625
3 0.92919921875 0.02880859375 0.0146484375 0.02783203125
3 0.95654296875 0.02685546875 0.0126953125 0.0234375
3 0.01123046875 0.03076171875 0.0146484375 0.0322265625
3 0.01171875 0.1650390625 0.017578125 0.0361328125
3 0.01171875 0.1025390625 0.015625 0.0341796875
3 0.73583984375 0.2421875 0.0244140625 0.0576171875
3 0.736328125 0.3466796875 0.029296875 0.06591796875
3 0.73388671875 0.45947265625 0.0263671875 0.06201171875
3 0.73291015625 0.55419921875 0.0263671875 0.0556640625
3 0.73388671875 0.6640625 0.0244140625 0.06201171875
3 0.73486328125 0.767578125 0.0263671875 0.0556640625
3 0.53173828125 0.873046875 0.0244140625 0.06201171875
3 0.533203125 0.76953125 0.02734375 0.0595703125
3 0.53271484375 0.662109375 0.0224609375 0.0576171875
3 0.5322265625 0.556640625 0.02734375 0.0595703125
3 0.53271484375 0.455078125 0.0283203125 0.05322265625
3 0.53369140625 0.3505859375 0.0283203125 0.06591796875
3 0.53271484375 0.24072265625 0.0244140625 0.05126953125
3 0.33056640625 0.24072265625 0.0224609375 0.0595703125
3 0.330078125 0.3505859375 0.029296875 0.06201171875
3 0.32958984375 0.4560546875 0.0322265625 0.0595703125
3 0.32958984375 0.560546875 0.0244140625 0.0595703125
3 0.33056640625 0.66943359375 0.0263671875 0.068359375
3 0.33154296875 0.7685546875 0.0263671875 0.05322265625
3 0.3310546875 0.87109375 0.02734375 0.06201171875
3 0.12841796875 0.873046875 0.0283203125 0.06201171875
3 0.126953125 0.7666015625 0.029296875 0.0576171875
3 0.1279296875 0.66650390625 0.02734375 0.0576171875
3 0.126953125 0.55419921875 0.025390625 0.0595703125
3 0.12744140625 0.4560546875 0.0263671875 0.0556640625
3 0.12939453125 0.35400390625 0.0302734375 0.0595703125
3 0.12890625 0.244140625 0.0234375 0.06201171875
5 0.2216796875 0.24755859375 0.14453125 0.0595703125
5 0.22265625 0.35302734375 0.150390625 0.05322265625
5 0.22119140625 0.45947265625 0.1455078125 0.048828125
5 0.2216796875 0.56494140625 0.146484375 0.0556640625
5 0.20361328125 0.66650390625 0.1103515625 0.048828125
5 0.22021484375 0.77197265625 0.1416015625 0.0556640625
5 0.220703125 0.87646484375 0.14453125 0.05126953125
5 0.42236328125 0.244140625 0.1435546875 0.0576171875
5 0.4228515625 0.35693359375 0.142578125 0.05322265625
5 0.4208984375 0.455078125 0.140625 0.05322265625
5 0.42333984375 0.56396484375 0.1455078125 0.0576171875
5 0.42333984375 0.66845703125 0.1435546875 0.05322265625
5 0.42333984375 0.77197265625 0.1435546875 0.0556640625
5 0.3955078125 0.87744140625 0.08984375 0.06201171875
5 0.62548828125 0.2421875 0.1474609375 0.0576171875
5 0.62451171875 0.35205078125 0.1455078125 0.0556640625
5 0.62451171875 0.46044921875 0.1455078125 0.0556640625
5 0.62353515625 0.56298828125 0.1435546875 0.05126953125
5 0.57666015625 0.66845703125 0.0498046875 0.05322265625
5 0.6240234375 0.7685546875 0.138671875 0.0576171875
5 0.6259765625 0.8740234375 0.14453125 0.046875
5 0.82763671875 0.24609375 0.1435546875 0.0576171875
5 0.82568359375 0.35205078125 0.1416015625 0.0556640625
5 0.8251953125 0.45849609375 0.138671875 0.046875
5 0.82861328125 0.56591796875 0.1455078125 0.05322265625
5 0.826171875 0.6640625 0.142578125 0.048828125
5 0.8310546875 0.77294921875 0.14453125 0.044921875
3 0.0126953125 0.232421875 0.017578125 0.03857421875
3 0.0126953125 0.29833984375 0.015625 0.02978515625
3 0.01220703125 0.36572265625 0.0146484375 0.0322265625
3 0.01318359375 0.43505859375 0.0166015625 0.03857421875
3 0.0126953125 0.498046875 0.015625 0.0322265625
3 0.01416015625 0.5693359375 0.0185546875 0.046875
3 0.01220703125 0.63134765625 0.0166015625 0.0341796875
3 0.013671875 0.7001953125 0.017578125 0.044921875
3 0.01171875 0.765625 0.013671875 0.04248046875
3 0.01171875 0.83349609375 0.015625 0.03857421875
3 0.01318359375 0.896484375 0.0166015625 0.0361328125
3 0.0126953125 0.962890625 0.013671875 0.0361328125