2 0.51806640625 0.4482421875 0.2529296875 0.076171875
2 0.51708984375 0.6064453125 0.2490234375 0.072265625
2 0.1328125 0.06005859375 0.25 0.0751953125
4 0.51708984375 0.30810546875 0.2509765625 0.0712890625
0 0.4501953125 0.75439453125 0.11328125 0.0654296875
0 0.58251953125 0.7529296875 0.1220703125 0.06640625
0 0.44921875 0.90771484375 0.1171875 0.0693359375
0 0.5810546875 0.90673828125 0.126953125 0.0673828125
5 0.44677734375 0.5439453125 0.1064453125 0.0390625
5 0.44482421875 0.38818359375 0.1005859375 0.0341796875
5 0.43017578125 0.24853515625 0.0966796875 0.0400390625
4 0.6826171875 0.05419921875 0.634765625 0.0751953125