0 0.95166015625 0.25341796875 0.05126953125 0.041015625
0 0.81982421875 0.25341796875 0.0625 0.044921875
0 0.84228515625 0.4521484375 0.10498046875 0.0390625
0 0.951171875 0.51953125 0.05224609375 0.041015625
0 0.7158203125 0.84716796875 0.05224609375 0.04296875
0 0.4638671875 0.84814453125 0.05322265625 0.044921875
0 0.857421875 0.021484375 0.123046875 0.04296875
2 0.93310546875 0.06640625 0.10400390625 0.04296875
2 0.88330078125 0.19091796875 0.2060546875 0.052734375
2 0.88330078125 0.6103515625 0.2060546875 0.0546875
2 0.44970703125 0.31591796875 0.6279296875 0.044921875
4 0.4501953125 0.19091796875 0.63330078125 0.052734375
3 0.79443359375 0.30322265625 0.01123046875 0.02734375
3 0.7958984375 0.35205078125 0.0126953125 0.02734375
3 0.794921875 0.39453125 0.0166015625 0.033203125
3 0.14404296875 0.37451171875 0.017578125 0.033203125
3 0.1455078125 0.4248046875 0.01123046875 0.02734375
3 0.1455078125 0.4892578125 0.02001953125 0.03515625
3 0.14599609375 0.5439453125 0.0126953125 0.03515625
3 0.1455078125 0.6005859375 0.015625 0.03125
3 0.14501953125 0.65380859375 0.0185546875 0.0234375
3 0.14404296875 0.71142578125 0.017578125 0.033203125
3 0.01318359375 0.953125 0.02001953125 0.03515625
3 0.013671875 0.9072265625 0.0146484375 0.033203125
3 0.01318359375 0.85888671875 0.015625 0.03515625
3 0.01318359375 0.81298828125 0.015625 0.037109375
3 0.0126953125 0.76611328125 0.0146484375 0.033203125
3 0.01318359375 0.087890625 0.015625 0.03125
3 0.01416015625 0.14794921875 0.013671875 0.037109375
3 0.013671875 0.19482421875 0.0166015625 0.033203125
3 0.01318359375 0.23974609375 0.017578125 0.033203125
3 0.01416015625 0.28564453125 0.017578125 0.03515625
5 0.05419921875 0.0888671875 0.060546875 0.025390625
5 0.04052734375 0.14697265625 0.03125 0.03125
5 0.04150390625 0.19384765625 0.033203125 0.02734375
5 0.04248046875 0.24267578125 0.03759765625 0.03125
5 0.052734375 0.29052734375 0.05517578125 0.029296875
5 0.05615234375 0.76708984375 0.0625 0.03125
5 0.04345703125 0.81298828125 0.04052734375 0.025390625
5 0.03955078125 0.85888671875 0.033203125 0.03125
5 0.03857421875 0.9052734375 0.03125 0.029296875
5 0.046875 0.9580078125 0.04150390625 0.025390625
5 0.189453125 0.3759765625 0.06884765625 0.02734375
5 0.193359375 0.43359375 0.080078125 0.021484375
5 0.18017578125 0.4912109375 0.05224609375 0.03515625
5 0.1875 0.5439453125 0.064453125 0.0234375
5 0.19873046875 0.599609375 0.08935546875 0.033203125
5 0.1953125 0.65283203125 0.078125 0.029296875
5 0.19580078125 0.71337890625 0.08544921875 0.025390625
5 0.33251953125 0.85009765625 0.10400390625 0.037109375
5 0.57373046875 0.84716796875 0.08349609375 0.0390625
3 0.14306640625 0.01953125 0.01123046875 0.02734375
3 0.17919921875 0.021484375 0.0146484375 0.0234375
3 0.03857421875 0.0224609375 0.0146484375 0.033203125
3 0.01318359375 0.0244140625 0.017578125 0.037109375