5 0.49365234375 0.1533203125 0.205078125 0.05615234375
5 0.4931640625 0.21533203125 0.58935546875 0.03466796875
4 0.34033203125 0.31689453125 0.2841796875 0.0625
4 0.6533203125 0.3193359375 0.27880859375 0.064453125
4 0.49658203125 0.4150390625 0.5966796875 0.064453125
4 0.49755859375 0.51806640625 0.6015625 0.06591796875
4 0.49755859375 0.61572265625 0.5947265625 0.06591796875
1 0.21142578125 0.69873046875 0.02294921875 0.01806640625
5 0.46484375 0.6982421875 0.4736328125 0.02978515625
0 0.49755859375 0.78125 0.59814453125 0.07080078125
5 0.50439453125 0.9365234375 0.380859375 0.03125