5 0.3232421875 0.27197265625 0.55615234375 0.02978515625
5 0.14599609375 0.40673828125 0.19677734375 0.02490234375
5 0.1630859375 0.57666015625 0.23046875 0.033203125
5 0.2021484375 0.455078125 0.314453125 0.02587890625
5 0.17578125 0.9111328125 0.26123046875 0.0322265625
5 0.28515625 0.6259765625 0.12060546875 0.02978515625
5 0.2783203125 0.6767578125 0.10693359375 0.02197265625
5 0.3271484375 0.73193359375 0.205078125 0.02587890625
5 0.24169921875 0.78662109375 0.3818359375 0.02880859375
0 0.1728515625 0.02783203125 0.33984375 0.0556640625
0 0.4599609375 0.0283203125 0.23046875 0.056640625
2 0.505859375 0.82666015625 0.8818359375 0.0390625
2 0.5068359375 0.49560546875 0.884765625 0.041015625
7 0.12646484375 0.62548828125 0.12939453125 0.02685546875
7 0.125 0.677734375 0.12646484375 0.02685546875
7 0.12060546875 0.73046875 0.12939453125 0.02294921875
0 0.384765625 0.32958984375 0.6572265625 0.046875