1 0.2158203125 0.216796875 0.048828125 0.05859375
2 0.48876953125 0.11279296875 0.6181640625 0.0908203125
1 0.2158203125 0.4599609375 0.048828125 0.07421875
1 0.21728515625 0.55908203125 0.0517578125 0.0732421875
1 0.21875 0.65380859375 0.046875 0.0732421875
1 0.21630859375 0.75537109375 0.0478515625 0.0712890625
1 0.21630859375 0.849609375 0.0478515625 0.06640625
5 0.30322265625 0.466796875 0.1123046875 0.048828125
5 0.31005859375 0.564453125 0.1201171875 0.046875
5 0.30322265625 0.65625 0.1005859375 0.046875
5 0.2978515625 0.75732421875 0.1015625 0.0498046875
5 0.30224609375 0.85595703125 0.0986328125 0.0498046875
5 0.32421875 0.22119140625 0.138671875 0.0439453125