2 0.70703125 0.474609375 0.478515625 0.072265625
0 0.70947265625 0.55517578125 0.4755859375 0.0888671875
5 0.66845703125 0.64599609375 0.3740234375 0.0478515625
5 0.65478515625 0.7421875 0.3525390625 0.044921875
5 0.646484375 0.83251953125 0.330078125 0.0517578125
5 0.66796875 0.919921875 0.384765625 0.0546875
3 0.017578125 0.26904296875 0.03515625 0.0439453125
3 0.017578125 0.37109375 0.03515625 0.052734375
3 0.01806640625 0.46728515625 0.0361328125 0.0595703125
3 0.0166015625 0.578125 0.033203125 0.05078125
3 0.01904296875 0.6787109375 0.0380859375 0.046875
3 0.02001953125 0.7841796875 0.0400390625 0.05859375
3 0.01904296875 0.8837890625 0.0380859375 0.06640625