3 0.2275390625 0.1748046875 0.021484375 0.0380859375
3 0.328125 0.3525390625 0.017578125 0.0380859375
3 0.3310546875 0.5390625 0.017578125 0.0380859375
3 0.330078125 0.751953125 0.017578125 0.02880859375
5 0.39501953125 0.1767578125 0.0869140625 0.03076171875
4 0.18701171875 0.3720703125 0.2470703125 0.09619140625
4 0.1875 0.5478515625 0.24609375 0.09619140625
4 0.19091796875 0.77001953125 0.2412109375 0.09765625
3 0.04345703125 0.68310546875 0.0244140625 0.046875
3 0.0439453125 0.287109375 0.025390625 0.04541015625
0 0.47021484375 0.53515625 0.0673828125 0.0595703125
0 0.4267578125 0.90771484375 0.0703125 0.05810546875
0 0.94091796875 0.60400390625 0.0634765625 0.052734375
5 0.54931640625 0.25830078125 0.0498046875 0.02001953125
5 0.5517578125 0.37939453125 0.048828125 0.02734375
5 0.57421875 0.5029296875 0.08984375 0.0341796875
5 0.74609375 0.15576171875 0.068359375 0.05078125
5 0.12646484375 0.0634765625 0.2373046875 0.046875
3 0.765625 0.0234375 0.01171875 0.02880859375
3 0.962890625 0.02734375 0.015625 0.025390625
3 0.4462890625 0.17578125 0.01171875 0.02880859375