5 0.1015625 0.1513671875 0.0888671875 0.03076171875
5 0.1376953125 0.373046875 0.16650390625 0.0234375
5 0.5654296875 0.1474609375 0.06689453125 0.03076171875
5 0.6962890625 0.22900390625 0.12060546875 0.04443359375
5 0.6904296875 0.2998046875 0.1025390625 0.0224609375
5 0.9130859375 0.22509765625 0.08203125 0.0390625
5 0.91748046875 0.30126953125 0.09326171875 0.0390625
5 0.10986328125 0.966796875 0.1640625 0.03076171875
5 0.58544921875 0.9736328125 0.12646484375 0.0390625
0 0.90478515625 0.96533203125 0.1123046875 0.0361328125
0 0.15576171875 0.06201171875 0.1640625 0.048828125
0 0.330078125 0.060546875 0.1650390625 0.0400390625
0 0.49853515625 0.0625 0.16943359375 0.04736328125
0 0.6728515625 0.0625 0.16259765625 0.052734375
0 0.84326171875 0.0625 0.17236328125 0.052734375
2 0.794921875 0.14794921875 0.33203125 0.0458984375
1 0.591796875 0.22705078125 0.033203125 0.03759765625
1 0.59228515625 0.29931640625 0.03466796875 0.03466796875
6 0.82763671875 0.2265625 0.0390625 0.0361328125
6 0.8291015625 0.30224609375 0.0361328125 0.0400390625
3 0.0576171875 0.8623046875 0.03759765625 0.033203125
3 0.64501953125 0.37158203125 0.0595703125 0.05712890625
3 0.70751953125 0.373046875 0.04296875 0.0458984375
3 0.76611328125 0.36962890625 0.048828125 0.0498046875
3 0.8271484375 0.36865234375 0.048828125 0.05419921875
3 0.88525390625 0.36962890625 0.0458984375 0.04736328125
3 0.94384765625 0.36865234375 0.05712890625 0.0595703125
3 0.6005859375 0.51513671875 0.0458984375 0.04443359375
3 0.658203125 0.51318359375 0.0390625 0.0400390625
3 0.71728515625 0.5126953125 0.04296875 0.0390625
3 0.77099609375 0.51513671875 0.04150390625 0.04736328125
3 0.8291015625 0.51611328125 0.04443359375 0.0458984375
3 0.94189453125 0.5126953125 0.0390625 0.04150390625
1 0.44287109375 0.48876953125 0.033203125 0.0361328125