6 0.33544921875 0.2646484375 0.0634765625 0.0859375
6 0.3359375 0.38037109375 0.0625 0.0869140625
1 0.33544921875 0.685546875 0.0634765625 0.083984375
1 0.3359375 0.79833984375 0.0625 0.0810546875
1 0.33642578125 0.9091796875 0.0595703125 0.080078125
5 0.39013671875 0.1123046875 0.3837890625 0.07421875
5 0.34619140625 0.53271484375 0.2958984375 0.0830078125
5 0.5166015625 0.2626953125 0.234375 0.064453125
5 0.5361328125 0.37548828125 0.2734375 0.0595703125
5 0.646484375 0.6826171875 0.4921875 0.0625
5 0.55126953125 0.798828125 0.3076171875 0.068359375
5 0.6279296875 0.91015625 0.4609375 0.068359375