0 0.89306640625 0.1279296875 0.07763671875 0.046875
4 0.732421875 0.24072265625 0.3984375 0.04541015625
4 0.62939453125 0.33984375 0.19482421875 0.048828125
4 0.83642578125 0.33984375 0.1943359375 0.046875
4 0.73291015625 0.46142578125 0.39794921875 0.04541015625
4 0.73583984375 0.5859375 0.4052734375 0.0498046875
2 0.64404296875 0.7080078125 0.22265625 0.04443359375
0 0.796875 0.70703125 0.07373046875 0.0478515625
0 0.8857421875 0.70654296875 0.09423828125 0.04443359375
5 0.56982421875 0.66845703125 0.0791015625 0.0166015625
5 0.55322265625 0.5458984375 0.04296875 0.01904296875
5 0.5400390625 0.4228515625 0.01611328125 0.01904296875
5 0.7919921875 0.2998046875 0.10888671875 0.0244140625
5 0.56396484375 0.30224609375 0.06396484375 0.0224609375
5 0.56640625 0.201171875 0.06884765625 0.02001953125
7 0.078125 0.4990234375 0.01953125 0.015625
7 0.078125 0.44384765625 0.01953125 0.01904296875
7 0.078125 0.3876953125 0.01953125 0.017578125
0 0.57080078125 0.76708984375 0.0751953125 0.02978515625
3 0.40673828125 0.38720703125 0.01171875 0.025390625
3 0.40673828125 0.44287109375 0.01318359375 0.01904296875
3 0.40576171875 0.49755859375 0.01171875 0.02001953125
3 0.43798828125 0.4970703125 0.013671875 0.02099609375
3 0.43798828125 0.44287109375 0.013671875 0.02099609375
3 0.4384765625 0.3857421875 0.0146484375 0.02001953125
3 0.4697265625 0.38671875 0.01318359375 0.0224609375
3 0.4697265625 0.44384765625 0.01318359375 0.01904296875
3 0.470703125 0.49951171875 0.0107421875 0.01904296875
3 0.40673828125 0.5537109375 0.01220703125 0.02099609375
3 0.87158203125 0.8154296875 0.017578125 0.0244140625
3 0.84814453125 0.814453125 0.01806640625 0.0224609375
3 0.8251953125 0.81494140625 0.01513671875 0.025390625
3 0.8017578125 0.81494140625 0.01513671875 0.02783203125
3 0.77880859375 0.81494140625 0.01611328125 0.0234375
3 0.75634765625 0.81591796875 0.0146484375 0.02978515625
3 0.73193359375 0.814453125 0.0146484375 0.02685546875
3 0.7099609375 0.81689453125 0.013671875 0.02880859375
3 0.685546875 0.81591796875 0.0146484375 0.0234375
3 0.66259765625 0.8173828125 0.01513671875 0.0234375
3 0.640625 0.81591796875 0.0146484375 0.025390625
3 0.61669921875 0.81494140625 0.01318359375 0.02099609375
3 0.59326171875 0.81591796875 0.0146484375 0.01904296875
3 0.57080078125 0.81689453125 0.01171875 0.0244140625