5 0.49951171875 0.12890625 0.07080078125 0.03125
5 0.24462890625 0.2001953125 0.119140625 0.0380859375
6 0.23486328125 0.3408203125 0.076171875 0.0302734375
6 0.30859375 0.3427734375 0.0693359375 0.03125
0 0.28857421875 0.27490234375 0.18994140625 0.05029296875
0 0.49462890625 0.2744140625 0.1953125 0.0517578125
4 0.2900390625 0.4072265625 0.19873046875 0.05859375
4 0.49365234375 0.400390625 0.19384765625 0.05029296875
4 0.390625 0.4677734375 0.404296875 0.04541015625
4 0.28857421875 0.56884765625 0.19482421875 0.046875
4 0.49365234375 0.56884765625 0.193359375 0.0458984375
4 0.5400390625 0.64892578125 0.10205078125 0.041015625
5 0.2216796875 0.72265625 0.0732421875 0.0341796875
5 0.23974609375 0.79345703125 0.09814453125 0.03271484375