5 0.15283203125 0.3095703125 0.06640625 0.0244140625
5 0.1513671875 0.36962890625 0.06640625 0.029296875
5 0.154296875 0.4248046875 0.0712890625 0.02685546875
5 0.17333984375 0.4853515625 0.1064453125 0.0244140625
5 0.146484375 0.54296875 0.04931640625 0.029296875
5 0.17431640625 0.60107421875 0.1044921875 0.0205078125
5 0.166015625 0.72998046875 0.08837890625 0.029296875
0 0.5107421875 0.92431640625 0.1142578125 0.05126953125
2 0.4208984375 0.54541015625 0.29296875 0.05517578125
2 0.41943359375 0.59912109375 0.2919921875 0.052734375
4 0.421875 0.3076171875 0.29833984375 0.056640625
4 0.421875 0.3681640625 0.29541015625 0.048828125
4 0.41943359375 0.42431640625 0.29541015625 0.05908203125
4 0.41943359375 0.48583984375 0.2939453125 0.056640625