4 0.58740234375 0.2900390625 0.32080078125 0.05029296875
4 0.58740234375 0.4091796875 0.32080078125 0.05029296875
4 0.8837890625 0.4091796875 0.232421875 0.0458984375
4 0.8828125 0.291015625 0.234375 0.0478515625
4 0.7099609375 0.52587890625 0.56640625 0.05029296875
4 0.7568359375 0.880859375 0.19775390625 0.0625
5 0.4619140625 0.59912109375 0.07958984375 0.02490234375
5 0.494140625 0.482421875 0.14111328125 0.02490234375
5 0.451171875 0.36328125 0.0546875 0.02490234375
5 0.4541015625 0.2451171875 0.0615234375 0.02734375
5 0.52392578125 0.17431640625 0.201171875 0.0439453125
5 0.3896484375 0.0615234375 0.03466796875 0.02734375
5 0.47998046875 0.06494140625 0.06298828125 0.02490234375
5 0.576171875 0.0634765625 0.05322265625 0.02734375
5 0.67041015625 0.0615234375 0.05810546875 0.02734375
5 0.7724609375 0.0634765625 0.06982421875 0.02294921875
3 0.8935546875 0.06494140625 0.0263671875 0.02099609375
3 0.9560546875 0.06494140625 0.03466796875 0.02490234375
3 0.0595703125 0.0625 0.02978515625 0.02490234375
3 0.31494140625 0.13671875 0.03466796875 0.03564453125
3 0.0498046875 0.26611328125 0.0263671875 0.03125
3 0.0556640625 0.34130859375 0.02490234375 0.02734375
3 0.0556640625 0.41015625 0.0283203125 0.03125
3 0.05419921875 0.47705078125 0.03466796875 0.03564453125
3 0.0546875 0.546875 0.0263671875 0.03759765625
3 0.05419921875 0.61474609375 0.02490234375 0.03125
3 0.05419921875 0.6826171875 0.03173828125 0.033203125
3 0.05224609375 0.75048828125 0.03173828125 0.03125
3 0.0556640625 0.8916015625 0.03173828125 0.02490234375
3 0.05419921875 0.95947265625 0.03173828125 0.03125
5 0.10546875 0.96240234375 0.04150390625 0.02490234375
5 0.115234375 0.8916015625 0.0712890625 0.0166015625
5 0.099609375 0.82666015625 0.12646484375 0.02490234375
5 0.126953125 0.75146484375 0.0947265625 0.029296875
5 0.1171875 0.68701171875 0.0615234375 0.029296875
5 0.12646484375 0.61572265625 0.07958984375 0.02490234375
5 0.1396484375 0.5439453125 0.10986328125 0.02734375
5 0.13037109375 0.47705078125 0.0947265625 0.02734375
5 0.12451171875 0.4091796875 0.07958984375 0.02490234375
5 0.12109375 0.34228515625 0.076171875 0.029296875
5 0.12060546875 0.26953125 0.07470703125 0.02490234375
5 0.171875 0.0634765625 0.1044921875 0.03125
5 0.09130859375 0.208984375 0.1064453125 0.033203125
5 0.1064453125 0.13134765625 0.13623046875 0.033203125
5 0.75927734375 0.79541015625 0.17626953125 0.0419921875