7 0.3095703125 0.189453125 0.06640625 0.080078125
7 0.42041015625 0.18994140625 0.0654296875 0.0771484375
7 0.52978515625 0.19287109375 0.0673828125 0.0810546875
7 0.1220703125 0.4580078125 0.103515625 0.080078125
7 0.11865234375 0.59375 0.1142578125 0.087890625
7 0.12255859375 0.72998046875 0.1044921875 0.0888671875
7 0.3046875 0.46337890625 0.064453125 0.0634765625
7 0.3037109375 0.55517578125 0.064453125 0.0615234375
7 0.3037109375 0.64794921875 0.064453125 0.0654296875
7 0.30517578125 0.74658203125 0.0634765625 0.0634765625
7 0.48876953125 0.51513671875 0.1513671875 0.1455078125
7 0.48681640625 0.70849609375 0.1513671875 0.1455078125
7 0.833984375 0.62939453125 0.138671875 0.1240234375
7 0.833984375 0.77490234375 0.13671875 0.1181640625
7 0.84814453125 0.208984375 0.2099609375 0.140625
7 0.8486328125 0.40283203125 0.208984375 0.1376953125
1 0.6494140625 0.4443359375 0.03515625 0.05859375
1 0.650390625 0.5185546875 0.03515625 0.060546875
1 0.64892578125 0.59814453125 0.0380859375 0.0615234375
1 0.65087890625 0.6728515625 0.0380859375 0.05859375
6 0.64990234375 0.74658203125 0.0341796875 0.0634765625
6 0.64990234375 0.82666015625 0.0341796875 0.0634765625
7 0.63916015625 0.1923828125 0.0693359375 0.080078125