3 0.93701171875 0.7958984375 0.029296875 0.041015625
3 0.88232421875 0.7919921875 0.02392578125 0.033203125
3 0.5537109375 0.7939453125 0.02880859375 0.03759765625
3 0.55419921875 0.701171875 0.0400390625 0.06103515625
3 0.60888671875 0.70263671875 0.0244140625 0.04541015625
0 0.5458984375 0.03173828125 0.10546875 0.0634765625
0 0.12646484375 0.56884765625 0.1708984375 0.0625
0 0.30224609375 0.57275390625 0.1611328125 0.06005859375
3 0.97216796875 0.03515625 0.0361328125 0.04443359375
3 0.07470703125 0.033203125 0.1318359375 0.05078125
3 0.66357421875 0.70458984375 0.0322265625 0.046875
3 0.71923828125 0.69677734375 0.0341796875 0.04443359375
3 0.775390625 0.701171875 0.02734375 0.03759765625
3 0.8271484375 0.703125 0.03515625 0.04443359375
3 0.8857421875 0.705078125 0.0390625 0.06103515625
3 0.9384765625 0.705078125 0.01953125 0.05078125
3 0.98876953125 0.70068359375 0.0224609375 0.03125
3 0.5556640625 0.79345703125 0.03125 0.04296875
3 0.60888671875 0.791015625 0.0380859375 0.05615234375
3 0.6591796875 0.794921875 0.021484375 0.02734375
3 0.83642578125 0.798828125 0.0224609375 0.04296875
3 0.98779296875 0.79150390625 0.0244140625 0.046875
3 0.609375 0.884765625 0.021484375 0.05078125
3 0.55517578125 0.88525390625 0.0224609375 0.03369140625