0 0.0947265625 0.02783203125 0.083984375 0.0556640625
0 0.177734375 0.02783203125 0.07421875 0.0556640625
0 0.76025390625 0.025390625 0.1962890625 0.05078125
0 0.9072265625 0.02685546875 0.078125 0.05322265625
4 0.4892578125 0.20361328125 0.365234375 0.04541015625
5 0.68701171875 0.205078125 0.0166015625 0.03515625
3 0.72021484375 0.20556640625 0.0263671875 0.04150390625
5 0.7783203125 0.20458984375 0.076171875 0.03662109375
5 0.11572265625 0.75830078125 0.1220703125 0.02978515625
0 0.23193359375 0.7578125 0.1025390625 0.02880859375
5 0.166015625 0.3046875 0.1796875 0.03662109375
5 0.1279296875 0.37353515625 0.158203125 0.03125
5 0.46337890625 0.36962890625 0.2392578125 0.04150390625
5 0.72265625 0.37109375 0.1484375 0.04931640625
5 0.923828125 0.60693359375 0.0390625 0.02880859375
5 0.4375 0.69384765625 0.166015625 0.04443359375
5 0.14404296875 0.44189453125 0.1376953125 0.03271484375
5 0.2041015625 0.47900390625 0.251953125 0.02880859375
5 0.20556640625 0.52783203125 0.2626953125 0.05078125
5 0.1416015625 0.57470703125 0.1484375 0.02197265625
5 0.14892578125 0.609375 0.1533203125 0.0234375
5 0.404296875 0.44091796875 0.060546875 0.03759765625
5 0.4091796875 0.474609375 0.068359375 0.04296875
5 0.44921875 0.51318359375 0.142578125 0.03369140625
5 0.44287109375 0.54541015625 0.1376953125 0.03662109375
5 0.43115234375 0.58447265625 0.1064453125 0.04443359375
5 0.56640625 0.763671875 0.3828125 0.03515625
5 0.60400390625 0.80029296875 0.4560546875 0.02197265625
5 0.4765625 0.83349609375 0.197265625 0.03662109375
5 0.564453125 0.8671875 0.3828125 0.03369140625
5 0.6513671875 0.90576171875 0.552734375 0.03515625