3 0.06201171875 0.12451171875 0.046875 0.0400390625
3 0.0576171875 0.0458984375 0.068359375 0.02880859375
3 0.0556640625 0.21142578125 0.07275390625 0.041015625
3 0.06201171875 0.2958984375 0.06005859375 0.0341796875
3 0.0576171875 0.37841796875 0.0810546875 0.04541015625
5 0.2724609375 0.04345703125 0.138671875 0.03173828125
5 0.87158203125 0.0458984375 0.18359375 0.02587890625
5 0.228515625 0.28564453125 0.15380859375 0.02490234375
5 0.18701171875 0.36669921875 0.06640625 0.02490234375
2 0.56103515625 0.43603515625 0.82275390625 0.05908203125
0 0.32568359375 0.93603515625 0.31396484375 0.05078125
5 0.5546875 0.93408203125 0.08740234375 0.02197265625
5 0.43701171875 0.6220703125 0.04931640625 0.0166015625
5 0.47216796875 0.7177734375 0.11962890625 0.0234375
5 0.4794921875 0.5458984375 0.12158203125 0.0234375
5 0.2412109375 0.49951171875 0.0810546875 0.0234375
5 0.4326171875 0.49951171875 0.1474609375 0.0205078125
5 0.68505859375 0.498046875 0.181640625 0.0234375
2 0.7724609375 0.28515625 0.408203125 0.0400390625
2 0.76708984375 0.3662109375 0.4189453125 0.037109375
2 0.6923828125 0.66357421875 0.55126953125 0.0439453125
2 0.703125 0.759765625 0.56396484375 0.03564453125
3 0.35693359375 0.6044921875 0.06005859375 0.03857421875
3 0.3544921875 0.5439453125 0.06005859375 0.033203125
3 0.35791015625 0.57421875 0.06201171875 0.033203125
6 0.17724609375 0.4970703125 0.03857421875 0.02490234375
6 0.3271484375 0.498046875 0.03857421875 0.0234375
6 0.56396484375 0.49658203125 0.02978515625 0.0234375
5 0.56640625 0.0419921875 0.16650390625 0.037109375
3 0.94873046875 0.8544921875 0.0341796875 0.033203125
3 0.95947265625 0.4970703125 0.046875 0.0302734375