5 0.08740234375 0.05810546875 0.0986328125 0.02880859375
0 0.10498046875 0.15576171875 0.1494140625 0.06005859375
0 0.30322265625 0.15576171875 0.14892578125 0.06201171875
0 0.10546875 0.28076171875 0.14990234375 0.06201171875
0 0.30322265625 0.2822265625 0.14990234375 0.06396484375
0 0.5009765625 0.15576171875 0.1513671875 0.06396484375
0 0.49951171875 0.2822265625 0.1494140625 0.06005859375
0 0.6982421875 0.15380859375 0.14794921875 0.0595703125
0 0.6982421875 0.2802734375 0.1494140625 0.060546875
0 0.896484375 0.158203125 0.14990234375 0.0634765625
0 0.8955078125 0.2841796875 0.150390625 0.064453125
5 0.125 0.3896484375 0.18994140625 0.03515625
7 0.06689453125 0.50048828125 0.068359375 0.0439453125
7 0.0654296875 0.5703125 0.0712890625 0.03955078125
7 0.185546875 0.49951171875 0.0703125 0.03857421875
7 0.1845703125 0.572265625 0.0703125 0.04443359375
7 0.30322265625 0.5009765625 0.0751953125 0.04345703125
7 0.302734375 0.57275390625 0.0703125 0.04150390625
7 0.4248046875 0.4990234375 0.072265625 0.0419921875
7 0.42333984375 0.57275390625 0.07177734375 0.0478515625
7 0.5419921875 0.5 0.0712890625 0.0439453125
7 0.5400390625 0.57177734375 0.07177734375 0.046875
7 0.662109375 0.5 0.072265625 0.046875
7 0.66357421875 0.57275390625 0.0732421875 0.0439453125
1 0.76123046875 0.49755859375 0.03466796875 0.0419921875
1 0.76171875 0.5712890625 0.03271484375 0.04150390625
1 0.84033203125 0.498046875 0.033203125 0.04248046875
1 0.83984375 0.57177734375 0.0341796875 0.04443359375
1 0.92431640625 0.4990234375 0.03564453125 0.04443359375
1 0.92529296875 0.572265625 0.03564453125 0.04443359375
5 0.0517578125 0.69091796875 0.06103515625 0.04052734375
0 0.0595703125 0.87890625 0.06640625 0.05419921875
0 0.1298828125 0.876953125 0.07373046875 0.0498046875
0 0.203125 0.876953125 0.07177734375 0.0498046875
0 0.28857421875 0.87744140625 0.0986328125 0.05126953125
0 0.41455078125 0.87890625 0.06591796875 0.05419921875
0 0.48876953125 0.8798828125 0.07373046875 0.04443359375
0 0.5615234375 0.87939453125 0.0751953125 0.05078125
0 0.6484375 0.8759765625 0.0966796875 0.05322265625