0 0.380859375 0.07568359375 0.0791015625 0.0546875
0 0.4609375 0.07470703125 0.0751953125 0.05078125
0 0.5380859375 0.07568359375 0.0771484375 0.0546875
0 0.619140625 0.07568359375 0.080078125 0.0537109375
1 0.3583984375 0.123046875 0.01416015625 0.01513671875
5 0.4228515625 0.12255859375 0.1025390625 0.02197265625
0 0.5009765625 0.16162109375 0.2978515625 0.03466796875
5 0.3603515625 0.2255859375 0.02734375 0.0263671875
5 0.37890625 0.3359375 0.064453125 0.02880859375
5 0.3759765625 0.5048828125 0.0478515625 0.02490234375
5 0.36865234375 0.56982421875 0.04150390625 0.0244140625
5 0.37548828125 0.62158203125 0.05078125 0.02587890625
5 0.380859375 0.69287109375 0.05712890625 0.041015625
2 0.50048828125 0.28125 0.32080078125 0.04638671875
2 0.49853515625 0.453125 0.31982421875 0.05029296875
4 0.5361328125 0.224609375 0.22802734375 0.04248046875
6 0.47021484375 0.3349609375 0.09814453125 0.037109375
6 0.568359375 0.33349609375 0.09521484375 0.03564453125
3 0.6357421875 0.3330078125 0.02197265625 0.02294921875
2 0.53515625 0.5048828125 0.228515625 0.0341796875
0 0.49951171875 0.390625 0.29931640625 0.05322265625
6 0.45751953125 0.5673828125 0.07421875 0.03662109375
6 0.5361328125 0.56689453125 0.080078125 0.03466796875
6 0.6123046875 0.56640625 0.07421875 0.0341796875
4 0.53466796875 0.6181640625 0.22509765625 0.0400390625
4 0.5361328125 0.69140625 0.22802734375 0.0400390625
0 0.439453125 0.8984375 0.12939453125 0.033203125
0 0.56884765625 0.8974609375 0.11279296875 0.0302734375