4 0.123046875 0.0791015625 0.20751953125 0.078125
7 0.56640625 0.89501953125 0.08056640625 0.0654296875
7 0.6826171875 0.896484375 0.07763671875 0.06689453125
2 0.625 0.48974609375 0.20703125 0.0751953125
2 0.6240234375 0.599609375 0.20654296875 0.07373046875
0 0.16748046875 0.18896484375 0.1201171875 0.0712890625
0 0.1650390625 0.283203125 0.12255859375 0.0673828125
0 0.31640625 0.1416015625 0.06494140625 0.03662109375
6 0.04736328125 0.19140625 0.04150390625 0.06689453125
6 0.0478515625 0.28369140625 0.04296875 0.068359375
0 0.12646484375 0.3818359375 0.1923828125 0.06982421875
0 0.12451171875 0.47412109375 0.20654296875 0.072265625
3 0.0498046875 0.6015625 0.046875 0.0712890625
3 0.12353515625 0.599609375 0.04931640625 0.0751953125
3 0.19873046875 0.6015625 0.05029296875 0.07568359375
3 0.05322265625 0.70361328125 0.048828125 0.06689453125
3 0.12353515625 0.7021484375 0.0517578125 0.07421875
3 0.19970703125 0.701171875 0.05419921875 0.07568359375
3 0.80419921875 0.890625 0.0537109375 0.07568359375
3 0.88232421875 0.89013671875 0.052734375 0.0791015625
3 0.9580078125 0.892578125 0.05078125 0.07958984375
3 0.79833984375 0.36572265625 0.05419921875 0.0888671875
3 0.87451171875 0.365234375 0.0595703125 0.0888671875
3 0.94873046875 0.36669921875 0.0595703125 0.0947265625
3 0.296875 0.26025390625 0.0537109375 0.0771484375
3 0.376953125 0.26123046875 0.05126953125 0.07666015625
3 0.435546875 0.40576171875 0.0478515625 0.07080078125
3 0.43603515625 0.544921875 0.04736328125 0.064453125
3 0.19921875 0.0810546875 0.03662109375 0.04638671875