1 0.044921875 0.4833984375 0.02734375 0.041015625
1 0.044921875 0.55322265625 0.02734375 0.0458984375
1 0.046875 0.6240234375 0.025390625 0.046875
1 0.046875 0.6923828125 0.029296875 0.044921875
1 0.04736328125 0.76416015625 0.0322265625 0.0458984375
1 0.04541015625 0.8330078125 0.0263671875 0.04296875
1 0.06640625 0.93505859375 0.001953125 0.0009765625
2 0.49609375 0.25830078125 0.9453125 0.0634765625
2 0.4951171875 0.41455078125 0.947265625 0.0615234375
5 0.1142578125 0.359375 0.19921875 0.033203125
5 0.11669921875 0.20654296875 0.2001953125 0.0322265625
1 0.04638671875 0.8994140625 0.0302734375 0.044921875
5 0.107421875 0.48291015625 0.091796875 0.0361328125
5 0.11083984375 0.552734375 0.0986328125 0.03515625
5 0.0986328125 0.6279296875 0.078125 0.037109375
5 0.09130859375 0.6943359375 0.0556640625 0.03515625
5 0.103515625 0.76513671875 0.080078125 0.0380859375
5 0.08837890625 0.83447265625 0.0576171875 0.0341796875
5 0.09716796875 0.90673828125 0.0673828125 0.0341796875