0 0.08837890625 0.0263671875 0.1767578125 0.052734375
0 0.265625 0.0263671875 0.17578125 0.052734375
0 0.09130859375 0.13427734375 0.15576171875 0.0439453125
0 0.26123046875 0.1328125 0.15673828125 0.046875
0 0.0908203125 0.19287109375 0.15478515625 0.04052734375
0 0.259765625 0.1923828125 0.15576171875 0.0439453125
0 0.09130859375 0.2529296875 0.15576171875 0.0439453125
0 0.259765625 0.2529296875 0.15576171875 0.0439453125
0 0.091796875 0.3115234375 0.1533203125 0.044921875
0 0.25927734375 0.3125 0.1513671875 0.03857421875
0 0.09130859375 0.37060546875 0.15576171875 0.04150390625
0 0.2607421875 0.37109375 0.15576171875 0.044921875
0 0.09130859375 0.4296875 0.150390625 0.0458984375
0 0.0908203125 0.5556640625 0.1513671875 0.0458984375
0 0.2607421875 0.55517578125 0.15576171875 0.046875
0 0.09228515625 0.61328125 0.15576171875 0.04248046875
0 0.26123046875 0.6142578125 0.15673828125 0.04052734375
0 0.09326171875 0.673828125 0.15576171875 0.046875
0 0.2607421875 0.67236328125 0.15576171875 0.0458984375
0 0.09130859375 0.73486328125 0.15771484375 0.0458984375
0 0.25927734375 0.734375 0.15478515625 0.044921875
0 0.0908203125 0.791015625 0.15673828125 0.0458984375
0 0.2607421875 0.79345703125 0.15234375 0.044921875
0 0.0908203125 0.8515625 0.1533203125 0.046875
0 0.26123046875 0.85205078125 0.1533203125 0.0478515625
0 0.091796875 0.91015625 0.1513671875 0.044921875
0 0.26123046875 0.91162109375 0.1533203125 0.03955078125
0 0.09326171875 0.9697265625 0.154296875 0.0478515625
0 0.26025390625 0.9716796875 0.15478515625 0.0439453125
5 0.42041015625 0.1455078125 0.05712890625 0.02490234375
5 0.41943359375 0.2861328125 0.06103515625 0.03125
5 0.40673828125 0.23046875 0.0341796875 0.017578125
5 0.587890625 0.23095703125 0.0322265625 0.0185546875
5 0.416015625 0.404296875 0.052734375 0.02587890625
5 0.43603515625 0.51904296875 0.095703125 0.02685546875
5 0.466796875 0.736328125 0.15771484375 0.01953125
4 0.4775390625 0.193359375 0.171875 0.0439453125
4 0.65966796875 0.19384765625 0.17041015625 0.044921875
4 0.5693359375 0.33251953125 0.35205078125 0.04248046875
4 0.568359375 0.4521484375 0.35595703125 0.046875
0 0.43017578125 0.93359375 0.07861328125 0.0439453125
3 0.33349609375 0.0810546875 0.01953125 0.02294921875
3 0.333984375 0.5029296875 0.0205078125 0.02197265625
5 0.0595703125 0.50439453125 0.09423828125 0.02392578125
5 0.07177734375 0.07958984375 0.11474609375 0.02587890625