1 0.02978515625 0.24560546875 0.0419921875 0.0283203125
1 0.03125 0.421875 0.037109375 0.033203125
1 0.0283203125 0.58740234375 0.037109375 0.0283203125
3 0.0546875 0.09375 0.037109375 0.02734375
3 0.12548828125 0.09375 0.0380859375 0.029296875
3 0.19970703125 0.09521484375 0.0478515625 0.0380859375
3 0.27099609375 0.09375 0.0341796875 0.03125
3 0.3330078125 0.0966796875 0.037109375 0.029296875
3 0.78173828125 0.09521484375 0.0380859375 0.0185546875
3 0.86083984375 0.095703125 0.0478515625 0.03125
3 0.94384765625 0.09326171875 0.0400390625 0.0341796875
3 0.84814453125 0.6708984375 0.0400390625 0.033203125
3 0.958984375 0.66943359375 0.033203125 0.0302734375
3 0.95703125 0.720703125 0.03515625 0.029296875
3 0.90380859375 0.671875 0.0458984375 0.01953125
3 0.6669921875 0.6708984375 0.041015625 0.033203125
3 0.47998046875 0.67041015625 0.0419921875 0.0302734375
3 0.29248046875 0.67041015625 0.0380859375 0.0322265625
3 0.12109375 0.671875 0.048828125 0.033203125
3 0.0458984375 0.716796875 0.033203125 0.037109375
3 0.048828125 0.67041015625 0.046875 0.0341796875
0 0.07666015625 0.2841796875 0.1259765625 0.041015625