1 0.0634765625 0.18505859375 0.0625 0.0732421875
1 0.06689453125 0.28662109375 0.0537109375 0.0693359375
1 0.064453125 0.388671875 0.056640625 0.078125
6 0.6298828125 0.18701171875 0.046875 0.0517578125
6 0.62890625 0.28857421875 0.05859375 0.0693359375
6 0.6298828125 0.3935546875 0.060546875 0.06640625
1 0.0654296875 0.494140625 0.048828125 0.0703125
1 0.06298828125 0.59765625 0.0537109375 0.06640625
0 0.86572265625 0.85888671875 0.2138671875 0.1240234375
0 0.6259765625 0.85693359375 0.21484375 0.1240234375
0 0.38525390625 0.85791015625 0.2158203125 0.1201171875
0 0.14892578125 0.85888671875 0.2080078125 0.1240234375