5 0.10888671875 0.48583984375 0.12744140625 0.02392578125
5 0.5361328125 0.48583984375 0.12744140625 0.02392578125
5 0.10595703125 0.58203125 0.12744140625 0.021484375
5 0.1015625 0.6748046875 0.1123046875 0.021484375
5 0.07861328125 0.7705078125 0.06689453125 0.01953125
5 0.45751953125 0.771484375 0.07861328125 0.02587890625
5 0.6787109375 0.7724609375 0.07275390625 0.02783203125
5 0.087890625 0.865234375 0.0908203125 0.02392578125
5 0.5546875 0.865234375 0.16357421875 0.02783203125
4 0.24072265625 0.5224609375 0.384765625 0.041015625
4 0.67138671875 0.5224609375 0.384765625 0.03662109375
4 0.40625 0.61767578125 0.71533203125 0.03662109375
4 0.40771484375 0.71337890625 0.71826171875 0.03857421875
4 0.2138671875 0.80810546875 0.32421875 0.03466796875
4 0.513671875 0.80908203125 0.18505859375 0.03662109375
4 0.755859375 0.80712890625 0.208984375 0.0322265625
4 0.2421875 0.90185546875 0.3818359375 0.03662109375
4 0.67138671875 0.90283203125 0.384765625 0.03857421875