6 0.25830078125 0.2080078125 0.0419921875 0.0703125
6 0.2578125 0.34619140625 0.041015625 0.0712890625
6 0.2587890625 0.48486328125 0.04296875 0.0673828125
6 0.57373046875 0.349609375 0.0419921875 0.0703125
6 0.57470703125 0.48583984375 0.0439453125 0.0673828125
6 0.57421875 0.62353515625 0.06640625 0.1044921875
6 0.8896484375 0.49560546875 0.04296875 0.0712890625
6 0.8896484375 0.63525390625 0.046875 0.0673828125
6 0.88818359375 0.77197265625 0.0478515625 0.0712890625
5 0.125 0.21435546875 0.0703125 0.0498046875
5 0.12353515625 0.34912109375 0.0634765625 0.0458984375
5 0.134765625 0.4873046875 0.0859375 0.05078125
5 0.4384765625 0.349609375 0.068359375 0.048828125
5 0.439453125 0.48486328125 0.060546875 0.0537109375
5 0.45166015625 0.62939453125 0.0830078125 0.0478515625
5 0.7548828125 0.4990234375 0.0703125 0.048828125
5 0.75244140625 0.63623046875 0.0712890625 0.0537109375
5 0.765625 0.77490234375 0.0859375 0.0537109375