7 0.42138671875 0.32568359375 0.0517578125 0.0380859375
7 0.4228515625 0.39111328125 0.046875 0.0419921875
7 0.90966796875 0.3251953125 0.0478515625 0.041015625
7 0.91015625 0.39501953125 0.048828125 0.0400390625
7 0.42431640625 0.6044921875 0.0419921875 0.033203125
7 0.4248046875 0.67138671875 0.04296875 0.0341796875
7 0.912109375 0.6083984375 0.041015625 0.033203125
7 0.91064453125 0.67529296875 0.0458984375 0.0341796875
5 0.14453125 0.32275390625 0.16015625 0.0283203125
5 0.0859375 0.3916015625 0.044921875 0.025390625
5 0.63232421875 0.32470703125 0.1650390625 0.0283203125
5 0.5712890625 0.39208984375 0.052734375 0.0244140625
5 0.14453125 0.60205078125 0.166015625 0.0263671875
5 0.08544921875 0.671875 0.0458984375 0.025390625
5 0.63037109375 0.6015625 0.1708984375 0.033203125
5 0.57470703125 0.67333984375 0.0498046875 0.0302734375