5 0.08984375 0.09619140625 0.11865234375 0.03173828125
5 0.31787109375 0.09619140625 0.12158203125 0.03173828125
5 0.11279296875 0.220703125 0.16162109375 0.03173828125
5 0.09375 0.34716796875 0.12451171875 0.02978515625
5 0.087890625 0.478515625 0.11474609375 0.025390625
5 0.05126953125 0.61279296875 0.04150390625 0.0283203125
5 0.078125 0.74560546875 0.08984375 0.02685546875
5 0.14453125 0.876953125 0.2333984375 0.025390625
5 0.6201171875 0.48095703125 0.173828125 0.02685546875
5 0.64990234375 0.3486328125 0.236328125 0.033203125
5 0.58203125 0.2197265625 0.09521484375 0.0361328125
5 0.59814453125 0.0986328125 0.12451171875 0.02685546875
5 0.81787109375 0.09521484375 0.12158203125 0.02978515625
5 0.6337890625 0.03857421875 0.212890625 0.04248046875
5 0.1064453125 0.03759765625 0.16552734375 0.03759765625
4 0.13525390625 0.1513671875 0.20703125 0.06298828125
4 0.3603515625 0.15283203125 0.20458984375 0.06298828125
2 0.248046875 0.27783203125 0.43212890625 0.064453125
2 0.248046875 0.53759765625 0.43212890625 0.0615234375
2 0.24853515625 0.8017578125 0.43115234375 0.06298828125
4 0.2470703125 0.935546875 0.43115234375 0.06298828125
4 0.2470703125 0.669921875 0.43115234375 0.0615234375
4 0.24951171875 0.4052734375 0.43212890625 0.0615234375
4 0.64013671875 0.1533203125 0.20556640625 0.0615234375
4 0.86328125 0.15283203125 0.20703125 0.06298828125
4 0.7529296875 0.27783203125 0.43115234375 0.064453125
4 0.7529296875 0.40478515625 0.43359375 0.06298828125
4 0.75048828125 0.53857421875 0.43212890625 0.06591796875