6 0.32763671875 0.5283203125 0.0224609375 0.056640625
6 0.3271484375 0.64501953125 0.021484375 0.0556640625
6 0.3271484375 0.7607421875 0.025390625 0.05859375
6 0.32763671875 0.8779296875 0.0244140625 0.052734375
3 0.32568359375 0.33447265625 0.0263671875 0.0419921875
3 0.6728515625 0.33349609375 0.015625 0.0439453125
5 0.3974609375 0.33203125 0.08984375 0.05078125
5 0.3759765625 0.5302734375 0.046875 0.03125
5 0.3818359375 0.64404296875 0.0546875 0.0380859375
5 0.39501953125 0.763671875 0.0751953125 0.04296875
5 0.37451171875 0.87744140625 0.0458984375 0.0380859375