5 0.3203125 0.037109375 0.05712890625 0.02978515625
5 0.337890625 0.08984375 0.03125 0.017578125
5 0.24169921875 0.08984375 0.0859375 0.04541015625
5 0.2412109375 0.14111328125 0.07666015625 0.02001953125
5 0.23681640625 0.21728515625 0.08544921875 0.03857421875
5 0.33642578125 0.21630859375 0.03662109375 0.017578125
5 0.23974609375 0.2705078125 0.08154296875 0.02099609375
5 0.236328125 0.3427734375 0.08837890625 0.041015625
5 0.23388671875 0.39697265625 0.0966796875 0.0234375
5 0.3271484375 0.466796875 0.05224609375 0.02294921875
5 0.23974609375 0.525390625 0.06787109375 0.0439453125
5 0.23974609375 0.6064453125 0.0751953125 0.033203125
5 0.23681640625 0.69580078125 0.08154296875 0.0390625
5 0.2353515625 0.7685546875 0.0859375 0.01904296875
5 0.23681640625 0.8603515625 0.0888671875 0.0390625
5 0.23681640625 0.93408203125 0.09228515625 0.0283203125
5 0.3369140625 0.3408203125 0.0380859375 0.0224609375
5 0.34912109375 0.52734375 0.0537109375 0.02001953125
5 0.3486328125 0.6943359375 0.06005859375 0.02880859375
5 0.3466796875 0.861328125 0.06494140625 0.0302734375
4 0.56591796875 0.0888671875 0.4111328125 0.025390625
4 0.54736328125 0.142578125 0.44873046875 0.0263671875
4 0.56201171875 0.52685546875 0.35693359375 0.04541015625
4 0.53125 0.60107421875 0.4169921875 0.04638671875
2 0.5654296875 0.21533203125 0.4111328125 0.02685546875
2 0.5478515625 0.26904296875 0.447265625 0.025390625
2 0.5615234375 0.693359375 0.35693359375 0.04638671875
2 0.53125 0.7685546875 0.41552734375 0.04541015625
2 0.56591796875 0.34130859375 0.41162109375 0.02490234375
2 0.54736328125 0.3955078125 0.44873046875 0.02490234375
2 0.56201171875 0.86083984375 0.357421875 0.04541015625
2 0.5322265625 0.93505859375 0.4169921875 0.04638671875