2 0.18505859375 0.1611328125 0.3154296875 0.123046875
2 0.470703125 0.16162109375 0.248046875 0.0966796875
2 0.7021484375 0.16015625 0.19921875 0.076171875
2 0.18603515625 0.4326171875 0.3095703125 0.119140625
2 0.5048828125 0.43408203125 0.31640625 0.1220703125
2 0.82568359375 0.43359375 0.3095703125 0.123046875
2 0.15087890625 0.6923828125 0.2451171875 0.099609375
2 0.40625 0.6923828125 0.248046875 0.09375
2 0.66015625 0.69482421875 0.244140625 0.0966796875
2 0.1279296875 0.9296875 0.201171875 0.08203125
2 0.3388671875 0.9287109375 0.19921875 0.08203125
2 0.546875 0.9306640625 0.201171875 0.080078125