5 0.08203125 0.22607421875 0.0849609375 0.021484375
5 0.08349609375 0.31884765625 0.08203125 0.02587890625
5 0.12744140625 0.4169921875 0.17578125 0.02783203125
5 0.1181640625 0.5126953125 0.1513671875 0.02587890625
5 0.365234375 0.51416015625 0.1728515625 0.02783203125
5 0.11083984375 0.60986328125 0.15478515625 0.0302734375
4 0.3623046875 0.26513671875 0.62744140625 0.03857421875
4 0.365234375 0.35791015625 0.63916015625 0.03857421875
4 0.2138671875 0.4560546875 0.34228515625 0.041015625
4 0.12890625 0.55078125 0.1728515625 0.03662109375
2 0.35009765625 0.5517578125 0.1123046875 0.03857421875
4 0.36083984375 0.6767578125 0.63037109375 0.0947265625
0 0.5 0.79833984375 0.2001953125 0.05810546875