5 0.18896484375 0.27294921875 0.1416015625 0.0263671875
5 0.18017578125 0.40087890625 0.12353515625 0.0244140625
5 0.19091796875 0.52880859375 0.14501953125 0.0263671875
5 0.1748046875 0.65625 0.11328125 0.0263671875
5 0.18603515625 0.7841796875 0.134765625 0.02783203125
5 0.19482421875 0.90771484375 0.146484375 0.02783203125
5 0.68505859375 0.26611328125 0.14990234375 0.03173828125
5 0.7041015625 0.31982421875 0.19482421875 0.03759765625
4 0.29833984375 0.3212890625 0.3564453125 0.0595703125
4 0.2998046875 0.44970703125 0.3564453125 0.05810546875
4 0.30078125 0.58056640625 0.35498046875 0.05810546875
4 0.2998046875 0.70751953125 0.353515625 0.05810546875
4 0.2998046875 0.83642578125 0.353515625 0.05810546875
4 0.30078125 0.95703125 0.35498046875 0.0595703125
4 0.6875 0.44970703125 0.3349609375 0.18115234375
4 0.6884765625 0.6484375 0.33984375 0.17919921875
4 0.6875 0.8486328125 0.33837890625 0.17919921875
7 0.568359375 0.26611328125 0.06982421875 0.04296875
7 0.5673828125 0.31689453125 0.07177734375 0.04296875