1 0.4970703125 0.3447265625 0.03125 0.041015625
1 0.4951171875 0.40380859375 0.03125 0.0400390625
1 0.06689453125 0.80712890625 0.0322265625 0.0458984375
2 0.26611328125 0.35546875 0.4111328125 0.0859375
2 0.26611328125 0.48291015625 0.3818359375 0.0712890625
4 0.38525390625 0.607421875 0.6240234375 0.060546875
0 0.12109375 0.9208984375 0.185546875 0.068359375
0 0.66455078125 0.92138671875 0.1845703125 0.0732421875
0 0.87158203125 0.92333984375 0.1806640625 0.0654296875
0 0.29296875 0.14990234375 0.224609375 0.0595703125
0 0.4921875 0.1533203125 0.169921875 0.060546875
0 0.099609375 0.1533203125 0.146484375 0.08984375
3 0.72412109375 0.60595703125 0.0537109375 0.0654296875
3 0.92333984375 0.0537109375 0.0380859375 0.041015625
3 0.81494140625 0.05224609375 0.0263671875 0.0458984375