2 0.12255859375 0.56396484375 0.1865234375 0.07373046875
5 0.0859375 0.44384765625 0.11669921875 0.06591796875
5 0.5703125 0.44189453125 0.11328125 0.04638671875
4 0.3232421875 0.44384765625 0.22509765625 0.07373046875
4 0.3291015625 0.56591796875 0.18798828125 0.07763671875
4 0.80224609375 0.44384765625 0.2236328125 0.06591796875
0 0.49755859375 0.56591796875 0.0517578125 0.06982421875
0 0.787109375 0.93212890625 0.06982421875 0.07373046875
0 0.8525390625 0.93603515625 0.05517578125 0.07373046875
0 0.9326171875 0.93603515625 0.095703125 0.08154296875
0 0.96533203125 0.05419921875 0.056640625 0.07763671875
0 0.212890625 0.18017578125 0.076171875 0.0966796875
0 0.09619140625 0.17822265625 0.1474609375 0.09326171875
0 0.31298828125 0.17626953125 0.11669921875 0.08935546875
0 0.41796875 0.18017578125 0.07763671875 0.08935546875
0 0.529296875 0.17822265625 0.14111328125 0.1005859375
0 0.65966796875 0.17822265625 0.11669921875 0.09326171875
0 0.7578125 0.17822265625 0.06982421875 0.09326171875
0 0.8466796875 0.17626953125 0.09228515625 0.08935546875