5 0.498046875 0.49462890625 0.537109375 0.0810546875
0 0.92822265625 0.09765625 0.10595703125 0.06201171875
0 0.4970703125 0.98779296875 0.19873046875 0.01611328125
3 0.7734375 0.103515625 0.017578125 0.02490234375
5 0.82666015625 0.10302734375 0.0791015625 0.02880859375
5 0.6982421875 0.10205078125 0.0703125 0.02490234375
5 0.61181640625 0.099609375 0.0498046875 0.02978515625
3 0.08740234375 0.10009765625 0.1494140625 0.0390625
5 0.109375 0.177734375 0.189453125 0.02978515625
5 0.248046875 0.173828125 0.04296875 0.02978515625
5 0.31884765625 0.17236328125 0.0400390625 0.03515625
5 0.3876953125 0.17431640625 0.048828125 0.0390625
5 0.47216796875 0.17529296875 0.0693359375 0.03515625
5 0.560546875 0.17626953125 0.052734375 0.04052734375
5 0.64501953125 0.17431640625 0.0673828125 0.04931640625
0 0.9169921875 0.19921875 0.1328125 0.06787109375
5 0.0390625 0.24169921875 0.05078125 0.01708984375
5 0.1123046875 0.24267578125 0.06640625 0.02490234375
5 0.19091796875 0.24365234375 0.0654296875 0.02587890625
5 0.2734375 0.24365234375 0.068359375 0.02880859375
5 0.35205078125 0.2421875 0.0537109375 0.03369140625
5 0.41259765625 0.24072265625 0.0302734375 0.0234375
5 0.4609375 0.240234375 0.041015625 0.01953125
5 0.515625 0.244140625 0.04296875 0.02490234375
5 0.568359375 0.24169921875 0.03125 0.02734375
5 0.63720703125 0.24609375 0.0634765625 0.02587890625
5 0.70556640625 0.24267578125 0.0478515625 0.02197265625
5 0.80029296875 0.24072265625 0.1162109375 0.03125
5 0.890625 0.24169921875 0.029296875 0.01953125
3 0.97802734375 0.033203125 0.0205078125 0.02978515625