7 0.171875 0.0888671875 0.087890625 0.083984375
7 0.17236328125 0.24267578125 0.0751953125 0.0673828125
7 0.17236328125 0.42431640625 0.0869140625 0.0693359375
7 0.17578125 0.5888671875 0.08203125 0.07421875
7 0.17236328125 0.7568359375 0.0849609375 0.068359375
7 0.498046875 0.0908203125 0.078125 0.080078125
7 0.50048828125 0.234375 0.0869140625 0.0703125
7 0.50146484375 0.42431640625 0.0986328125 0.0751953125
7 0.4990234375 0.580078125 0.095703125 0.064453125
7 0.49853515625 0.7470703125 0.0927734375 0.05859375
7 0.83056640625 0.087890625 0.0908203125 0.064453125
7 0.828125 0.4169921875 0.087890625 0.05859375
7 0.82568359375 0.58837890625 0.1533203125 0.0693359375
7 0.82568359375 0.75 0.0908203125 0.052734375
5 0.83056640625 0.23828125 0.0771484375 0.056640625