1 0.43310546875 0.29345703125 0.0380859375 0.0634765625
1 0.43212890625 0.41064453125 0.0322265625 0.0634765625
1 0.431640625 0.53173828125 0.033203125 0.0634765625
1 0.43359375 0.64697265625 0.037109375 0.0595703125
1 0.43212890625 0.76318359375 0.0322265625 0.0634765625
5 0.205078125 0.28662109375 0.244140625 0.0439453125
5 0.19921875 0.1787109375 0.2421875 0.046875
5 0.21533203125 0.39990234375 0.2666015625 0.0458984375
5 0.22265625 0.5244140625 0.279296875 0.041015625
5 0.22021484375 0.63916015625 0.2783203125 0.0439453125
5 0.21435546875 0.75439453125 0.2705078125 0.0478515625