7 0.1005859375 0.56103515625 0.080078125 0.0693359375
7 0.09521484375 0.67529296875 0.0810546875 0.0712890625
7 0.7060546875 0.7744140625 0.1015625 0.052734375
7 0.880859375 0.77392578125 0.107421875 0.0595703125
6 0.6796875 0.68603515625 0.0390625 0.0693359375
6 0.75244140625 0.6875 0.0556640625 0.06640625
6 0.82763671875 0.69091796875 0.0458984375 0.0732421875
6 0.90283203125 0.69140625 0.0478515625 0.083984375
4 0.48681640625 0.501953125 0.2392578125 0.078125
4 0.48876953125 0.61962890625 0.2412109375 0.0810546875
3 0.39404296875 0.748046875 0.0458984375 0.0546875
3 0.3955078125 0.87744140625 0.037109375 0.0556640625
3 0.48583984375 0.74560546875 0.0400390625 0.0498046875
3 0.5771484375 0.74755859375 0.033203125 0.0673828125
3 0.578125 0.87646484375 0.03515625 0.0517578125
3 0.69677734375 0.8642578125 0.0458984375 0.056640625
3 0.79541015625 0.865234375 0.0556640625 0.052734375
3 0.48681640625 0.87646484375 0.0439453125 0.0615234375
3 0.892578125 0.86572265625 0.0546875 0.0517578125
3 0.27978515625 0.810546875 0.0302734375 0.04296875