0 0.53759765625 0.01806640625 0.06787109375 0.02734375
7 0.63134765625 0.26220703125 0.02099609375 0.015625
0 0.0419921875 0.11865234375 0.0576171875 0.03271484375
0 0.1171875 0.11865234375 0.08154296875 0.03271484375
0 0.220703125 0.119140625 0.11572265625 0.03369140625
0 0.3056640625 0.1181640625 0.0439453125 0.03173828125
0 0.37548828125 0.11865234375 0.08447265625 0.03271484375
5 0.61083984375 0.26025390625 0.0185546875 0.017578125
5 0.0439453125 0.298828125 0.02978515625 0.017578125
5 0.37109375 0.30126953125 0.0537109375 0.0126953125
4 0.4951171875 0.3310546875 0.2939453125 0.02734375
4 0.1767578125 0.33056640625 0.29248046875 0.0263671875
4 0.49462890625 0.44287109375 0.29296875 0.0263671875
4 0.1767578125 0.4423828125 0.2939453125 0.025390625
5 0.35595703125 0.4130859375 0.02734375 0.017578125
5 0.0361328125 0.4111328125 0.02197265625 0.01904296875
5 0.048828125 0.482421875 0.04150390625 0.0146484375
4 0.33544921875 0.51318359375 0.611328125 0.0263671875
0 0.07080078125 0.58544921875 0.08203125 0.0263671875
2 0.07763671875 0.62158203125 0.08837890625 0.02294921875
3 0.13623046875 0.62158203125 0.0107421875 0.015625
3 0.1611328125 0.62158203125 0.0107421875 0.0146484375
3 0.1865234375 0.6220703125 0.01318359375 0.0166015625
3 0.21142578125 0.62158203125 0.01318359375 0.0166015625
3 0.236328125 0.62158203125 0.01416015625 0.017578125
3 0.26220703125 0.62158203125 0.0166015625 0.01806640625
3 0.2861328125 0.62158203125 0.01416015625 0.01904296875
3 0.3115234375 0.6220703125 0.0166015625 0.01806640625
3 0.33642578125 0.62158203125 0.0166015625 0.01904296875
3 0.361328125 0.6220703125 0.0185546875 0.02001953125
0 0.58154296875 0.58984375 0.04052734375 0.0244140625
0 0.62353515625 0.59033203125 0.03369140625 0.02197265625
1 0.03515625 0.8994140625 0.0126953125 0.0146484375
5 0.09521484375 0.89990234375 0.1015625 0.013671875
0 0.05078125 0.94921875 0.0439453125 0.0302734375