5 0.2060546875 0.1748046875 0.08740234375 0.0498046875
4 0.3037109375 0.28369140625 0.279296875 0.072265625
4 0.3037109375 0.38232421875 0.2763671875 0.080078125
4 0.30419921875 0.48388671875 0.27783203125 0.07763671875
4 0.69775390625 0.3623046875 0.279296875 0.06982421875
4 0.69775390625 0.4775390625 0.2763671875 0.080078125
5 0.63330078125 0.21630859375 0.14453125 0.04736328125
3 0.18896484375 0.28271484375 0.02490234375 0.05517578125
3 0.18896484375 0.3837890625 0.03076171875 0.0576171875
3 0.189453125 0.482421875 0.03173828125 0.05517578125
3 0.583984375 0.35888671875 0.0234375 0.04736328125
3 0.58544921875 0.478515625 0.029296875 0.0576171875
0 0.7001953125 0.64501953125 0.27783203125 0.0751953125
0 0.30615234375 0.78125 0.28173828125 0.08251953125