5 0.4951171875 0.138671875 0.55810546875 0.05908203125
5 0.05322265625 0.21044921875 0.05810546875 0.01611328125
5 0.06103515625 0.296875 0.078125 0.0146484375
5 0.048828125 0.482421875 0.05419921875 0.01611328125
5 0.5439453125 0.4814453125 0.06005859375 0.0146484375
5 0.0849609375 0.5791015625 0.1259765625 0.0205078125
5 0.10791015625 0.6298828125 0.06787109375 0.01904296875
5 0.11279296875 0.66162109375 0.078125 0.0146484375
5 0.60107421875 0.6611328125 0.158203125 0.01611328125
4 0.2587890625 0.2451171875 0.47021484375 0.03857421875
4 0.7421875 0.2451171875 0.47216796875 0.03857421875
4 0.5009765625 0.3310546875 0.9541015625 0.03857421875
4 0.5009765625 0.380859375 0.9541015625 0.03857421875
4 0.208984375 0.4306640625 0.3740234375 0.037109375
2 0.60009765625 0.43115234375 0.3759765625 0.04150390625
4 0.89013671875 0.43212890625 0.17578125 0.0400390625
4 0.2529296875 0.5185546875 0.4658203125 0.03857421875
4 0.744140625 0.51611328125 0.4560546875 0.04296875
4 0.73486328125 0.69580078125 0.421875 0.03857421875
2 0.287109375 0.69580078125 0.421875 0.03857421875
0 0.08984375 0.8779296875 0.1279296875 0.0341796875
0 0.0751953125 0.9609375 0.10205078125 0.04296875