6 0.46923828125 0.54931640625 0.0634765625 0.0888671875
3 0.2119140625 0.1181640625 0.05078125 0.041015625
3 0.298828125 0.2607421875 0.03125 0.064453125
3 0.30029296875 0.408203125 0.0537109375 0.046875
3 0.07666015625 0.9013671875 0.0634765625 0.083984375
3 0.2265625 0.89892578125 0.083984375 0.0927734375
3 0.373046875 0.90087890625 0.076171875 0.0810546875
1 0.2998046875 0.1171875 0.052734375 0.06640625
1 0.384765625 0.2607421875 0.048828125 0.0703125
1 0.38525390625 0.4072265625 0.0498046875 0.07421875
5 0.41552734375 0.11376953125 0.1123046875 0.0615234375
5 0.50341796875 0.2568359375 0.1201171875 0.056640625
5 0.5947265625 0.4033203125 0.3125 0.056640625
5 0.5927734375 0.54833984375 0.125 0.0556640625