1 0.55322265625 0.46630859375 0.0517578125 0.0615234375
1 0.5517578125 0.58935546875 0.048828125 0.0615234375
1 0.5537109375 0.7119140625 0.052734375 0.05859375
1 0.5546875 0.8310546875 0.05078125 0.064453125
1 0.31689453125 0.30908203125 0.0478515625 0.0654296875
1 0.31494140625 0.42626953125 0.0498046875 0.0634765625
1 0.31640625 0.54345703125 0.05078125 0.0634765625
1 0.3173828125 0.658203125 0.052734375 0.06640625
6 0.08935546875 0.1396484375 0.0556640625 0.072265625
6 0.09326171875 0.2548828125 0.0537109375 0.0703125
6 0.09130859375 0.36865234375 0.0537109375 0.0751953125
6 0.0927734375 0.49072265625 0.05078125 0.0712890625