5 0.107421875 0.03076171875 0.05419921875 0.0341796875
5 0.09326171875 0.0927734375 0.03271484375 0.0224609375
5 0.26513671875 0.09375 0.07080078125 0.02099609375
5 0.50341796875 0.09375 0.0517578125 0.02392578125
0 0.66455078125 0.0322265625 0.0986328125 0.04150390625
0 0.75927734375 0.03076171875 0.078125 0.04150390625
3 0.82177734375 0.03173828125 0.015625 0.02392578125
3 0.84375 0.03173828125 0.0146484375 0.0224609375
4 0.8740234375 0.0927734375 0.146484375 0.03759765625
0 0.779296875 0.17626953125 0.068359375 0.03564453125
0 0.88232421875 0.17529296875 0.12841796875 0.04150390625
5 0.16455078125 0.09326171875 0.04345703125 0.017578125
5 0.345703125 0.09375 0.0263671875 0.02099609375
5 0.4189453125 0.09375 0.0341796875 0.017578125
5 0.57421875 0.09326171875 0.0244140625 0.02197265625
5 0.11328125 0.18408203125 0.13037109375 0.03173828125
5 0.08349609375 0.25 0.02685546875 0.0205078125
5 0.3134765625 0.25390625 0.03955078125 0.01513671875
5 0.548828125 0.25341796875 0.05517578125 0.013671875
5 0.7783203125 0.255859375 0.0615234375 0.0166015625
5 0.11669921875 0.5263671875 0.09423828125 0.0224609375
5 0.54833984375 0.5322265625 0.06201171875 0.0341796875
5 0.58056640625 0.90966796875 0.11865234375 0.03173828125
3 0.55126953125 0.09423828125 0.015625 0.02587890625
3 0.46630859375 0.09423828125 0.01806640625 0.02734375
3 0.38916015625 0.091796875 0.0166015625 0.0224609375
3 0.322265625 0.09423828125 0.01416015625 0.0224609375
3 0.216796875 0.09423828125 0.01611328125 0.01953125
3 0.1318359375 0.09228515625 0.01416015625 0.01904296875
3 0.06787109375 0.09228515625 0.01318359375 0.0263671875
3 0.19091796875 0.09423828125 0.0068359375 0.0107421875
3 0.36328125 0.09521484375 0.0078125 0.0126953125
3 0.439453125 0.0947265625 0.0068359375 0.01123046875
3 0.59130859375 0.0947265625 0.0078125 0.0126953125
3 0.0791015625 0.4384765625 0.02880859375 0.04736328125
3 0.30517578125 0.4384765625 0.0283203125 0.0458984375
3 0.53125 0.43798828125 0.02783203125 0.04541015625
3 0.7578125 0.4384765625 0.0283203125 0.0458984375