1 0.40576171875 0.2666015625 0.0322265625 0.03125
1 0.40625 0.669921875 0.03125 0.033203125
1 0.40576171875 0.31689453125 0.0302734375 0.0341796875
1 0.4052734375 0.3681640625 0.03125 0.033203125
1 0.4052734375 0.41943359375 0.03125 0.0361328125
1 0.40576171875 0.7197265625 0.0322265625 0.033203125
1 0.40625 0.77099609375 0.029296875 0.0361328125
1 0.40625 0.8212890625 0.03125 0.033203125
5 0.52392578125 0.6689453125 0.1767578125 0.03125
5 0.5244140625 0.720703125 0.17578125 0.02734375
5 0.52392578125 0.771484375 0.1748046875 0.02734375
5 0.5234375 0.822265625 0.17578125 0.02734375
5 0.2109375 0.576171875 0.115234375 0.02734375
5 0.1953125 0.17529296875 0.08203125 0.0224609375
5 0.5244140625 0.2666015625 0.177734375 0.02734375
5 0.52490234375 0.31640625 0.1787109375 0.025390625
5 0.52490234375 0.3701171875 0.1787109375 0.03125
5 0.52490234375 0.4228515625 0.1787109375 0.033203125