6 0.56005859375 0.34912109375 0.0283203125 0.0361328125
6 0.55908203125 0.4091796875 0.0283203125 0.0390625
6 0.55908203125 0.46923828125 0.0263671875 0.0361328125
6 0.55908203125 0.52880859375 0.0263671875 0.0361328125
6 0.5595703125 0.58984375 0.02734375 0.03515625
6 0.55859375 0.64990234375 0.029296875 0.0341796875
1 0.34814453125 0.349609375 0.0244140625 0.033203125
1 0.34716796875 0.40966796875 0.0263671875 0.0361328125
1 0.34765625 0.4697265625 0.02734375 0.033203125
1 0.34814453125 0.52978515625 0.0263671875 0.0341796875
1 0.34765625 0.58984375 0.025390625 0.033203125
1 0.34716796875 0.650390625 0.0263671875 0.033203125