6 0.056640625 0.30810546875 0.044921875 0.0947265625
6 0.05615234375 0.5556640625 0.0439453125 0.099609375
6 0.05517578125 0.80224609375 0.0439453125 0.0966796875
6 0.55029296875 0.30859375 0.0439453125 0.09765625
6 0.54931640625 0.5556640625 0.0439453125 0.09375
6 0.55029296875 0.80224609375 0.0458984375 0.0986328125
5 0.501953125 0.0810546875 0.513671875 0.056640625
5 0.19677734375 0.31005859375 0.1982421875 0.0537109375
5 0.203125 0.55908203125 0.20703125 0.0693359375
5 0.16796875 0.8037109375 0.140625 0.064453125
5 0.7763671875 0.30810546875 0.369140625 0.0654296875
5 0.72802734375 0.56103515625 0.2724609375 0.0673828125
5 0.70361328125 0.8076171875 0.2236328125 0.06640625