1 0.88818359375 0.2265625 0.0537109375 0.02734375
1 0.88818359375 0.29833984375 0.0537109375 0.0244140625
1 0.88818359375 0.37109375 0.0517578125 0.0234375
1 0.88720703125 0.44384765625 0.0517578125 0.0244140625
1 0.88818359375 0.5166015625 0.0517578125 0.025390625
1 0.888671875 0.5888671875 0.05078125 0.021484375
7 0.888671875 0.15576171875 0.091796875 0.0302734375
7 0.88818359375 0.66162109375 0.0947265625 0.0341796875
7 0.8876953125 0.73388671875 0.09375 0.0302734375
7 0.8896484375 0.806640625 0.09765625 0.033203125
7 0.888671875 0.8798828125 0.099609375 0.033203125
5 0.3583984375 0.07861328125 0.404296875 0.0302734375
5 0.21142578125 0.15576171875 0.0888671875 0.0205078125
5 0.35400390625 0.2294921875 0.1748046875 0.02734375
5 0.35498046875 0.30029296875 0.1708984375 0.0224609375
5 0.326171875 0.3740234375 0.119140625 0.0234375
5 0.3330078125 0.4443359375 0.130859375 0.0234375
5 0.39599609375 0.517578125 0.2587890625 0.03515625
5 0.3583984375 0.59033203125 0.1875 0.0263671875
5 0.22705078125 0.6630859375 0.1142578125 0.025390625
5 0.25732421875 0.7333984375 0.1923828125 0.03125
5 0.203125 0.8037109375 0.076171875 0.021484375
5 0.2265625 0.880859375 0.126953125 0.02734375
3 0.1005859375 0.8818359375 0.0703125 0.029296875
3 0.10009765625 0.80517578125 0.0712890625 0.0380859375
3 0.10009765625 0.7333984375 0.0576171875 0.037109375
3 0.099609375 0.65966796875 0.078125 0.0419921875
3 0.20263671875 0.58740234375 0.0693359375 0.0283203125
3 0.20361328125 0.51708984375 0.0615234375 0.0341796875
3 0.19921875 0.44091796875 0.05859375 0.0361328125
3 0.2001953125 0.3701171875 0.056640625 0.033203125
3 0.20068359375 0.296875 0.0517578125 0.041015625
3 0.2021484375 0.2275390625 0.056640625 0.0390625
3 0.10107421875 0.15478515625 0.0693359375 0.0400390625
3 0.08544921875 0.076171875 0.0380859375 0.025390625