2 0.1259765625 0.05810546875 0.076171875 0.1064453125
2 0.0439453125 0.0625 0.087890625 0.1015625
2 0.201171875 0.0615234375 0.072265625 0.103515625
2 0.27880859375 0.05908203125 0.0751953125 0.1103515625
2 0.35546875 0.06005859375 0.078125 0.1064453125
3 0.42724609375 0.06396484375 0.0341796875 0.0498046875
3 0.494140625 0.0595703125 0.044921875 0.04296875
3 0.55517578125 0.06201171875 0.0419921875 0.0517578125
3 0.62060546875 0.06298828125 0.0380859375 0.0458984375
3 0.14892578125 0.17041015625 0.0361328125 0.0458984375
3 0.14892578125 0.22216796875 0.0244140625 0.0361328125
3 0.14892578125 0.27587890625 0.0361328125 0.0439453125
3 0.1494140625 0.326171875 0.0390625 0.0390625
3 0.1474609375 0.38525390625 0.03515625 0.0458984375
3 0.1494140625 0.43603515625 0.02734375 0.0322265625
3 0.146484375 0.48779296875 0.029296875 0.0419921875
5 0.22021484375 0.16748046875 0.0947265625 0.0361328125
5 0.19384765625 0.22119140625 0.0478515625 0.0341796875
5 0.19970703125 0.27734375 0.0595703125 0.02734375
5 0.201171875 0.3291015625 0.064453125 0.03125
5 0.21142578125 0.38037109375 0.0830078125 0.0302734375
5 0.19140625 0.43408203125 0.04296875 0.0283203125
5 0.265625 0.4892578125 0.1875 0.03515625