3 0.087890625 0.12646484375 0.01611328125 0.0234375
3 0.09375 0.24267578125 0.017578125 0.021484375
3 0.09228515625 0.283203125 0.01513671875 0.0234375
3 0.09326171875 0.35400390625 0.01611328125 0.021484375
3 0.0908203125 0.39013671875 0.013671875 0.02001953125
3 0.09326171875 0.4267578125 0.0185546875 0.0234375
3 0.09326171875 0.466796875 0.013671875 0.02685546875
3 0.09326171875 0.50732421875 0.013671875 0.021484375
3 0.23583984375 0.57568359375 0.013671875 0.0185546875
3 0.24560546875 0.607421875 0.01123046875 0.01513671875
3 0.24560546875 0.6708984375 0.01123046875 0.021484375
3 0.23681640625 0.42822265625 0.013671875 0.0166015625
3 0.236328125 0.3642578125 0.0126953125 0.01513671875
3 0.23583984375 0.3017578125 0.013671875 0.02001953125
3 0.64208984375 0.43017578125 0.013671875 0.02001953125
3 0.662109375 0.42919921875 0.013671875 0.021484375
3 0.771484375 0.390625 0.01513671875 0.0185546875
3 0.091796875 0.5439453125 0.01611328125 0.02490234375
3 0.091796875 0.58251953125 0.01611328125 0.0185546875
3 0.09375 0.6181640625 0.0126953125 0.02001953125
3 0.09326171875 0.65771484375 0.01123046875 0.01513671875
3 0.09326171875 0.69580078125 0.013671875 0.021484375
3 0.09326171875 0.765625 0.013671875 0.0185546875
3 0.09130859375 0.80419921875 0.01513671875 0.021484375
3 0.09326171875 0.84228515625 0.01611328125 0.0185546875
3 0.091796875 0.8798828125 0.013671875 0.0234375
5 0.115234375 0.88330078125 0.02734375 0.0166015625
5 0.1201171875 0.84326171875 0.03515625 0.01318359375
5 0.12109375 0.80322265625 0.0400390625 0.02001953125
5 0.11767578125 0.765625 0.02734375 0.0185546875
5 0.12646484375 0.69580078125 0.044921875 0.01513671875
5 0.11572265625 0.658203125 0.02392578125 0.01318359375
5 0.12060546875 0.619140625 0.03857421875 0.01513671875
5 0.1162109375 0.5791015625 0.02978515625 0.01513671875
5 0.2685546875 0.5751953125 0.044921875 0.02001953125
5 0.30078125 0.607421875 0.0888671875 0.0185546875
5 0.27734375 0.6708984375 0.0498046875 0.01513671875
5 0.279296875 0.427734375 0.06640625 0.0185546875
5 0.27490234375 0.3642578125 0.052734375 0.01513671875
5 0.2158203125 0.21142578125 0.0537109375 0.01318359375
5 0.52294921875 0.21240234375 0.0537109375 0.01171875
5 0.7294921875 0.2109375 0.06640625 0.01513671875
5 0.72607421875 0.27392578125 0.03271484375 0.01513671875
5 0.7216796875 0.3193359375 0.0537109375 0.01171875
5 0.71484375 0.47509765625 0.044921875 0.0166015625
5 0.79248046875 0.42822265625 0.1650390625 0.01318359375
5 0.75634765625 0.49853515625 0.08984375 0.0166015625
5 0.759765625 0.65576171875 0.09521484375 0.01513671875
5 0.7861328125 0.6865234375 0.1826171875 0.0166015625
5 0.26953125 0.3017578125 0.0439453125 0.0166015625
5 0.12548828125 0.54248046875 0.0439453125 0.01513671875
5 0.123046875 0.5048828125 0.0439453125 0.0166015625
5 0.1201171875 0.466796875 0.03271484375 0.0166015625
5 0.13427734375 0.42822265625 0.06103515625 0.0166015625
5 0.11328125 0.38818359375 0.0185546875 0.01318359375
5 0.11865234375 0.3525390625 0.03271484375 0.01513671875
5 0.12744140625 0.28076171875 0.0498046875 0.01513671875
5 0.12109375 0.24169921875 0.03515625 0.0166015625
0 0.83642578125 0.1259765625 0.0625 0.0283203125
0 0.8955078125 0.125 0.048828125 0.02685546875
4 0.337890625 0.240234375 0.29638671875 0.02685546875
2 0.58935546875 0.240234375 0.17626953125 0.02685546875
1 0.19580078125 0.29150390625 0.01123046875 0.0166015625
1 0.19580078125 0.35400390625 0.01123046875 0.01513671875
1 0.1962890625 0.419921875 0.009765625 0.01318359375
1 0.19677734375 0.56591796875 0.0087890625 0.01171875
1 0.1962890625 0.59912109375 0.009765625 0.01171875
1 0.1962890625 0.66162109375 0.009765625 0.01318359375
0 0.80810546875 0.78857421875 0.22119140625 0.033203125
2 0.8076171875 0.71435546875 0.22509765625 0.0283203125
1 0.70166015625 0.27392578125 0.01123046875 0.01513671875
4 0.80859375 0.2392578125 0.22509765625 0.0283203125
4 0.806640625 0.34912109375 0.228515625 0.02490234375
1 0.70263671875 0.42822265625 0.009765625 0.01318359375
4 0.78857421875 0.529296875 0.18505859375 0.02490234375
4 0.7900390625 0.5751953125 0.18505859375 0.02685546875
4 0.78955078125 0.619140625 0.18359375 0.021484375
1 0.70166015625 0.49853515625 0.01123046875 0.01318359375