0 0.7744140625 0.0341796875 0.08984375 0.0498046875
3 0.83642578125 0.03271484375 0.01171875 0.02294921875
0 0.455078125 0.59130859375 0.10205078125 0.048828125
0 0.5517578125 0.59130859375 0.07861328125 0.048828125
5 0.24755859375 0.0341796875 0.0263671875 0.02001953125
5 0.5078125 0.0341796875 0.05810546875 0.02001953125
5 0.173828125 0.03466796875 0.06689453125 0.0390625
5 0.298828125 0.0361328125 0.033203125 0.01806640625
5 0.36083984375 0.0361328125 0.0283203125 0.02001953125
5 0.4267578125 0.03466796875 0.03564453125 0.01904296875
3 0.3955078125 0.86669921875 0.0244140625 0.037109375
3 0.5009765625 0.869140625 0.02197265625 0.0439453125
3 0.6044921875 0.86669921875 0.0224609375 0.0390625
5 0.3955078125 0.91455078125 0.0576171875 0.033203125
5 0.50048828125 0.9150390625 0.06396484375 0.0361328125
5 0.60546875 0.91357421875 0.05322265625 0.037109375
3 0.322265625 0.0341796875 0.0087890625 0.01220703125
3 0.38330078125 0.033203125 0.0087890625 0.01220703125
3 0.45166015625 0.03271484375 0.0087890625 0.01123046875