3 0.115234375 0.1640625 0.103515625 0.17578125
3 0.3046875 0.17724609375 0.1015625 0.1591796875
3 0.50634765625 0.158203125 0.0966796875 0.158203125
3 0.68798828125 0.16455078125 0.1064453125 0.1708984375
3 0.88916015625 0.16455078125 0.0927734375 0.1708984375
3 0.3134765625 0.47021484375 0.107421875 0.1689453125
3 0.5048828125 0.46435546875 0.109375 0.1591796875
3 0.69775390625 0.470703125 0.0986328125 0.18359375
3 0.8798828125 0.46630859375 0.08984375 0.1630859375
3 0.88427734375 0.78271484375 0.1064453125 0.1767578125
3 0.69287109375 0.7744140625 0.1201171875 0.16015625
3 0.5048828125 0.775390625 0.12109375 0.162109375
3 0.306640625 0.7734375 0.126953125 0.173828125
3 0.11181640625 0.462890625 0.1162109375 0.1796875
3 0.1181640625 0.7744140625 0.11328125 0.1796875