5 0.5 0.20068359375 0.27001953125 0.04833984375
5 0.5673828125 0.30126953125 0.115234375 0.0283203125
5 0.37255859375 0.30029296875 0.10498046875 0.02978515625
6 0.28857421875 0.298828125 0.04345703125 0.03271484375
6 0.4765625 0.29736328125 0.03662109375 0.03564453125
4 0.53564453125 0.40185546875 0.384765625 0.06396484375
4 0.53173828125 0.47802734375 0.38330078125 0.06103515625
4 0.53271484375 0.55517578125 0.3818359375 0.0625
5 0.3515625 0.666015625 0.056640625 0.02490234375
5 0.50830078125 0.66455078125 0.08642578125 0.02490234375
5 0.5 0.7392578125 0.4501953125 0.04052734375
6 0.2890625 0.6630859375 0.03515625 0.03125
6 0.43408203125 0.66357421875 0.03515625 0.03271484375
0 0.50244140625 0.806640625 0.455078125 0.05615234375
3 0.3115234375 0.3984375 0.02978515625 0.0263671875
3 0.30908203125 0.47900390625 0.03173828125 0.03125
3 0.30908203125 0.55712890625 0.03857421875 0.0341796875