5 0.068359375 0.34521484375 0.10986328125 0.0341796875
5 0.06689453125 0.5673828125 0.1015625 0.03466796875
5 0.1181640625 0.83984375 0.19287109375 0.052734375
5 0.619140625 0.1923828125 0.09912109375 0.03564453125
5 0.6181640625 0.2685546875 0.09716796875 0.03857421875
5 0.81884765625 0.19384765625 0.142578125 0.033203125
5 0.8154296875 0.25927734375 0.1435546875 0.0302734375
2 0.7578125 0.404296875 0.44189453125 0.08984375
3 0.93603515625 0.07666015625 0.04248046875 0.04248046875
4 0.25146484375 0.41748046875 0.47021484375 0.076171875
4 0.25 0.63623046875 0.4677734375 0.07080078125
4 0.41650390625 0.83349609375 0.37890625 0.07275390625
4 0.7978515625 0.83544921875 0.38330078125 0.076171875
1 0.5458984375 0.193359375 0.02197265625 0.0341796875
1 0.5458984375 0.2685546875 0.02392578125 0.033203125
6 0.7236328125 0.19482421875 0.02880859375 0.03125
6 0.72412109375 0.25732421875 0.03076171875 0.04541015625
7 0.958984375 0.19677734375 0.05126953125 0.03662109375
7 0.9580078125 0.25830078125 0.04931640625 0.03564453125
0 0.7578125 0.517578125 0.44677734375 0.0556640625