7 0.75048828125 0.345703125 0.1376953125 0.076171875
7 0.90185546875 0.34716796875 0.1337890625 0.0732421875
2 0.66796875 0.60791015625 0.296875 0.0732421875
2 0.6689453125 0.7001953125 0.298828125 0.076171875
4 0.27392578125 0.21142578125 0.4775390625 0.0712890625
0 0.11767578125 0.3427734375 0.1708984375 0.07421875
0 0.30615234375 0.34326171875 0.1708984375 0.0732421875
0 0.49609375 0.3447265625 0.169921875 0.072265625
0 0.1142578125 0.474609375 0.162109375 0.068359375
0 0.2822265625 0.4775390625 0.166015625 0.0703125
1 0.43408203125 0.44921875 0.0302734375 0.0390625
1 0.43603515625 0.505859375 0.0361328125 0.041015625
6 0.64404296875 0.447265625 0.0322265625 0.03515625
6 0.64208984375 0.5087890625 0.0361328125 0.0390625
5 0.52197265625 0.4501953125 0.1064453125 0.03515625
5 0.52197265625 0.50830078125 0.1142578125 0.0400390625
5 0.7431640625 0.45166015625 0.140625 0.0322265625
5 0.7431640625 0.50927734375 0.14453125 0.0400390625
0 0.2490234375 0.8896484375 0.439453125 0.10546875