5 0.236328125 0.44384765625 0.04541015625 0.0322265625
5 0.248046875 0.5791015625 0.06884765625 0.02685546875
5 0.24267578125 0.712890625 0.0546875 0.0244140625
5 0.259765625 0.849609375 0.09033203125 0.02587890625
5 0.2333984375 0.314453125 0.0361328125 0.0244140625
4 0.4931640625 0.36376953125 0.5986328125 0.0615234375
4 0.57177734375 0.498046875 0.75927734375 0.0654296875
4 0.57275390625 0.6337890625 0.76025390625 0.06689453125
4 0.572265625 0.76611328125 0.75830078125 0.06689453125
4 0.57177734375 0.90234375 0.75634765625 0.064453125
4 0.2587890625 0.0380859375 0.48828125 0.0576171875
5 0.24169921875 0.1162109375 0.03173828125 0.02197265625
5 0.3203125 0.1162109375 0.044921875 0.02685546875
5 0.41455078125 0.11865234375 0.06640625 0.0322265625
3 0.3662109375 0.1162109375 0.02099609375 0.0322265625
3 0.2822265625 0.11572265625 0.01611328125 0.03076171875
3 0.21142578125 0.11767578125 0.021484375 0.02978515625
3 0.20263671875 0.30908203125 0.01611328125 0.02197265625
3 0.2021484375 0.57763671875 0.015625 0.02197265625
3 0.20166015625 0.443359375 0.0224609375 0.02587890625
3 0.201171875 0.7138671875 0.02001953125 0.0244140625
3 0.20263671875 0.84814453125 0.017578125 0.0283203125
3 0.2021484375 0.98388671875 0.0185546875 0.0322265625
5 0.24755859375 0.9833984375 0.06005859375 0.03076171875
3 0.97509765625 0.11572265625 0.01708984375 0.0283203125
3 0.82568359375 0.0400390625 0.0185546875 0.02294921875
3 0.875 0.0400390625 0.0263671875 0.03857421875
3 0.92578125 0.0390625 0.01708984375 0.03466796875
3 0.15087890625 0.11767578125 0.02392578125 0.0400390625
3 0.0185546875 0.1171875 0.021484375 0.03857421875
2 0.078125 0.1171875 0.091796875 0.03076171875
3 0.90625 0.1181640625 0.02392578125 0.033203125
2 0.93603515625 0.1162109375 0.013671875 0.0244140625