1 0.29443359375 0.41748046875 0.0458984375 0.0712890625
1 0.2939453125 0.5185546875 0.05078125 0.0703125
1 0.294921875 0.62158203125 0.052734375 0.0673828125
6 0.638671875 0.4150390625 0.056640625 0.080078125
6 0.63916015625 0.51025390625 0.0556640625 0.0830078125
6 0.638671875 0.60888671875 0.05078125 0.0751953125
5 0.37451171875 0.4208984375 0.0986328125 0.033203125
5 0.3759765625 0.52392578125 0.09375 0.0322265625
5 0.37548828125 0.62890625 0.0947265625 0.029296875
5 0.73046875 0.416015625 0.111328125 0.033203125
5 0.73046875 0.51171875 0.11328125 0.03515625
5 0.73388671875 0.6083984375 0.1181640625 0.033203125