4 0.1162109375 0.12060546875 0.16796875 0.07421875
4 0.29443359375 0.12060546875 0.16943359375 0.07421875
4 0.205078125 0.275390625 0.34521484375 0.07421875
6 0.142578125 0.42431640625 0.0244140625 0.037109375
6 0.04052734375 0.42578125 0.0224609375 0.0341796875
2 0.27978515625 0.58203125 0.10498046875 0.06787109375
2 0.16845703125 0.5849609375 0.10498046875 0.07421875
2 0.06787109375 0.5849609375 0.07421875 0.07421875
2 0.0791015625 0.73828125 0.0966796875 0.0712890625
2 0.17919921875 0.73974609375 0.083984375 0.07421875
4 0.63330078125 0.58349609375 0.17919921875 0.0712890625
4 0.7177734375 0.27685546875 0.34521484375 0.07763671875
4 0.716796875 0.12060546875 0.34375 0.07421875
6 0.55078125 0.42431640625 0.02099609375 0.037109375
6 0.6533203125 0.42578125 0.01953125 0.0400390625
5 0.0751953125 0.42431640625 0.037109375 0.03076171875
5 0.18701171875 0.42724609375 0.0546875 0.037109375
2 0.28076171875 0.73974609375 0.10302734375 0.07421875
2 0.63330078125 0.73974609375 0.17919921875 0.07421875
5 0.58154296875 0.5185546875 0.08203125 0.0341796875
5 0.58544921875 0.67626953125 0.09033203125 0.0341796875
5 0.5595703125 0.373046875 0.0322265625 0.0400390625
5 0.587890625 0.21044921875 0.0888671875 0.037109375
5 0.5732421875 0.05859375 0.06298828125 0.037109375
5 0.04296875 0.37451171875 0.02734375 0.03076171875
5 0.07177734375 0.21044921875 0.08544921875 0.037109375
5 0.0634765625 0.05712890625 0.07275390625 0.0341796875
5 0.2353515625 0.05419921875 0.06787109375 0.0341796875
5 0.0693359375 0.51708984375 0.083984375 0.02490234375
5 0.07763671875 0.67041015625 0.09375 0.0400390625
5 0.587890625 0.4287109375 0.037109375 0.02783203125
5 0.6982421875 0.42724609375 0.0546875 0.037109375