6 0.05224609375 0.33251953125 0.0380859375 0.0732421875
6 0.05126953125 0.4423828125 0.0380859375 0.06640625
6 0.0517578125 0.5576171875 0.0390625 0.068359375
6 0.05224609375 0.6669921875 0.0380859375 0.0703125
6 0.05224609375 0.7822265625 0.0400390625 0.07421875
6 0.05126953125 0.8876953125 0.0361328125 0.07421875
5 0.11376953125 0.33447265625 0.0791015625 0.0712890625
5 0.11669921875 0.44091796875 0.0791015625 0.0673828125
5 0.130859375 0.55859375 0.103515625 0.064453125
5 0.1328125 0.66845703125 0.1171875 0.0693359375
5 0.119140625 0.79296875 0.083984375 0.083984375
5 0.1279296875 0.8935546875 0.1015625 0.0703125