7 0.1513671875 0.60009765625 0.1796875 0.0615234375
7 0.14990234375 0.900390625 0.1806640625 0.05078125
2 0.48828125 0.3740234375 0.853515625 0.064453125
3 0.4853515625 0.75341796875 0.849609375 0.0576171875
0 0.12109375 0.96337890625 0.240234375 0.0732421875
0 0.36865234375 0.96337890625 0.2568359375 0.0732421875
0 0.6240234375 0.96337890625 0.255859375 0.0732421875
0 0.875 0.96240234375 0.248046875 0.0751953125
0 0.13037109375 0.18115234375 0.2587890625 0.0751953125
5 0.38330078125 0.18212890625 0.1240234375 0.0341796875
5 0.6630859375 0.1826171875 0.181640625 0.0390625
5 0.42333984375 0.04931640625 0.5419921875 0.0517578125
5 0.23095703125 0.31494140625 0.3447265625 0.0380859375
5 0.208984375 0.689453125 0.302734375 0.044921875
5 0.22216796875 0.84423828125 0.3271484375 0.0419921875
2 0.18603515625 0.09814453125 0.2744140625 0.0263671875
3 0.0947265625 0.05029296875 0.046875 0.0341796875
3 0.74951171875 0.046875 0.0458984375 0.03515625
3 0.85009765625 0.04541015625 0.0380859375 0.0302734375
3 0.93701171875 0.04443359375 0.0166015625 0.0322265625