2 0.35400390625 0.6748046875 0.6259765625 0.064453125
7 0.0625 0.3984375 0.033203125 0.029296875
4 0.31787109375 0.39990234375 0.4130859375 0.0634765625
4 0.3525390625 0.2548828125 0.623046875 0.064453125
3 0.859375 0.06689453125 0.025390625 0.0400390625
3 0.8994140625 0.06884765625 0.02734375 0.0439453125
3 0.94140625 0.068359375 0.0234375 0.037109375
3 0.970703125 0.06787109375 0.017578125 0.0400390625
3 0.0517578125 0.06982421875 0.044921875 0.0556640625
3 0.81494140625 0.06689453125 0.0224609375 0.0263671875
3 0.69580078125 0.3974609375 0.0263671875 0.03125
4 0.60302734375 0.3994140625 0.1240234375 0.0625
3 0.03857421875 0.8662109375 0.0205078125 0.03515625
3 0.03857421875 0.9375 0.0205078125 0.02734375