1 0.10986328125 0.11083984375 0.0419921875 0.0380859375
1 0.1103515625 0.1611328125 0.037109375 0.0390625
1 0.10986328125 0.2138671875 0.0419921875 0.04296875
1 0.11279296875 0.7880859375 0.0400390625 0.0390625
1 0.111328125 0.5283203125 0.041015625 0.0390625
1 0.11083984375 0.4755859375 0.0400390625 0.041015625
1 0.11279296875 0.31787109375 0.0380859375 0.0400390625
1 0.11083984375 0.4228515625 0.0400390625 0.037109375
1 0.486328125 0.14404296875 0.0390625 0.0400390625
1 0.486328125 0.193359375 0.03515625 0.03515625
1 0.48583984375 0.404296875 0.0361328125 0.03515625
1 0.48583984375 0.24755859375 0.0380859375 0.0400390625
1 0.4853515625 0.29931640625 0.037109375 0.0361328125
1 0.486328125 0.3505859375 0.037109375 0.037109375
1 0.1103515625 0.3701171875 0.033203125 0.03515625
1 0.10986328125 0.26513671875 0.0400390625 0.0439453125
1 0.1103515625 0.580078125 0.04296875 0.04296875
1 0.1103515625 0.63134765625 0.04296875 0.0419921875
1 0.1103515625 0.68359375 0.041015625 0.041015625
1 0.11083984375 0.736328125 0.0400390625 0.0390625
5 0.15673828125 0.0546875 0.2353515625 0.03515625
5 0.1767578125 0.10546875 0.078125 0.03125
5 0.177734375 0.1572265625 0.083984375 0.03125
5 0.17724609375 0.2099609375 0.0810546875 0.03125
5 0.17822265625 0.26171875 0.0810546875 0.033203125
5 0.17822265625 0.314453125 0.0810546875 0.029296875
5 0.177734375 0.36572265625 0.083984375 0.0322265625
5 0.17822265625 0.41650390625 0.0849609375 0.0341796875
5 0.17919921875 0.46923828125 0.0830078125 0.0302734375
5 0.1787109375 0.521484375 0.080078125 0.03125
5 0.18505859375 0.57470703125 0.0966796875 0.0322265625
5 0.18359375 0.62841796875 0.091796875 0.0322265625
5 0.1845703125 0.67724609375 0.095703125 0.0283203125
5 0.1845703125 0.728515625 0.09765625 0.029296875
5 0.18603515625 0.78369140625 0.0947265625 0.0322265625
5 0.56201171875 0.052734375 0.2333984375 0.037109375
5 0.55078125 0.138671875 0.078125 0.03125
5 0.55322265625 0.19140625 0.0771484375 0.02734375
5 0.55322265625 0.24462890625 0.0771484375 0.0244140625
5 0.55419921875 0.2958984375 0.0791015625 0.02734375
5 0.55419921875 0.349609375 0.0751953125 0.03125
5 0.5537109375 0.40380859375 0.076171875 0.0302734375