5 0.12109375 0.23828125 0.06005859375 0.02294921875
5 0.12109375 0.349609375 0.0625 0.021484375
5 0.5556640625 0.3505859375 0.04248046875 0.0244140625
5 0.76171875 0.24365234375 0.0908203125 0.0263671875
5 0.10888671875 0.4482421875 0.0380859375 0.0263671875
5 0.1259765625 0.5400390625 0.07421875 0.02490234375
5 0.12109375 0.63330078125 0.0712890625 0.02490234375
5 0.11279296875 0.73388671875 0.044921875 0.0205078125
5 0.57666015625 0.81396484375 0.08154296875 0.02294921875
5 0.56689453125 0.72802734375 0.060546875 0.01904296875
5 0.564453125 0.62939453125 0.05615234375 0.0185546875
5 0.55859375 0.544921875 0.04345703125 0.02294921875
5 0.56640625 0.44580078125 0.05419921875 0.021484375
4 0.37646484375 0.2763671875 0.57275390625 0.04150390625
2 0.27783203125 0.3857421875 0.37451171875 0.04150390625
2 0.27783203125 0.48486328125 0.37451171875 0.0419921875
2 0.8173828125 0.27978515625 0.18994140625 0.04150390625
4 0.27783203125 0.57666015625 0.37451171875 0.04052734375
4 0.27734375 0.66845703125 0.37451171875 0.04150390625
4 0.27783203125 0.771484375 0.3740234375 0.04150390625
4 0.7236328125 0.849609375 0.37451171875 0.04150390625
4 0.72314453125 0.7646484375 0.3740234375 0.0419921875
4 0.7236328125 0.66650390625 0.37451171875 0.04150390625
4 0.7236328125 0.58203125 0.37451171875 0.0419921875
4 0.72509765625 0.482421875 0.37451171875 0.0419921875
4 0.7236328125 0.38671875 0.37451171875 0.0419921875
0 0.8115234375 0.96142578125 0.21630859375 0.0439453125