5 0.53369140625 0.30615234375 0.2236328125 0.03662109375
5 0.5087890625 0.39013671875 0.1748046875 0.01611328125
5 0.4599609375 0.43017578125 0.0185546875 0.0146484375
5 0.45703125 0.46875 0.01611328125 0.0146484375
6 0.43310546875 0.4306640625 0.017578125 0.02001953125
6 0.4326171875 0.47021484375 0.01806640625 0.02099609375
5 0.6103515625 0.15966796875 0.04052734375 0.01513671875
5 0.68212890625 0.16015625 0.04443359375 0.01611328125
5 0.494140625 0.6572265625 0.0400390625 0.02978515625
5 0.5107421875 0.73779296875 0.0732421875 0.02880859375
5 0.4970703125 0.8134765625 0.052734375 0.0224609375
5 0.50048828125 0.89013671875 0.05615234375 0.02587890625
5 0.732421875 0.81396484375 0.08935546875 0.02392578125
5 0.71337890625 0.73681640625 0.04931640625 0.021484375
5 0.73291015625 0.65869140625 0.09375 0.03515625
2 0.66357421875 0.66064453125 0.02685546875 0.02978515625
6 0.66357421875 0.73779296875 0.03125 0.02978515625
1 0.66259765625 0.814453125 0.025390625 0.03466796875
3 0.45166015625 0.73779296875 0.0263671875 0.0439453125
3 0.45263671875 0.8125 0.0263671875 0.04150390625
3 0.45166015625 0.8916015625 0.02880859375 0.0400390625
3 0.4521484375 0.66162109375 0.029296875 0.0361328125
3 0.62646484375 0.53466796875 0.052734375 0.0634765625
3 0.31298828125 0.236328125 0.03271484375 0.04345703125
3 0.1025390625 0.1591796875 0.02734375 0.0263671875
0 0.19921875 0.15869140625 0.076171875 0.02587890625