6 0.5732421875 0.45263671875 0.025390625 0.0419921875
6 0.5732421875 0.5771484375 0.025390625 0.0390625
6 0.57421875 0.703125 0.025390625 0.037109375
2 0.439453125 0.20703125 0.0546875 0.0625
2 0.60546875 0.05224609375 0.1171875 0.0634765625
2 0.7744140625 0.05078125 0.193359375 0.064453125
3 0.79833984375 0.275390625 0.0537109375 0.048828125
3 0.85791015625 0.275390625 0.0537109375 0.048828125
3 0.91796875 0.275390625 0.0546875 0.046875
5 0.65673828125 0.4541015625 0.1201171875 0.04296875
5 0.6572265625 0.57666015625 0.12109375 0.0380859375
5 0.65576171875 0.70166015625 0.1240234375 0.0380859375
2 0.501953125 0.05029296875 0.0703125 0.0380859375
3 0.0166015625 0.05224609375 0.029296875 0.0400390625
3 0.0791015625 0.0517578125 0.02734375 0.04296875
3 0.1298828125 0.05126953125 0.03125 0.0478515625
3 0.1728515625 0.052734375 0.029296875 0.044921875
3 0.21142578125 0.0517578125 0.0302734375 0.046875
3 0.251953125 0.05126953125 0.03125 0.0458984375
3 0.30615234375 0.05126953125 0.0283203125 0.0478515625
3 0.3701171875 0.05078125 0.02734375 0.048828125
3 0.44873046875 0.05322265625 0.0224609375 0.0458984375
3 0.91650390625 0.05078125 0.0302734375 0.04296875
3 0.9892578125 0.05029296875 0.021484375 0.0498046875
3 0.416015625 0.14111328125 0.0234375 0.0400390625
3 0.44677734375 0.14208984375 0.0185546875 0.0263671875
3 0.87939453125 0.14453125 0.0185546875 0.02734375
3 0.91455078125 0.142578125 0.0205078125 0.029296875
3 0.064453125 0.27294921875 0.025390625 0.0380859375
3 0.06396484375 0.33740234375 0.0302734375 0.0458984375
3 0.064453125 0.40283203125 0.033203125 0.0517578125
3 0.06494140625 0.4638671875 0.0361328125 0.04296875
3 0.0634765625 0.529296875 0.02734375 0.046875
3 0.0625 0.59375 0.03515625 0.05078125
3 0.06494140625 0.6552734375 0.0380859375 0.046875
3 0.064453125 0.71728515625 0.041015625 0.0537109375
3 0.06591796875 0.77978515625 0.0400390625 0.0361328125
3 0.0625 0.8466796875 0.025390625 0.0390625
3 0.06396484375 0.91015625 0.0341796875 0.048828125
3 0.06591796875 0.97119140625 0.0302734375 0.0439453125
4 0.212890625 0.20556640625 0.400390625 0.0615234375
5 0.06103515625 0.142578125 0.0888671875 0.0390625
2 0.0478515625 0.0517578125 0.013671875 0.015625
2 0.33935546875 0.052734375 0.0166015625 0.015625
2 0.38720703125 0.1396484375 0.0224609375 0.0234375
2 0.40185546875 0.0517578125 0.0185546875 0.015625
5 0.15380859375 0.2744140625 0.0966796875 0.033203125
5 0.1416015625 0.33740234375 0.078125 0.0400390625
5 0.14794921875 0.4013671875 0.0869140625 0.03515625
5 0.1806640625 0.46337890625 0.15625 0.0380859375
5 0.18603515625 0.5302734375 0.1572265625 0.0390625
5 0.16064453125 0.59423828125 0.1083984375 0.0419921875
5 0.18896484375 0.65673828125 0.1689453125 0.0439453125
5 0.1611328125 0.7197265625 0.107421875 0.04296875
5 0.1630859375 0.78125 0.115234375 0.037109375
5 0.16796875 0.845703125 0.12890625 0.0390625
5 0.16796875 0.908203125 0.123046875 0.041015625
5 0.14599609375 0.9716796875 0.0849609375 0.041015625
5 0.533203125 0.14404296875 0.10546875 0.0478515625
5 0.763671875 0.14404296875 0.19140625 0.0419921875