5 0.14697265625 0.06396484375 0.20068359375 0.0400390625
5 0.10595703125 0.22998046875 0.07080078125 0.025390625
5 0.13818359375 0.3505859375 0.134765625 0.025390625
5 0.16552734375 0.4697265625 0.18994140625 0.02734375
5 0.18310546875 0.58935546875 0.21630859375 0.025390625
5 0.12451171875 0.708984375 0.0947265625 0.02734375
5 0.14892578125 0.830078125 0.15234375 0.02197265625
0 0.63232421875 0.06103515625 0.13916015625 0.06396484375
0 0.80908203125 0.06201171875 0.1875 0.06591796875
4 0.4931640625 0.28271484375 0.82763671875 0.06201171875
2 0.4931640625 0.40234375 0.82763671875 0.06396484375
4 0.4931640625 0.52197265625 0.82763671875 0.06591796875
4 0.4921875 0.6416015625 0.82568359375 0.06396484375
4 0.4912109375 0.7607421875 0.82763671875 0.06201171875
4 0.4931640625 0.88037109375 0.82763671875 0.06005859375