0 0.7265625 0.2919921875 0.18701171875 0.037109375
5 0.6494140625 0.34375 0.0380859375 0.025390625
5 0.646484375 0.41796875 0.03369140625 0.02734375
5 0.646484375 0.4912109375 0.03369140625 0.0234375
5 0.6533203125 0.65869140625 0.04248046875 0.0224609375
5 0.6533203125 0.7333984375 0.05517578125 0.0234375
5 0.7509765625 0.73046875 0.04833984375 0.025390625
4 0.7265625 0.3798828125 0.18408203125 0.041015625
2 0.72607421875 0.4521484375 0.185546875 0.04296875
4 0.72705078125 0.5234375 0.1826171875 0.037109375
4 0.728515625 0.69482421875 0.18359375 0.0419921875
4 0.6806640625 0.76318359375 0.087890625 0.0361328125
4 0.7744140625 0.76611328125 0.087890625 0.0341796875
0 0.6611328125 0.60693359375 0.0546875 0.0556640625
0 0.7177734375 0.607421875 0.05029296875 0.0546875
0 0.7724609375 0.6083984375 0.052734375 0.052734375
0 0.72705078125 0.8359375 0.18359375 0.05078125
3 0.810546875 0.609375 0.01806640625 0.05078125