5 0.51513671875 0.13623046875 0.4658203125 0.0517578125
5 0.32958984375 0.486328125 0.1201171875 0.04296875
5 0.4169921875 0.333984375 0.189453125 0.04296875
5 0.45654296875 0.41455078125 0.2666015625 0.0478515625
5 0.40380859375 0.56396484375 0.1552734375 0.0419921875
5 0.5283203125 0.6435546875 0.41015625 0.0390625
5 0.5078125 0.72119140625 0.365234375 0.0419921875
5 0.4853515625 0.802734375 0.33203125 0.03515625
1 0.30078125 0.33447265625 0.037109375 0.0458984375
1 0.29931640625 0.41259765625 0.0341796875 0.0419921875
1 0.30078125 0.56103515625 0.03515625 0.0419921875
1 0.3017578125 0.64404296875 0.03515625 0.0458984375
1 0.30078125 0.72265625 0.037109375 0.044921875
1 0.2998046875 0.802734375 0.03125 0.04296875
5 0.306640625 0.2587890625 0.064453125 0.037109375