2 0.27490234375 0.2548828125 0.31494140625 0.056640625
2 0.2724609375 0.3681640625 0.31494140625 0.056640625
2 0.27490234375 0.771484375 0.31494140625 0.056640625
2 0.72607421875 0.771484375 0.3173828125 0.056640625
2 0.72509765625 0.5966796875 0.31494140625 0.06005859375
2 0.72607421875 0.25341796875 0.3173828125 0.06005859375
5 0.59228515625 0.21142578125 0.05517578125 0.0166015625
5 0.59375 0.55810546875 0.04736328125 0.0166015625
5 0.59521484375 0.7314453125 0.0498046875 0.0166015625
5 0.14111328125 0.72998046875 0.04736328125 0.02001953125
5 0.14013671875 0.330078125 0.05517578125 0.01318359375
5 0.142578125 0.21337890625 0.0498046875 0.02001953125