7 0.16796875 0.49853515625 0.0380859375 0.021484375
7 0.16748046875 0.5322265625 0.03564453125 0.021484375
7 0.3876953125 0.64501953125 0.037109375 0.02978515625
7 0.38818359375 0.68505859375 0.041015625 0.01904296875
7 0.39013671875 0.7236328125 0.037109375 0.0244140625
7 0.39208984375 0.763671875 0.0380859375 0.0322265625
7 0.392578125 0.80615234375 0.03955078125 0.02685546875
7 0.451171875 0.80419921875 0.02978515625 0.0234375
7 0.45068359375 0.76220703125 0.029296875 0.01708984375
7 0.45166015625 0.72265625 0.03564453125 0.02978515625
7 0.44970703125 0.6865234375 0.03564453125 0.0263671875
7 0.44970703125 0.64599609375 0.03564453125 0.02783203125
5 0.28271484375 0.49951171875 0.17724609375 0.02685546875
5 0.28564453125 0.53369140625 0.18603515625 0.025390625
4 0.3125 0.447265625 0.31396484375 0.046875