6 0.17724609375 0.30859375 0.0439453125 0.0625
6 0.1787109375 0.46240234375 0.044921875 0.0634765625
6 0.177734375 0.6162109375 0.046875 0.064453125
2 0.70751953125 0.1611328125 0.3154296875 0.091796875
0 0.70703125 0.27734375 0.314453125 0.099609375
0 0.7080078125 0.37548828125 0.314453125 0.0947265625
0 0.7080078125 0.4716796875 0.314453125 0.091796875
0 0.7080078125 0.56689453125 0.314453125 0.0947265625
0 0.7080078125 0.662109375 0.3125 0.09375
0 0.70751953125 0.76318359375 0.3134765625 0.1083984375
5 0.212890625 0.19384765625 0.130859375 0.0419921875