5 0.32666015625 0.1904296875 0.09814453125 0.0634765625
5 0.271484375 0.30322265625 0.08837890625 0.0380859375
5 0.39013671875 0.3046875 0.08349609375 0.03173828125
5 0.25927734375 0.45556640625 0.056640625 0.0380859375
5 0.37451171875 0.45654296875 0.0556640625 0.03955078125
5 0.2802734375 0.62158203125 0.10107421875 0.04931640625
5 0.63134765625 0.2841796875 0.05419921875 0.03515625
5 0.6943359375 0.189453125 0.09326171875 0.05224609375
5 0.6337890625 0.40576171875 0.05908203125 0.03662109375
5 0.62744140625 0.53076171875 0.04833984375 0.03662109375
5 0.650390625 0.65869140625 0.09912109375 0.04443359375
4 0.2734375 0.361328125 0.11181640625 0.0712890625
4 0.39599609375 0.361328125 0.10986328125 0.0712890625
4 0.2744140625 0.51416015625 0.1123046875 0.06982421875
4 0.39453125 0.5166015625 0.1123046875 0.07470703125
2 0.2734375 0.68505859375 0.11181640625 0.0712890625
4 0.697265625 0.34375 0.20751953125 0.06494140625
4 0.6962890625 0.46484375 0.20751953125 0.06982421875
4 0.697265625 0.5888671875 0.20751953125 0.06982421875
2 0.6982421875 0.7197265625 0.20849609375 0.06494140625
0 0.39501953125 0.68505859375 0.115234375 0.07763671875
0 0.69775390625 0.8427734375 0.2109375 0.0859375
1 0.55517578125 0.09033203125 0.0673828125 0.13037109375