7 0.16748046875 0.21142578125 0.1044921875 0.1083984375
7 0.32421875 0.21337890625 0.10546875 0.1044921875
7 0.154296875 0.49755859375 0.09375 0.0751953125
7 0.32958984375 0.49658203125 0.0947265625 0.0712890625
7 0.16259765625 0.77783203125 0.1044921875 0.0869140625
7 0.3212890625 0.7783203125 0.10546875 0.08984375
7 0.6767578125 0.21728515625 0.1328125 0.1123046875
7 0.830078125 0.21484375 0.130859375 0.107421875
7 0.6748046875 0.4951171875 0.11328125 0.072265625
7 0.83056640625 0.49755859375 0.1103515625 0.0751953125
7 0.673828125 0.77880859375 0.095703125 0.1025390625
7 0.83154296875 0.78125 0.1005859375 0.103515625