5 0.373046875 0.05615234375 0.2890625 0.0517578125
5 0.2255859375 0.3623046875 0.189453125 0.052734375
1 0.1181640625 0.75244140625 0.046875 0.0419921875
3 0.93896484375 0.05908203125 0.0556640625 0.0517578125
4 0.49609375 0.50927734375 0.845703125 0.0791015625
4 0.494140625 0.6630859375 0.837890625 0.068359375
1 0.11865234375 0.8583984375 0.0458984375 0.037109375
1 0.11865234375 0.91943359375 0.0458984375 0.0380859375
1 0.54052734375 0.8583984375 0.0419921875 0.041015625
3 0.8564453125 0.060546875 0.052734375 0.0546875
3 0.1875 0.0556640625 0.048828125 0.04296875
3 0.54931640625 0.056640625 0.0498046875 0.037109375
3 0.08740234375 0.20556640625 0.0400390625 0.0400390625
3 0.0859375 0.35888671875 0.04296875 0.0419921875
3 0.0654296875 0.056640625 0.12890625 0.11328125
5 0.19921875 0.2099609375 0.130859375 0.0546875