5 0.2109375 0.15869140625 0.08154296875 0.02783203125
5 0.19091796875 0.28466796875 0.04296875 0.02392578125
4 0.26220703125 0.32568359375 0.19189453125 0.04541015625
4 0.49462890625 0.32470703125 0.19189453125 0.04345703125
4 0.4951171875 0.421875 0.1923828125 0.04736328125
5 0.4208984375 0.2841796875 0.0380859375 0.0185546875
5 0.421875 0.3798828125 0.037109375 0.017578125
5 0.1796875 0.3798828125 0.0185546875 0.015625
5 0.18408203125 0.46826171875 0.02685546875 0.0166015625
5 0.1923828125 0.5751953125 0.04736328125 0.0205078125
5 0.73193359375 0.1767578125 0.0361328125 0.02685546875
5 0.728515625 0.23828125 0.025390625 0.021484375
5 0.79248046875 0.23681640625 0.04296875 0.02294921875
3 0.93359375 0.02392578125 0.009765625 0.0185546875
3 0.90869140625 0.02392578125 0.0068359375 0.0205078125
3 0.8837890625 0.02392578125 0.0107421875 0.0166015625
5 0.080078125 0.08984375 0.1318359375 0.03515625
5 0.0517578125 0.20947265625 0.025390625 0.01953125
5 0.06640625 0.2626953125 0.0546875 0.0185546875
5 0.05517578125 0.3134765625 0.03125 0.0185546875
5 0.0556640625 0.365234375 0.033203125 0.0185546875
5 0.0576171875 0.41796875 0.037109375 0.0185546875
5 0.07080078125 0.47021484375 0.06298828125 0.01953125
2 0.26220703125 0.42138671875 0.19189453125 0.04443359375
2 0.26220703125 0.51025390625 0.19189453125 0.04443359375
0 0.2080078125 0.85302734375 0.08349609375 0.04541015625
3 0.0234375 0.15185546875 0.01171875 0.0146484375
3 0.02294921875 0.21044921875 0.01171875 0.021484375
3 0.02197265625 0.26025390625 0.013671875 0.02392578125
3 0.02294921875 0.314453125 0.01123046875 0.02294921875
3 0.02294921875 0.3662109375 0.013671875 0.02490234375
3 0.02294921875 0.41796875 0.01416015625 0.02490234375
3 0.0224609375 0.470703125 0.009765625 0.0185546875