2 0.18603515625 0.3671875 0.1708984375 0.07861328125
2 0.5791015625 0.36572265625 0.0654296875 0.07373046875
2 0.1865234375 0.64599609375 0.1728515625 0.08056640625
2 0.65185546875 0.6484375 0.2099609375 0.07763671875
4 0.369140625 0.3662109375 0.171875 0.07470703125
4 0.18603515625 0.505859375 0.173828125 0.08056640625
4 0.3681640625 0.50390625 0.17236328125 0.07861328125
4 0.37109375 0.64697265625 0.171875 0.08251953125
4 0.6884765625 0.36865234375 0.1328125 0.07763671875
4 0.83056640625 0.3642578125 0.13427734375 0.07861328125
4 0.72412109375 0.5068359375 0.35205078125 0.07861328125
4 0.79833984375 0.64892578125 0.06689453125 0.07666015625
5 0.111328125 0.3056640625 0.033203125 0.02783203125
5 0.31103515625 0.3076171875 0.05810546875 0.03076171875
5 0.12890625 0.44677734375 0.06103515625 0.0224609375
5 0.3056640625 0.44580078125 0.0439453125 0.0185546875
5 0.1201171875 0.5869140625 0.041015625 0.0244140625
5 0.30712890625 0.587890625 0.0537109375 0.0224609375
5 0.5595703125 0.3037109375 0.0244140625 0.02978515625
5 0.64794921875 0.30615234375 0.05810546875 0.0263671875
5 0.79052734375 0.30419921875 0.0576171875 0.0234375
5 0.56787109375 0.44677734375 0.041015625 0.0244140625
5 0.56640625 0.587890625 0.0458984375 0.0224609375
5 0.7880859375 0.58740234375 0.0458984375 0.025390625