5 0.4267578125 0.1875 0.13134765625 0.033203125
5 0.4306640625 0.51318359375 0.13818359375 0.03466796875
5 0.4091796875 0.57080078125 0.0478515625 0.01953125
5 0.41455078125 0.6083984375 0.0556640625 0.01953125
5 0.4111328125 0.64501953125 0.0537109375 0.01806640625
5 0.13720703125 0.10986328125 0.20556640625 0.0361328125
4 0.4951171875 0.259765625 0.25927734375 0.06396484375
2 0.49462890625 0.3515625 0.25927734375 0.06103515625
4 0.49462890625 0.4404296875 0.2607421875 0.06103515625
6 0.37451171875 0.57080078125 0.0166015625 0.02783203125
6 0.37451171875 0.6083984375 0.0146484375 0.02490234375
6 0.3740234375 0.6435546875 0.0166015625 0.0263671875
4 0.4951171875 0.7138671875 0.26025390625 0.06103515625
0 0.56494140625 0.80615234375 0.04541015625 0.04296875
0 0.61328125 0.8046875 0.0419921875 0.04296875
0 0.9521484375 0.10546875 0.07958984375 0.052734375
3 0.7763671875 0.330078125 0.01416015625 0.0234375
3 0.80322265625 0.33056640625 0.0107421875 0.02783203125
3 0.7763671875 0.384765625 0.0146484375 0.02490234375
3 0.80322265625 0.384765625 0.0126953125 0.02783203125
3 0.7763671875 0.44091796875 0.01416015625 0.0263671875
3 0.802734375 0.439453125 0.01318359375 0.0263671875
3 0.7763671875 0.49658203125 0.015625 0.0263671875
3 0.8037109375 0.49658203125 0.0126953125 0.029296875
3 0.77685546875 0.552734375 0.0146484375 0.02490234375
3 0.80224609375 0.552734375 0.0126953125 0.02783203125
3 0.7763671875 0.60546875 0.01416015625 0.02783203125
3 0.8037109375 0.607421875 0.01318359375 0.029296875
3 0.77783203125 0.6630859375 0.0166015625 0.03173828125
3 0.80322265625 0.6611328125 0.01416015625 0.02490234375
3 0.7763671875 0.71875 0.0205078125 0.0263671875
3 0.8037109375 0.716796875 0.015625 0.02490234375
3 0.84716796875 0.77783203125 0.01318359375 0.03076171875
3 0.87158203125 0.77685546875 0.01171875 0.0263671875
2 0.7353515625 0.7783203125 0.0400390625 0.0263671875