4 0.208984375 0.240234375 0.189453125 0.0634765625
4 0.314453125 0.38427734375 0.3984375 0.07080078125
4 0.16162109375 0.4755859375 0.0927734375 0.06787109375
4 0.27197265625 0.4736328125 0.0947265625 0.072265625
4 0.4619140625 0.47705078125 0.11328125 0.06201171875
4 0.31494140625 0.5703125 0.4013671875 0.07080078125
3 0.365234375 0.4765625 0.060546875 0.060546875
3 0.3310546875 0.23876953125 0.041015625 0.0458984375
3 0.56591796875 0.14306640625 0.0224609375 0.0263671875
0 0.33642578125 0.71728515625 0.3564453125 0.060546875
0 0.79931640625 0.7734375 0.0888671875 0.0341796875
0 0.87744140625 0.51416015625 0.0458984375 0.0263671875
0 0.8759765625 0.56201171875 0.046875 0.03125
4 0.794921875 0.62255859375 0.220703125 0.04296875
4 0.7119140625 0.66845703125 0.052734375 0.0400390625
4 0.7744140625 0.67041015625 0.052734375 0.04443359375
4 0.8759765625 0.66845703125 0.0546875 0.0400390625
4 0.79541015625 0.72021484375 0.2197265625 0.037109375
3 0.82421875 0.6689453125 0.03515625 0.03564453125
3 0.716796875 0.8369140625 0.03125 0.0400390625
3 0.77978515625 0.8369140625 0.0361328125 0.0400390625
3 0.83935546875 0.83544921875 0.0419921875 0.0400390625
3 0.88818359375 0.8330078125 0.0283203125 0.03857421875