3 0.65869140625 0.14599609375 0.0634765625 0.0947265625
3 0.66064453125 0.27197265625 0.0693359375 0.1025390625
3 0.6611328125 0.39794921875 0.052734375 0.1025390625
3 0.65673828125 0.52099609375 0.0712890625 0.1103515625
3 0.0810546875 0.7470703125 0.056640625 0.103515625
3 0.08349609375 0.62451171875 0.0556640625 0.0947265625
3 0.0869140625 0.509765625 0.046875 0.0703125
3 0.0849609375 0.38720703125 0.05859375 0.0908203125
3 0.08251953125 0.2734375 0.0478515625 0.0703125
3 0.08203125 0.14990234375 0.052734375 0.0751953125
5 0.2392578125 0.15185546875 0.248046875 0.0693359375
5 0.2109375 0.27783203125 0.1875 0.0654296875
5 0.26708984375 0.39404296875 0.2978515625 0.0634765625
5 0.26953125 0.5146484375 0.3125 0.064453125
5 0.1943359375 0.63037109375 0.15625 0.0615234375
5 0.193359375 0.75048828125 0.15234375 0.0673828125
5 0.7353515625 0.154296875 0.08203125 0.060546875
5 0.736328125 0.2783203125 0.080078125 0.0703125
5 0.755859375 0.3935546875 0.119140625 0.060546875
5 0.77197265625 0.50830078125 0.1552734375 0.0654296875