0 0.71240234375 0.9599609375 0.11279296875 0.0517578125
0 0.83349609375 0.9599609375 0.1181640625 0.0546875
5 0.740234375 0.03662109375 0.05029296875 0.0224609375
5 0.65478515625 0.03857421875 0.0322265625 0.02734375
3 0.81494140625 0.03515625 0.0361328125 0.04150390625
5 0.927734375 0.03759765625 0.06640625 0.03125
5 0.19677734375 0.03759765625 0.0400390625 0.0234375
5 0.2646484375 0.03857421875 0.044921875 0.02734375
3 0.3603515625 0.03759765625 0.0234375 0.0390625
5 0.341796875 0.10693359375 0.142578125 0.02880859375
5 0.2001953125 0.10498046875 0.056640625 0.03759765625
5 0.0859375 0.10986328125 0.07421875 0.04052734375
3 0.068359375 0.03564453125 0.095703125 0.04833984375