6 0.16064453125 0.60888671875 0.0498046875 0.0634765625
1 0.1611328125 0.7451171875 0.052734375 0.068359375
1 0.37255859375 0.7451171875 0.0517578125 0.068359375
6 0.37109375 0.60888671875 0.046875 0.0615234375
2 0.37255859375 0.87744140625 0.4775390625 0.0966796875
6 0.5732421875 0.60888671875 0.052734375 0.0654296875
1 0.5712890625 0.7431640625 0.048828125 0.072265625
4 0.83740234375 0.88330078125 0.3251953125 0.0927734375
4 0.75341796875 0.45654296875 0.4931640625 0.1064453125
5 0.30078125 0.45458984375 0.328125 0.0712890625
0 0.236328125 0.23486328125 0.34765625 0.1494140625
5 0.595703125 0.23681640625 0.13671875 0.0693359375
0 0.8857421875 0.23388671875 0.228515625 0.1474609375