0 0.251953125 0.1005859375 0.0478515625 0.052734375
0 0.3271484375 0.10205078125 0.078125 0.04931640625
0 0.42626953125 0.10009765625 0.10009765625 0.04443359375
0 0.5234375 0.1015625 0.08056640625 0.04833984375
0 0.607421875 0.10107421875 0.0654296875 0.05419921875
0 0.7080078125 0.09912109375 0.1044921875 0.05517578125
5 0.1025390625 0.2685546875 0.04296875 0.02001953125
5 0.2255859375 0.26806640625 0.04541015625 0.01904296875
5 0.14697265625 0.3447265625 0.13427734375 0.017578125
5 0.10205078125 0.419921875 0.0400390625 0.02490234375
5 0.2255859375 0.421875 0.04833984375 0.01904296875
5 0.13623046875 0.4990234375 0.10986328125 0.017578125
5 0.18701171875 0.6982421875 0.20703125 0.03076171875
5 0.48681640625 0.701171875 0.228515625 0.03173828125
5 0.4306640625 0.23193359375 0.08056640625 0.01513671875
5 0.41748046875 0.30517578125 0.05078125 0.02001953125
5 0.69677734375 0.22900390625 0.04296875 0.01904296875
5 0.705078125 0.3037109375 0.0556640625 0.02001953125
5 0.693359375 0.37353515625 0.03125 0.02099609375
5 0.6943359375 0.44580078125 0.03662109375 0.02490234375
5 0.78564453125 0.69970703125 0.2255859375 0.03173828125
5 0.41455078125 0.87548828125 0.03271484375 0.0166015625
5 0.42236328125 0.93896484375 0.0498046875 0.02099609375
5 0.12158203125 0.9228515625 0.0390625 0.017578125
5 0.14404296875 0.884765625 0.0849609375 0.0234375
5 0.12548828125 0.9833984375 0.05224609375 0.01904296875
4 0.13916015625 0.29833984375 0.11328125 0.0400390625
4 0.2626953125 0.30029296875 0.1162109375 0.03662109375
4 0.20068359375 0.37890625 0.23583984375 0.03662109375
4 0.13916015625 0.45361328125 0.1123046875 0.03076171875
4 0.2626953125 0.45751953125 0.1162109375 0.03662109375
4 0.49365234375 0.259765625 0.205078125 0.03515625
4 0.78955078125 0.26220703125 0.22265625 0.03515625
4 0.79052734375 0.33544921875 0.22265625 0.03173828125
4 0.791015625 0.40234375 0.22021484375 0.0341796875
4 0.49462890625 0.90380859375 0.19287109375 0.0283203125
4 0.494140625 0.96630859375 0.1953125 0.029296875
4 0.201171875 0.95068359375 0.19287109375 0.02587890625
3 0.29296875 0.8837890625 0.01318359375 0.02099609375
0 0.494140625 0.4111328125 0.0439453125 0.02587890625
0 0.10791015625 0.57177734375 0.0537109375 0.0341796875
0 0.12744140625 0.74853515625 0.09375 0.046875
0 0.49560546875 0.60986328125 0.208984375 0.0283203125
0 0.421875 0.74853515625 0.0927734375 0.04443359375
0 0.703125 0.6103515625 0.0478515625 0.03173828125
0 0.71826171875 0.74755859375 0.09228515625 0.04443359375
3 0.5830078125 0.541015625 0.0078125 0.0107421875
3 0.58251953125 0.4921875 0.0068359375 0.01171875
5 0.435546875 0.4921875 0.07177734375 0.02099609375
5 0.43115234375 0.54296875 0.0615234375 0.01416015625
6 0.08642578125 0.52587890625 0.01025390625 0.01513671875
6 0.1201171875 0.525390625 0.00927734375 0.01416015625
5 0.10205078125 0.5263671875 0.0146484375 0.01416015625
5 0.13427734375 0.525390625 0.0126953125 0.01416015625