5 0.58642578125 0.25439453125 0.064453125 0.0380859375
4 0.63916015625 0.3134765625 0.158203125 0.064453125
4 0.8076171875 0.31201171875 0.16015625 0.0673828125
3 0.8310546875 0.41162109375 0.02685546875 0.0361328125
3 0.873046875 0.4140625 0.0244140625 0.03515625
5 0.5634765625 0.47021484375 0.06396484375 0.03515625
5 0.5546875 0.6337890625 0.0576171875 0.03125
4 0.72705078125 0.53515625 0.39306640625 0.072265625
4 0.7265625 0.7001953125 0.392578125 0.0712890625
0 0.59765625 0.8154296875 0.134765625 0.0732421875
0 0.1494140625 0.22802734375 0.16064453125 0.0693359375
0 0.1494140625 0.31640625 0.15576171875 0.06396484375
0 0.1484375 0.40771484375 0.15673828125 0.064453125
0 0.14990234375 0.49609375 0.15673828125 0.06103515625
0 0.1494140625 0.58544921875 0.15673828125 0.05810546875
0 0.1494140625 0.67529296875 0.15673828125 0.06396484375
0 0.32373046875 0.67431640625 0.158203125 0.0654296875
0 0.32373046875 0.58544921875 0.15771484375 0.06005859375
0 0.32373046875 0.4951171875 0.15869140625 0.06396484375
0 0.32275390625 0.40576171875 0.15966796875 0.06298828125
0 0.32275390625 0.314453125 0.1552734375 0.06298828125
3 0.095703125 0.220703125 0.02978515625 0.037109375
3 0.09716796875 0.31591796875 0.0302734375 0.037109375
3 0.095703125 0.40234375 0.0224609375 0.048828125
3 0.0947265625 0.4921875 0.03369140625 0.04345703125
3 0.0966796875 0.5830078125 0.02978515625 0.04638671875
3 0.09814453125 0.67138671875 0.02490234375 0.048828125
3 0.271484375 0.66943359375 0.03271484375 0.0380859375
3 0.27001953125 0.5869140625 0.0224609375 0.04638671875
3 0.271484375 0.494140625 0.0224609375 0.04541015625
3 0.26806640625 0.40478515625 0.025390625 0.04052734375
3 0.2705078125 0.3154296875 0.03466796875 0.0322265625
3 0.271484375 0.22607421875 0.03271484375 0.04736328125