1 0.16357421875 0.5908203125 0.0302734375 0.05859375
1 0.16357421875 0.6767578125 0.0322265625 0.060546875
1 0.4931640625 0.5849609375 0.033203125 0.0625
1 0.4921875 0.6708984375 0.03125 0.064453125
1 0.30126953125 0.86181640625 0.0322265625 0.0615234375
1 0.396484375 0.86083984375 0.033203125 0.0595703125
1 0.4921875 0.8603515625 0.033203125 0.05859375
5 0.30029296875 0.591796875 0.2119140625 0.05078125
5 0.30810546875 0.6787109375 0.2294921875 0.05078125
5 0.63916015625 0.58154296875 0.2314453125 0.0576171875
5 0.689453125 0.669921875 0.33203125 0.056640625
5 0.3447265625 0.86474609375 0.01953125 0.0517578125
5 0.4375 0.861328125 0.02734375 0.05078125
5 0.6005859375 0.86474609375 0.158203125 0.0576171875