5 0.5361328125 0.16748046875 0.14990234375 0.04833984375
5 0.5341796875 0.22412109375 0.14892578125 0.02490234375
5 0.51611328125 0.294921875 0.115234375 0.02001953125
5 0.4873046875 0.4033203125 0.06005859375 0.02001953125
5 0.4912109375 0.51171875 0.0625 0.0166015625
5 0.64013671875 0.73583984375 0.1826171875 0.02490234375
0 0.64208984375 0.806640625 0.30615234375 0.06005859375
0 0.64111328125 0.6416015625 0.302734375 0.056640625
5 0.294921875 0.8740234375 0.14013671875 0.0283203125
5 0.2939453125 0.41064453125 0.04736328125 0.02490234375
4 0.64013671875 0.33984375 0.365234375 0.0634765625
2 0.544921875 0.447265625 0.169921875 0.05517578125
2 0.7373046875 0.44677734375 0.169921875 0.056640625
4 0.5439453125 0.556640625 0.169921875 0.056640625
5 0.703125 0.5556640625 0.1064453125 0.021484375