0 0.58984375 0.39599609375 0.1298828125 0.03515625
3 0.8427734375 0.14990234375 0.02734375 0.02978515625
0 0.9052734375 0.150390625 0.08251953125 0.03076171875
3 0.93896484375 0.0791015625 0.02099609375 0.02685546875
3 0.8271484375 0.0791015625 0.00927734375 0.01025390625
5 0.880859375 0.080078125 0.08154296875 0.03271484375
3 0.2548828125 0.15283203125 0.04150390625 0.05029296875
0 0.771484375 0.8330078125 0.09765625 0.02783203125
3 0.06591796875 0.236328125 0.0166015625 0.02587890625
3 0.06396484375 0.15380859375 0.02001953125 0.02783203125
3 0.06591796875 0.30078125 0.021484375 0.02783203125
3 0.06689453125 0.3359375 0.02001953125 0.021484375
3 0.064453125 0.3671875 0.02099609375 0.02490234375
3 0.06591796875 0.43701171875 0.02001953125 0.02490234375
3 0.06689453125 0.50048828125 0.0166015625 0.02783203125
3 0.064453125 0.56982421875 0.02099609375 0.02490234375
5 0.09716796875 0.5703125 0.03564453125 0.015625
5 0.0986328125 0.5009765625 0.04248046875 0.01416015625
5 0.10498046875 0.43408203125 0.05517578125 0.0205078125
5 0.0947265625 0.3671875 0.029296875 0.0185546875
5 0.1064453125 0.33544921875 0.05517578125 0.0185546875
5 0.099609375 0.30029296875 0.041015625 0.0166015625
5 0.09375 0.2333984375 0.0341796875 0.0166015625
5 0.10546875 0.1533203125 0.0556640625 0.01220703125
5 0.10595703125 0.19287109375 0.0498046875 0.015625
3 0.1943359375 0.08056640625 0.0234375 0.02783203125
3 0.2451171875 0.07958984375 0.02685546875 0.0361328125
3 0.185546875 0.15380859375 0.00732421875 0.01123046875
3 0.18603515625 0.23583984375 0.00927734375 0.01025390625
3 0.1865234375 0.30126953125 0.009765625 0.01220703125
3 0.18603515625 0.33447265625 0.009765625 0.01220703125
3 0.1875 0.36767578125 0.009765625 0.01318359375
3 0.18701171875 0.50146484375 0.00927734375 0.017578125
3 0.26318359375 0.3154296875 0.03515625 0.04638671875
3 0.5 0.31591796875 0.03515625 0.04541015625
3 0.73583984375 0.31591796875 0.03515625 0.04736328125
3 0.8056640625 0.07958984375 0.0283203125 0.0341796875