5 0.06884765625 0.13330078125 0.0439453125 0.02734375
5 0.07373046875 0.234375 0.0537109375 0.02294921875
5 0.0791015625 0.33544921875 0.0625 0.02734375
5 0.06103515625 0.47021484375 0.0283203125 0.025390625
5 0.3330078125 0.1376953125 0.068359375 0.04150390625
5 0.31591796875 0.1806640625 0.0341796875 0.02978515625
5 0.33203125 0.298828125 0.06640625 0.0322265625
5 0.31396484375 0.39404296875 0.0263671875 0.02978515625
5 0.66357421875 0.39404296875 0.0537109375 0.025390625
5 0.33447265625 0.544921875 0.0673828125 0.02734375
4 0.16748046875 0.1826171875 0.2392578125 0.04833984375
4 0.1669921875 0.28369140625 0.23828125 0.04833984375
4 0.462890625 0.44482421875 0.322265625 0.04833984375
4 0.7998046875 0.5966796875 0.32421875 0.04833984375
4 0.46337890625 0.59521484375 0.3232421875 0.0458984375
2 0.6318359375 0.71240234375 0.66015625 0.0458984375
5 0.3310546875 0.6611328125 0.05859375 0.025390625
2 0.6318359375 0.23095703125 0.66015625 0.04833984375
5 0.046875 0.0390625 0.083984375 0.04150390625
5 0.6982421875 0.54248046875 0.123046875 0.0322265625