1 0.45068359375 0.09765625 0.0341796875 0.064453125
1 0.677734375 0.09912109375 0.033203125 0.0654296875
1 0.90234375 0.09619140625 0.03125 0.0634765625
1 0.9052734375 0.34521484375 0.03515625 0.0615234375
1 0.90234375 0.59423828125 0.033203125 0.0654296875
1 0.9072265625 0.84228515625 0.03125 0.0673828125
1 0.68115234375 0.3466796875 0.0322265625 0.06640625
1 0.6787109375 0.5966796875 0.03125 0.0625
1 0.681640625 0.84375 0.02734375 0.0625
1 0.45263671875 0.3466796875 0.0322265625 0.064453125
1 0.44873046875 0.5947265625 0.0341796875 0.0703125
1 0.453125 0.845703125 0.03125 0.05859375