6 0.1708984375 0.3125 0.048828125 0.060546875
6 0.169921875 0.404296875 0.046875 0.060546875
6 0.2119140625 0.51171875 0.044921875 0.06640625
6 0.212890625 0.6044921875 0.05078125 0.056640625
5 0.330078125 0.3115234375 0.267578125 0.052734375
5 0.3359375 0.40380859375 0.263671875 0.0478515625
5 0.380859375 0.51611328125 0.2578125 0.0537109375
5 0.37890625 0.61083984375 0.259765625 0.0517578125
3 0.04736328125 0.1796875 0.0478515625 0.0546875
3 0.0478515625 0.2880859375 0.05078125 0.060546875
3 0.04931640625 0.37255859375 0.0615234375 0.0634765625
3 0.05029296875 0.478515625 0.0556640625 0.060546875