6 0.1171875 0.27978515625 0.072265625 0.1455078125
6 0.36767578125 0.28271484375 0.0751953125 0.1396484375
6 0.60693359375 0.28173828125 0.0751953125 0.1318359375
1 0.119140625 0.8076171875 0.07421875 0.14453125
1 0.46728515625 0.806640625 0.0732421875 0.134765625
1 0.76171875 0.80712890625 0.078125 0.1455078125
5 0.1787109375 0.10693359375 0.283203125 0.0908203125
5 0.212890625 0.63330078125 0.349609375 0.0927734375
5 0.24853515625 0.79736328125 0.1767578125 0.0771484375
5 0.57177734375 0.79736328125 0.1220703125 0.0732421875
5 0.87939453125 0.7978515625 0.1494140625 0.078125
5 0.19921875 0.2802734375 0.07421875 0.08984375
5 0.44482421875 0.27099609375 0.0673828125 0.0791015625
5 0.7890625 0.2802734375 0.275390625 0.09375