3 0.0615234375 0.0302734375 0.0458984375 0.06005859375
5 0.09130859375 0.19482421875 0.1142578125 0.04248046875
5 0.23291015625 0.193359375 0.0595703125 0.0390625
5 0.4033203125 0.19873046875 0.080078125 0.03564453125
5 0.591796875 0.19482421875 0.11572265625 0.0283203125
5 0.75732421875 0.19677734375 0.111328125 0.0390625
5 0.88037109375 0.134765625 0.07861328125 0.04248046875
5 0.9453125 0.134765625 0.03564453125 0.0283203125
0 0.9853515625 0.1328125 0.02685546875 0.0458984375
5 0.0830078125 0.3564453125 0.09814453125 0.0390625
0 0.21533203125 0.3544921875 0.11865234375 0.04248046875
6 0.06298828125 0.75 0.01611328125 0.0390625
6 0.06298828125 0.84033203125 0.01611328125 0.03564453125
6 0.06396484375 0.92919921875 0.0146484375 0.04248046875
5 0.89990234375 0.53173828125 0.037109375 0.04248046875
3 0.9404296875 0.53564453125 0.02392578125 0.04248046875
3 0.97265625 0.53369140625 0.025390625 0.05322265625
3 0.01953125 0.03369140625 0.0146484375 0.0458984375
4 0.11572265625 0.25 0.154296875 0.0458984375
4 0.2802734375 0.248046875 0.154296875 0.0498046875
2 0.447265625 0.24658203125 0.15283203125 0.0458984375
2 0.61572265625 0.248046875 0.154296875 0.0498046875
2 0.78271484375 0.24658203125 0.15576171875 0.0458984375
3 0.93017578125 0.0283203125 0.02099609375 0.04248046875
3 0.96435546875 0.0283203125 0.02099609375 0.0498046875