0 0.119140625 0.19921875 0.18994140625 0.08154296875
5 0.30322265625 0.20068359375 0.1181640625 0.04248046875
0 0.48193359375 0.20068359375 0.18408203125 0.0849609375
0 0.1708984375 0.30908203125 0.2978515625 0.080078125
0 0.412109375 0.30810546875 0.14404296875 0.0849609375
4 0.251953125 0.40625 0.43212890625 0.0458984375
7 0.7431640625 0.20166015625 0.1298828125 0.0703125
7 0.908203125 0.20068359375 0.1318359375 0.08154296875
7 0.76123046875 0.71044921875 0.10986328125 0.0634765625
7 0.89501953125 0.708984375 0.10986328125 0.060546875
1 0.826171875 0.4072265625 0.076171875 0.05078125
6 0.90380859375 0.40771484375 0.06396484375 0.05224609375
0 0.14111328125 0.6982421875 0.22607421875 0.078125
5 0.34521484375 0.69921875 0.1181640625 0.04736328125
0 0.13916015625 0.80078125 0.22607421875 0.0751953125
5 0.34716796875 0.8017578125 0.10986328125 0.03759765625
4 0.28515625 0.931640625 0.51416015625 0.0947265625
1 0.8232421875 0.9267578125 0.0498046875 0.04248046875
1 0.89892578125 0.92578125 0.0458984375 0.03759765625