3 0.96337890625 0.041015625 0.0126953125 0.02978515625
5 0.8916015625 0.04296875 0.037109375 0.0224609375
5 0.80322265625 0.0419921875 0.0556640625 0.0244140625
5 0.7138671875 0.0390625 0.04296875 0.0185546875
5 0.6259765625 0.0390625 0.046875 0.0224609375
5 0.60888671875 0.14453125 0.1083984375 0.0205078125
4 0.65185546875 0.19775390625 0.2255859375 0.05615234375
4 0.88330078125 0.19677734375 0.2255859375 0.0576171875
4 0.767578125 0.2724609375 0.45703125 0.0673828125
4 0.65087890625 0.349609375 0.2255859375 0.0615234375
4 0.88427734375 0.34912109375 0.2236328125 0.0595703125
2 0.76708984375 0.42626953125 0.4580078125 0.0654296875
2 0.76806640625 0.501953125 0.4580078125 0.0595703125
2 0.767578125 0.57763671875 0.45703125 0.0576171875
2 0.65234375 0.65478515625 0.224609375 0.0595703125
2 0.88330078125 0.65283203125 0.2255859375 0.0595703125
1 0.544921875 0.73486328125 0.01171875 0.0224609375
5 0.63037109375 0.732421875 0.1455078125 0.0166015625
5 0.61328125 0.7734375 0.15234375 0.01318359375
0 0.7666015625 0.84912109375 0.08984375 0.05224609375
5 0.2470703125 0.21337890625 0.302734375 0.09912109375