2 0.0830078125 0.40625 0.150390625 0.1484375
2 0.23291015625 0.40380859375 0.1376953125 0.1572265625
2 0.6494140625 0.38916015625 0.15625 0.1474609375
2 0.80029296875 0.3896484375 0.1318359375 0.1484375
0 0.23388671875 0.66162109375 0.1337890625 0.1123046875
0 0.365234375 0.40673828125 0.11328125 0.1689453125
0 0.9296875 0.3896484375 0.115234375 0.166015625
5 0.2041015625 0.5419921875 0.0625 0.08984375
5 0.21044921875 0.7705078125 0.0712890625 0.087890625
5 0.2060546875 0.88330078125 0.0625 0.0927734375
5 0.76953125 0.52685546875 0.052734375 0.0849609375
5 0.76904296875 0.640625 0.0556640625 0.08984375
0 0.79833984375 0.7587890625 0.1318359375 0.11328125
5 0.78271484375 0.869140625 0.0810546875 0.091796875