1 0.103515625 0.24462890625 0.076171875 0.0634765625
1 0.10302734375 0.3662109375 0.0771484375 0.068359375
1 0.1025390625 0.48583984375 0.078125 0.0673828125
1 0.1015625 0.607421875 0.080078125 0.068359375
2 0.490234375 0.10693359375 0.943359375 0.1630859375
1 0.10302734375 0.72705078125 0.0771484375 0.0673828125
1 0.1005859375 0.84814453125 0.072265625 0.0615234375
5 0.259765625 0.3603515625 0.162109375 0.0546875
5 0.26416015625 0.4814453125 0.1650390625 0.052734375
5 0.26220703125 0.6015625 0.1728515625 0.05078125
5 0.26416015625 0.72119140625 0.1689453125 0.0478515625
5 0.265625 0.84521484375 0.171875 0.0498046875