3 0.9609375 0.18359375 0.0166015625 0.0537109375
1 0.02734375 0.04833984375 0.0185546875 0.046875
5 0.091796875 0.0458984375 0.09716796875 0.0380859375
3 0.646484375 0.17919921875 0.0205078125 0.0537109375
5 0.70751953125 0.17919921875 0.09619140625 0.04931640625
5 0.85009765625 0.18212890625 0.08251953125 0.046875
2 0.10791015625 0.88037109375 0.1806640625 0.078125
5 0.06298828125 0.17333984375 0.03271484375 0.03369140625
5 0.06591796875 0.32666015625 0.03857421875 0.02685546875
5 0.0771484375 0.47412109375 0.05517578125 0.03564453125
5 0.09228515625 0.5322265625 0.03271484375 0.03564453125
5 0.1689453125 0.53125 0.03076171875 0.03369140625
4 0.3232421875 0.38818359375 0.54931640625 0.060546875
4 0.32421875 0.2314453125 0.54736328125 0.060546875
4 0.32421875 0.61865234375 0.54931640625 0.06494140625
4 0.32568359375 0.701171875 0.5498046875 0.0693359375
1 0.0576171875 0.53369140625 0.01953125 0.04248046875
1 0.13818359375 0.53125 0.017578125 0.04248046875
5 0.2724609375 0.8759765625 0.0673828125 0.03369140625
3 0.22509765625 0.87255859375 0.01611328125 0.0400390625