5 0.11328125 0.2158203125 0.07666015625 0.01416015625
5 0.14892578125 0.2548828125 0.14990234375 0.03271484375
5 0.09619140625 0.33154296875 0.04638671875 0.01416015625
5 0.24267578125 0.33056640625 0.04736328125 0.015625
5 0.22900390625 0.42138671875 0.02001953125 0.01708984375
5 0.10791015625 0.42236328125 0.068359375 0.015625
5 0.111328125 0.5126953125 0.07275390625 0.01708984375
5 0.15478515625 0.6005859375 0.158203125 0.021484375
5 0.2509765625 0.51220703125 0.0625 0.015625
5 0.1845703125 0.7158203125 0.18310546875 0.01416015625
0 0.15283203125 0.78369140625 0.1533203125 0.05859375
1 0.08251953125 0.71337890625 0.01318359375 0.0185546875
4 0.14111328125 0.55078125 0.1328125 0.0498046875
2 0.28564453125 0.55078125 0.1318359375 0.0498046875
4 0.2861328125 0.4609375 0.1328125 0.0498046875
4 0.2861328125 0.37060546875 0.1328125 0.052734375
4 0.14111328125 0.4609375 0.1328125 0.0498046875
4 0.14111328125 0.3701171875 0.1328125 0.05126953125
5 0.609375 0.16796875 0.0927734375 0.021484375
5 0.6328125 0.20556640625 0.14697265625 0.0341796875
5 0.57421875 0.27001953125 0.0322265625 0.01708984375
5 0.59716796875 0.38232421875 0.08154296875 0.0185546875
5 0.6025390625 0.49658203125 0.08984375 0.0185546875
5 0.65771484375 0.60693359375 0.197265625 0.01708984375
5 0.6591796875 0.75341796875 0.16015625 0.03857421875
1 0.56689453125 0.748046875 0.01513671875 0.0244140625
0 0.65966796875 0.83642578125 0.201171875 0.07568359375
4 0.6591796875 0.54443359375 0.20166015625 0.06298828125
4 0.66015625 0.43017578125 0.20166015625 0.06298828125
4 0.65966796875 0.3173828125 0.201171875 0.06298828125