4 0.35595703125 0.427734375 0.212890625 0.07763671875
4 0.35498046875 0.53955078125 0.21240234375 0.06787109375
2 0.35546875 0.662109375 0.21484375 0.07568359375
4 0.6455078125 0.4296875 0.2158203125 0.07421875
4 0.6455078125 0.54052734375 0.2138671875 0.06787109375
5 0.56689453125 0.63671875 0.02880859375 0.0244140625
6 0.5419921875 0.6376953125 0.0107421875 0.0224609375
6 0.603515625 0.6357421875 0.01123046875 0.02001953125
5 0.634765625 0.634765625 0.04296875 0.025390625
5 0.556640625 0.6015625 0.03955078125 0.02099609375
5 0.560546875 0.48779296875 0.04931640625 0.0224609375
5 0.5615234375 0.37353515625 0.04931640625 0.02001953125
5 0.26611328125 0.6015625 0.0380859375 0.01904296875
5 0.27099609375 0.48779296875 0.04833984375 0.017578125
5 0.27197265625 0.375 0.0498046875 0.0234375
5 0.49609375 0.12744140625 0.57861328125 0.06787109375
0 0.64599609375 0.7138671875 0.21435546875 0.072265625
0 0.35546875 0.7685546875 0.21484375 0.07666015625