4 0.25390625 0.40185546875 0.31396484375 0.0537109375
4 0.2529296875 0.48876953125 0.31396484375 0.05126953125
1 0.15625 0.72607421875 0.015625 0.02880859375
5 0.2666015625 0.72705078125 0.19287109375 0.0302734375
5 0.5673828125 0.3916015625 0.11328125 0.03564453125
5 0.53076171875 0.58349609375 0.04150390625 0.0302734375
5 0.80908203125 0.3994140625 0.10546875 0.0263671875
5 0.7939453125 0.5791015625 0.0751953125 0.04150390625
0 0.2529296875 0.80615234375 0.31396484375 0.0537109375
3 0.4716796875 0.41796875 0.0263671875 0.03857421875
3 0.47216796875 0.6025390625 0.0244140625 0.03564453125
3 0.71875 0.41796875 0.02197265625 0.0439453125
3 0.7197265625 0.6025390625 0.02099609375 0.04150390625
5 0.5810546875 0.46435546875 0.1396484375 0.06201171875
5 0.822265625 0.462890625 0.12744140625 0.0673828125
5 0.8193359375 0.64697265625 0.1298828125 0.06884765625
5 0.57470703125 0.64404296875 0.12890625 0.0634765625