5 0.0439453125 0.02099609375 0.0849609375 0.02685546875
5 0.021484375 0.0673828125 0.0224609375 0.01416015625
5 0.02734375 0.14013671875 0.03662109375 0.0205078125
5 0.05224609375 0.20947265625 0.04296875 0.02587890625
5 0.0185546875 0.6279296875 0.01318359375 0.01171875
5 0.03369140625 0.7666015625 0.0439453125 0.01904296875
5 0.0634765625 0.83544921875 0.0673828125 0.0205078125
5 0.03173828125 0.8896484375 0.041015625 0.0205078125
5 0.650390625 0.0615234375 0.123046875 0.02294921875
5 0.7353515625 0.09814453125 0.24853515625 0.0244140625
5 0.68798828125 0.13037109375 0.15283203125 0.0244140625
5 0.7470703125 0.1650390625 0.2685546875 0.02197265625
5 0.7431640625 0.19970703125 0.26611328125 0.0244140625
5 0.80322265625 0.234375 0.38671875 0.0244140625
5 0.76611328125 0.26806640625 0.31201171875 0.02197265625
0 0.1005859375 0.9658203125 0.17626953125 0.037109375
0 0.2939453125 0.9658203125 0.17578125 0.03466796875
0 0.4873046875 0.9091796875 0.17724609375 0.037109375
0 0.48828125 0.966796875 0.17626953125 0.03857421875
1 0.0185546875 0.20751953125 0.0126953125 0.02197265625
1 0.01806640625 0.8349609375 0.0126953125 0.0244140625
6 0.6005859375 0.09521484375 0.0146484375 0.02587890625
6 0.60009765625 0.12744140625 0.0166015625 0.02587890625
6 0.6005859375 0.16259765625 0.0146484375 0.0244140625
6 0.6015625 0.19384765625 0.013671875 0.02587890625
6 0.6005859375 0.2314453125 0.0146484375 0.03076171875
6 0.599609375 0.26806640625 0.01611328125 0.02978515625