5 0.3837890625 0.2314453125 0.06494140625 0.02978515625
5 0.40283203125 0.35498046875 0.11181640625 0.02978515625
5 0.38916015625 0.55419921875 0.07958984375 0.03369140625
5 0.1357421875 0.48876953125 0.0771484375 0.02978515625
5 0.2568359375 0.49365234375 0.0927734375 0.02734375
5 0.13916015625 0.25927734375 0.0517578125 0.0263671875
5 0.76171875 0.75048828125 0.07958984375 0.02392578125
5 0.8828125 0.74560546875 0.06982421875 0.03125
4 0.21875 0.7685546875 0.16455078125 0.052734375
4 0.21728515625 0.828125 0.16552734375 0.05126953125
6 0.08251953125 0.55859375 0.0205078125 0.0400390625
6 0.099609375 0.26318359375 0.021484375 0.0361328125
6 0.70849609375 0.2939453125 0.01904296875 0.03759765625
6 0.70703125 0.75146484375 0.01708984375 0.03271484375
6 0.70751953125 0.81884765625 0.02197265625 0.03271484375
2 0.49853515625 0.4130859375 0.296875 0.0712890625
4 0.4990234375 0.29541015625 0.2978515625 0.06396484375
4 0.501953125 0.49609375 0.29541015625 0.0673828125
4 0.5009765625 0.61767578125 0.29443359375 0.06494140625
0 0.58154296875 0.697265625 0.13330078125 0.06982421875
5 0.76171875 0.2255859375 0.07470703125 0.02392578125
5 0.90771484375 0.2236328125 0.09619140625 0.02734375
3 0.70947265625 0.22705078125 0.01806640625 0.02880859375
3 0.7080078125 0.107421875 0.01953125 0.044921875
3 0.70947265625 0.66064453125 0.01904296875 0.0439453125
3 0.0830078125 0.4912109375 0.021484375 0.044921875
3 0.08203125 0.37255859375 0.01953125 0.044921875
3 0.09912109375 0.09375 0.025390625 0.04248046875
4 0.8486328125 0.4423828125 0.20068359375 0.0498046875
4 0.84765625 0.50830078125 0.2041015625 0.048828125