1 0.05078125 0.40966796875 0.033203125 0.0478515625
1 0.05078125 0.5087890625 0.03125 0.0390625
6 0.0517578125 0.6015625 0.033203125 0.044921875
6 0.05126953125 0.6962890625 0.0361328125 0.044921875
2 0.11962890625 0.7939453125 0.1708984375 0.0546875
4 0.1767578125 0.07373046875 0.28125 0.0517578125
4 0.17529296875 0.1728515625 0.2841796875 0.0625
0 0.09716796875 0.8955078125 0.1279296875 0.05859375
0 0.59228515625 0.79150390625 0.1064453125 0.0517578125
4 0.677734375 0.072265625 0.27734375 0.056640625
4 0.6806640625 0.1708984375 0.291015625 0.064453125
0 0.58642578125 0.88671875 0.0947265625 0.05078125