3 0.83056640625 0.22998046875 0.01513671875 0.03662109375
3 0.86376953125 0.23095703125 0.01806640625 0.03125
3 0.87353515625 0.4150390625 0.01318359375 0.03466796875
3 0.8740234375 0.556640625 0.01220703125 0.03662109375
4 0.65771484375 0.63037109375 0.38916015625 0.052734375
4 0.669921875 0.49462890625 0.416015625 0.0546875
3 0.86376953125 0.62841796875 0.01611328125 0.03466796875
0 0.77734375 0.78759765625 0.05908203125 0.056640625
0 0.8486328125 0.78564453125 0.06103515625 0.056640625
5 0.50439453125 0.43994140625 0.0849609375 0.025390625
5 0.50244140625 0.57373046875 0.0830078125 0.02392578125