1 0.046875 0.36279296875 0.01318359375 0.02587890625
1 0.0458984375 0.42578125 0.01220703125 0.0185546875
1 0.0458984375 0.51025390625 0.01220703125 0.0205078125
1 0.0458984375 0.5927734375 0.01220703125 0.0224609375
1 0.046875 0.6796875 0.01123046875 0.0224609375
1 0.04541015625 0.76220703125 0.01318359375 0.02392578125
1 0.04736328125 0.90576171875 0.01220703125 0.0224609375
5 0.0771484375 0.42236328125 0.02783203125 0.02587890625
5 0.0791015625 0.50830078125 0.033203125 0.02392578125
5 0.07763671875 0.58984375 0.03125 0.02783203125
5 0.08056640625 0.67431640625 0.03662109375 0.02587890625
5 0.0791015625 0.76123046875 0.033203125 0.02978515625
5 0.0830078125 0.90380859375 0.041015625 0.02978515625
5 0.0859375 0.36474609375 0.04541015625 0.02978515625