0 0.05322265625 0.1064453125 0.072265625 0.05712890625
0 0.14306640625 0.10498046875 0.1044921875 0.0595703125
0 0.23828125 0.10498046875 0.08935546875 0.0595703125
0 0.35693359375 0.1064453125 0.15087890625 0.06201171875
2 0.26318359375 0.2900390625 0.16015625 0.05712890625
0 0.076171875 0.396484375 0.09375 0.06201171875
4 0.2236328125 0.55029296875 0.3525390625 0.04931640625
4 0.2255859375 0.6435546875 0.34912109375 0.05419921875
4 0.22607421875 0.734375 0.35400390625 0.04931640625
4 0.2255859375 0.8291015625 0.3525390625 0.046875
2 0.5478515625 0.546875 0.19384765625 0.0517578125
2 0.54638671875 0.6435546875 0.19677734375 0.05419921875
2 0.546875 0.73583984375 0.1923828125 0.05712890625
2 0.54638671875 0.830078125 0.19091796875 0.05419921875
5 0.08251953125 0.47802734375 0.072265625 0.0390625
5 0.49169921875 0.47412109375 0.0908203125 0.04150390625
5 0.7470703125 0.47021484375 0.14306640625 0.0439453125
2 0.931640625 0.28759765625 0.06591796875 0.046875
3 0.35986328125 0.2900390625 0.0244140625 0.03125