0 0.67626953125 0.802734375 0.2763671875 0.04931640625
5 0.50537109375 0.16943359375 0.33544921875 0.0390625
5 0.50390625 0.2265625 0.12060546875 0.021484375
5 0.24365234375 0.2822265625 0.10791015625 0.0205078125
5 0.2451171875 0.37255859375 0.10595703125 0.0224609375
5 0.2314453125 0.46142578125 0.07861328125 0.021484375
5 0.2333984375 0.54052734375 0.08740234375 0.01953125
5 0.24609375 0.6220703125 0.10595703125 0.0205078125
5 0.23779296875 0.7119140625 0.091796875 0.021484375
4 0.4521484375 0.28369140625 0.19189453125 0.056640625
4 0.64306640625 0.283203125 0.19189453125 0.0556640625
4 0.453125 0.37353515625 0.19189453125 0.05322265625
4 0.45361328125 0.46533203125 0.1845703125 0.04931640625
4 0.64404296875 0.46533203125 0.18994140625 0.04736328125
4 0.642578125 0.62255859375 0.19091796875 0.05419921875
4 0.45263671875 0.62353515625 0.19091796875 0.05419921875
4 0.6435546875 0.7138671875 0.19091796875 0.05419921875
4 0.45361328125 0.71337890625 0.19091796875 0.05126953125
2 0.51416015625 0.5439453125 0.3095703125 0.03076171875