6 0.13037109375 0.23388671875 0.0380859375 0.0517578125
6 0.12939453125 0.32763671875 0.0361328125 0.0458984375
1 0.6279296875 0.23486328125 0.0390625 0.0517578125
1 0.626953125 0.3271484375 0.03515625 0.044921875
6 0.1298828125 0.41943359375 0.03515625 0.0458984375
6 0.12939453125 0.71923828125 0.0322265625 0.0419921875
6 0.12841796875 0.810546875 0.0361328125 0.046875
6 0.12841796875 0.90283203125 0.0322265625 0.0478515625
1 0.6279296875 0.41845703125 0.03515625 0.0478515625
1 0.62646484375 0.71728515625 0.0322265625 0.0419921875
1 0.62646484375 0.81005859375 0.0322265625 0.0419921875
1 0.6259765625 0.90283203125 0.033203125 0.0419921875