7 0.8916015625 0.875 0.14453125 0.107421875
5 0.34912109375 0.8681640625 0.3857421875 0.078125
5 0.294921875 0.37109375 0.279296875 0.06640625
5 0.23974609375 0.228515625 0.1728515625 0.068359375
5 0.27490234375 0.6220703125 0.2392578125 0.064453125
3 0.0791015625 0.62109375 0.083984375 0.09765625
3 0.07763671875 0.22607421875 0.0830078125 0.0986328125
3 0.07763671875 0.36572265625 0.0869140625 0.0986328125
3 0.07958984375 0.87158203125 0.0830078125 0.0908203125
3 0.94580078125 0.22802734375 0.0419921875 0.0595703125
3 0.943359375 0.36572265625 0.044921875 0.0556640625
3 0.94873046875 0.62109375 0.0419921875 0.05859375