3 0.041015625 0.095703125 0.0146484375 0.03125
3 0.06201171875 0.095703125 0.02099609375 0.03125
3 0.083984375 0.095703125 0.01953125 0.03125
3 0.10498046875 0.095703125 0.01611328125 0.03125
5 0.0517578125 0.15576171875 0.0615234375 0.02587890625
5 0.04931640625 0.3212890625 0.056640625 0.02587890625
5 0.05322265625 0.5556640625 0.064453125 0.02587890625
5 0.0517578125 0.79150390625 0.0615234375 0.02294921875
5 0.6376953125 0.2587890625 0.06298828125 0.03125
5 0.283203125 0.259765625 0.06298828125 0.02880859375
5 0.267578125 0.3798828125 0.0322265625 0.02880859375
5 0.2783203125 0.54833984375 0.056640625 0.02880859375
5 0.6298828125 0.5458984375 0.07275390625 0.02880859375
5 0.28369140625 0.16552734375 0.14208984375 0.0458984375
5 0.24853515625 0.7412109375 0.06787109375 0.037109375
5 0.28857421875 0.83154296875 0.07763671875 0.02880859375
4 0.40234375 0.2998046875 0.3017578125 0.0400390625
4 0.75634765625 0.2998046875 0.30322265625 0.0458984375
4 0.40234375 0.42138671875 0.29833984375 0.04296875
2 0.419921875 0.626953125 0.2822265625 0.04296875
4 0.67236328125 0.626953125 0.10302734375 0.037109375
4 0.4033203125 0.8701171875 0.2998046875 0.04296875
0 0.64111328125 0.96435546875 0.09814453125 0.04296875
0 0.74169921875 0.96435546875 0.0966796875 0.04833984375
0 0.8427734375 0.96435546875 0.09814453125 0.04296875
0 0.943359375 0.962890625 0.0966796875 0.0400390625
3 0.93212890625 0.09716796875 0.0126953125 0.02294921875
3 0.958984375 0.095703125 0.0146484375 0.02587890625
3 0.7353515625 0.626953125 0.0224609375 0.04296875
3 0.02734375 0.1943359375 0.01611328125 0.02880859375
3 0.02734375 0.228515625 0.01611328125 0.02880859375
3 0.02734375 0.2626953125 0.01611328125 0.02880859375
3 0.02685546875 0.36279296875 0.0146484375 0.02880859375
3 0.0283203125 0.39697265625 0.0146484375 0.02294921875
3 0.02734375 0.43017578125 0.0126953125 0.02587890625
3 0.0283203125 0.462890625 0.0146484375 0.02880859375
3 0.0283203125 0.494140625 0.0146484375 0.02880859375
3 0.0283203125 0.59716796875 0.017578125 0.02880859375
3 0.02685546875 0.6298828125 0.017578125 0.02587890625
3 0.02734375 0.66552734375 0.01611328125 0.02880859375
3 0.02734375 0.69873046875 0.0126953125 0.02587890625
3 0.02685546875 0.7314453125 0.017578125 0.02880859375
3 0.02685546875 0.8330078125 0.0146484375 0.02587890625
3 0.02734375 0.86572265625 0.01611328125 0.02880859375
3 0.02734375 0.8984375 0.01611328125 0.02587890625