5 0.173828125 0.408203125 0.1103515625 0.033203125
5 0.357421875 0.4072265625 0.1396484375 0.03125
5 0.203125 0.51025390625 0.15625 0.029296875
5 0.18017578125 0.55419921875 0.11474609375 0.029296875
5 0.2060546875 0.60107421875 0.158203125 0.03564453125
5 0.19873046875 0.6435546875 0.1435546875 0.02490234375
5 0.2001953125 0.6845703125 0.154296875 0.03125
5 0.2001953125 0.783203125 0.154296875 0.029296875
5 0.17724609375 0.828125 0.10009765625 0.02294921875
5 0.20751953125 0.86962890625 0.16064453125 0.03564453125
5 0.19677734375 0.91455078125 0.14794921875 0.033203125
5 0.19873046875 0.95751953125 0.16064453125 0.03955078125
6 0.09375 0.40625 0.033203125 0.029296875
6 0.25927734375 0.4052734375 0.03955078125 0.02685546875
6 0.0947265625 0.50927734375 0.03955078125 0.03125
6 0.0947265625 0.55517578125 0.03955078125 0.03564453125
6 0.09375 0.60107421875 0.03759765625 0.03564453125
6 0.0947265625 0.642578125 0.03564453125 0.03564453125
6 0.0947265625 0.68310546875 0.03564453125 0.03759765625
6 0.095703125 0.7822265625 0.033203125 0.03564453125
6 0.09814453125 0.828125 0.03759765625 0.03125
6 0.0966796875 0.873046875 0.03564453125 0.033203125
6 0.095703125 0.91455078125 0.033203125 0.033203125
6 0.0947265625 0.95751953125 0.03564453125 0.03125