5 0.3662109375 0.240234375 0.65869140625 0.0400390625
5 0.0771484375 0.35986328125 0.07373046875 0.02490234375
4 0.1923828125 0.41357421875 0.3046875 0.052734375
4 0.49853515625 0.4150390625 0.3017578125 0.05517578125
4 0.8076171875 0.4150390625 0.3046875 0.05517578125
5 0.10595703125 0.5439453125 0.1259765625 0.0224609375
5 0.08935546875 0.72607421875 0.09228515625 0.0224609375
5 0.115234375 0.77001953125 0.05859375 0.02001953125
5 0.34619140625 0.77001953125 0.0830078125 0.02001953125
5 0.08154296875 0.87890625 0.0771484375 0.0224609375
5 0.73095703125 0.72607421875 0.42138671875 0.02734375
5 0.61083984375 0.87890625 0.181640625 0.0224609375
2 0.1923828125 0.60009765625 0.3046875 0.05517578125
2 0.5 0.60009765625 0.29833984375 0.05517578125
2 0.80908203125 0.60107421875 0.3017578125 0.052734375
2 0.73828125 0.78125 0.44287109375 0.0576171875
6 0.06005859375 0.771484375 0.03369140625 0.02734375
6 0.27685546875 0.7685546875 0.037109375 0.02734375
4 0.259765625 0.93603515625 0.43994140625 0.052734375
4 0.73828125 0.93359375 0.44287109375 0.0576171875