5 0.19091796875 0.36962890625 0.041015625 0.0302734375
5 0.17626953125 0.46875 0.06494140625 0.02783203125
4 0.330078125 0.36865234375 0.21630859375 0.080078125
4 0.330078125 0.470703125 0.21728515625 0.0859375
4 0.7705078125 0.28369140625 0.216796875 0.083984375
4 0.77001953125 0.3857421875 0.21484375 0.083984375
4 0.7978515625 0.70556640625 0.1591796875 0.08203125
7 0.25048828125 0.583984375 0.05615234375 0.04833984375
7 0.69091796875 0.49560546875 0.05615234375 0.046875
5 0.15087890625 0.58544921875 0.12158203125 0.044921875
5 0.58935546875 0.498046875 0.12060546875 0.0400390625
5 0.625 0.6005859375 0.05615234375 0.0390625
5 0.60302734375 0.70703125 0.1025390625 0.03515625
5 0.63037109375 0.28466796875 0.03955078125 0.0341796875
5 0.61767578125 0.38525390625 0.06640625 0.033203125
2 0.77001953125 0.60205078125 0.2158203125 0.083984375