3 0.38037109375 0.31005859375 0.0634765625 0.0947265625
3 0.38037109375 0.408203125 0.0693359375 0.076171875
3 0.380859375 0.50927734375 0.068359375 0.0751953125
3 0.3798828125 0.61181640625 0.06640625 0.0751953125
3 0.38232421875 0.7109375 0.0673828125 0.0625
3 0.37890625 0.8095703125 0.048828125 0.083984375
3 0.37841796875 0.90771484375 0.0458984375 0.0693359375
5 0.474609375 0.30810546875 0.109375 0.0576171875
5 0.494140625 0.41552734375 0.1484375 0.0517578125
5 0.5146484375 0.51318359375 0.19140625 0.0615234375
5 0.525390625 0.62158203125 0.208984375 0.0498046875
5 0.49365234375 0.71142578125 0.1455078125 0.0576171875
5 0.45654296875 0.80859375 0.0693359375 0.05078125
5 0.48291015625 0.91162109375 0.1240234375 0.0517578125