4 0.22509765625 0.1474609375 0.17138671875 0.0673828125
5 0.087890625 0.15087890625 0.0673828125 0.0595703125
5 0.43212890625 0.150390625 0.03125 0.0390625
5 0.47216796875 0.150390625 0.03271484375 0.04296875
5 0.5146484375 0.15185546875 0.0322265625 0.0390625
5 0.55517578125 0.1474609375 0.02734375 0.037109375
5 0.6005859375 0.150390625 0.0419921875 0.04296875
5 0.65966796875 0.1494140625 0.05078125 0.02978515625
5 0.7294921875 0.1474609375 0.064453125 0.037109375
3 0.7802734375 0.15185546875 0.02197265625 0.046875
3 0.81103515625 0.150390625 0.0234375 0.0390625
3 0.84326171875 0.1484375 0.0205078125 0.04296875
3 0.873046875 0.15087890625 0.01513671875 0.041015625
0 0.93017578125 0.146484375 0.07080078125 0.06884765625
0 0.4169921875 0.85546875 0.0869140625 0.07666015625
0 0.5498046875 0.853515625 0.15087890625 0.080078125