5 0.29345703125 0.18603515625 0.35595703125 0.03857421875
5 0.25244140625 0.42578125 0.244140625 0.0234375
5 0.25927734375 0.4765625 0.28955078125 0.029296875
5 0.302734375 0.63427734375 0.353515625 0.0546875
5 0.220703125 0.6923828125 0.11865234375 0.02783203125
5 0.1728515625 0.82958984375 0.1181640625 0.02490234375
0 0.4755859375 0.82958984375 0.0927734375 0.05517578125
4 0.21826171875 0.291015625 0.19384765625 0.05517578125
4 0.42333984375 0.28955078125 0.19482421875 0.052734375
4 0.3203125 0.3818359375 0.40087890625 0.05615234375
4 0.21875 0.57470703125 0.19482421875 0.0546875
4 0.4228515625 0.5751953125 0.19482421875 0.0537109375
1 0.1337890625 0.69140625 0.0185546875 0.02392578125