5 0.0703125 0.05517578125 0.072265625 0.0087890625
5 0.0693359375 0.0986328125 0.06005859375 0.0087890625
5 0.5439453125 0.0986328125 0.06494140625 0.0087890625
5 0.19482421875 0.1435546875 0.310546875 0.0087890625
5 0.2099609375 0.189453125 0.3447265625 0.009765625
5 0.28466796875 0.2509765625 0.494140625 0.00927734375
4 0.265625 0.07177734375 0.44921875 0.01806640625
4 0.7392578125 0.07177734375 0.44921875 0.0185546875
4 0.73681640625 0.11669921875 0.44775390625 0.01953125
4 0.265625 0.1162109375 0.44580078125 0.01611328125
4 0.501953125 0.1611328125 0.91748046875 0.017578125
4 0.501953125 0.2685546875 0.9208984375 0.017578125
4 0.5009765625 0.31396484375 0.91943359375 0.01611328125
4 0.501953125 0.35791015625 0.9208984375 0.017578125
4 0.50244140625 0.5751953125 0.9228515625 0.01611328125
4 0.501953125 0.61962890625 0.9208984375 0.01806640625
5 0.49560546875 0.9404296875 0.9228515625 0.017578125
5 0.09521484375 0.87060546875 0.04296875 0.0087890625
5 0.091796875 0.888671875 0.0361328125 0.009765625
5 0.12158203125 0.91015625 0.08935546875 0.009765625
5 0.4873046875 0.8486328125 0.90576171875 0.01953125
5 0.357421875 0.78125 0.6396484375 0.0087890625
5 0.49462890625 0.71484375 0.9140625 0.01708984375
5 0.494140625 0.64697265625 0.91259765625 0.01171875
5 0.24462890625 0.60205078125 0.41357421875 0.01123046875
5 0.27197265625 0.5576171875 0.46484375 0.00927734375
5 0.1962890625 0.49462890625 0.32080078125 0.00830078125
5 0.09521484375 0.51025390625 0.0361328125 0.00830078125
5 0.08837890625 0.52978515625 0.0361328125 0.009765625
5 0.34375 0.44873046875 0.6123046875 0.0087890625
5 0.4453125 0.38623046875 0.81494140625 0.01123046875
5 0.3525390625 0.3408203125 0.6328125 0.0107421875
5 0.2958984375 0.29541015625 0.50927734375 0.0087890625
5 0.09521484375 0.4033203125 0.04638671875 0.00927734375
5 0.091796875 0.42236328125 0.03271484375 0.00927734375
2 0.501953125 0.466796875 0.9208984375 0.01806640625
6 0.05224609375 0.4033203125 0.029296875 0.01123046875
6 0.05224609375 0.42138671875 0.02587890625 0.0107421875
6 0.05322265625 0.51123046875 0.02734375 0.009765625
6 0.05322265625 0.52978515625 0.02734375 0.01123046875
6 0.05224609375 0.8701171875 0.02587890625 0.009765625
6 0.05224609375 0.88916015625 0.02587890625 0.009765625
6 0.05224609375 0.90869140625 0.02587890625 0.0087890625