3 0.0400390625 0.02978515625 0.05078125 0.0478515625
3 0.0400390625 0.099609375 0.0390625 0.052734375
3 0.03955078125 0.16796875 0.0380859375 0.0390625
3 0.03955078125 0.4560546875 0.0556640625 0.064453125
3 0.041015625 0.52783203125 0.041015625 0.0537109375
3 0.0419921875 0.5888671875 0.04296875 0.04296875
3 0.0478515625 0.7109375 0.05859375 0.056640625
3 0.0439453125 0.7783203125 0.037109375 0.048828125
3 0.04248046875 0.84423828125 0.0361328125 0.0498046875
3 0.3671875 0.02734375 0.025390625 0.029296875
3 0.1103515625 0.0869140625 0.033203125 0.03125
3 0.1103515625 0.13720703125 0.025390625 0.0322265625
3 0.107421875 0.1953125 0.025390625 0.0390625
3 0.1103515625 0.51416015625 0.025390625 0.0322265625
3 0.11181640625 0.572265625 0.0302734375 0.033203125
3 0.1103515625 0.62060546875 0.02734375 0.0322265625
3 0.115234375 0.76513671875 0.029296875 0.0380859375
3 0.11376953125 0.81591796875 0.0263671875 0.0283203125
3 0.11474609375 0.87158203125 0.0263671875 0.0361328125
3 0.3681640625 0.70458984375 0.021484375 0.0283203125
3 0.365234375 0.45361328125 0.02734375 0.0341796875
3 0.43310546875 0.7041015625 0.0283203125 0.029296875
3 0.47412109375 0.70751953125 0.0283203125 0.0283203125
3 0.43017578125 0.45263671875 0.0283203125 0.0244140625
3 0.46435546875 0.453125 0.0224609375 0.02734375
3 0.431640625 0.02978515625 0.025390625 0.0322265625
3 0.46630859375 0.03173828125 0.0283203125 0.0263671875