7 0.0869140625 0.0771484375 0.173828125 0.154296875
7 0.09033203125 0.3037109375 0.1748046875 0.15234375
7 0.08984375 0.57080078125 0.1796875 0.1591796875
7 0.09375 0.79296875 0.1875 0.1640625
7 0.3623046875 0.0771484375 0.17578125 0.154296875
7 0.36279296875 0.31396484375 0.1708984375 0.1611328125
7 0.36328125 0.572265625 0.181640625 0.158203125
7 0.36376953125 0.8076171875 0.1806640625 0.162109375
7 0.64111328125 0.0771484375 0.1748046875 0.154296875
7 0.6376953125 0.30810546875 0.173828125 0.1611328125
7 0.63671875 0.576171875 0.181640625 0.169921875
7 0.63671875 0.80419921875 0.1796875 0.1533203125
7 0.912109375 0.08203125 0.17578125 0.1640625
7 0.91015625 0.30615234375 0.169921875 0.1513671875
7 0.91064453125 0.5673828125 0.1787109375 0.15625
7 0.9091796875 0.7998046875 0.181640625 0.150390625