6 0.55224609375 0.271484375 0.0205078125 0.0390625
6 0.552734375 0.3388671875 0.021484375 0.0390625
6 0.5517578125 0.40625 0.017578125 0.0390625
6 0.55126953125 0.74169921875 0.0205078125 0.0380859375
6 0.55029296875 0.6748046875 0.0185546875 0.041015625
6 0.55078125 0.60888671875 0.017578125 0.0361328125
6 0.55224609375 0.54150390625 0.0185546875 0.0380859375
6 0.5517578125 0.4736328125 0.021484375 0.0390625
3 0.47802734375 0.20849609375 0.0185546875 0.0205078125
3 0.47802734375 0.36572265625 0.0205078125 0.0224609375
0 0.40673828125 0.58935546875 0.1708984375 0.0400390625