2 0.14794921875 0.1318359375 0.2958984375 0.04296875
0 0.14892578125 0.1708984375 0.29736328125 0.03759765625
3 0.017578125 0.08447265625 0.0224609375 0.03466796875
3 0.048828125 0.08447265625 0.0224609375 0.03076171875
3 0.08251953125 0.08349609375 0.0244140625 0.03857421875
3 0.1162109375 0.083984375 0.02490234375 0.0419921875
3 0.15087890625 0.083984375 0.02587890625 0.0419921875
3 0.033203125 0.9521484375 0.037109375 0.05517578125
5 0.3447265625 0.12451171875 0.05126953125 0.0263671875
5 0.34912109375 0.2041015625 0.0615234375 0.03076171875
5 0.37451171875 0.3740234375 0.111328125 0.02978515625
5 0.390625 0.646484375 0.14697265625 0.02978515625
0 0.71875 0.95166015625 0.09033203125 0.0478515625
0 0.8271484375 0.951171875 0.0908203125 0.046875
0 0.9345703125 0.95166015625 0.09228515625 0.0498046875
4 0.556640625 0.12109375 0.322265625 0.0478515625
5 0.5 0.02685546875 0.23583984375 0.03173828125
2 0.51513671875 0.201171875 0.2431640625 0.046875
1 0.7861328125 0.12158203125 0.01904296875 0.03076171875
5 0.87841796875 0.12255859375 0.15234375 0.03466796875
3 0.96728515625 0.1240234375 0.0205078125 0.03369140625
2 0.47705078125 0.4423828125 0.3056640625 0.0458984375
2 0.41259765625 0.5166015625 0.177734375 0.0478515625
2 0.80712890625 0.4423828125 0.3408203125 0.05615234375
2 0.865234375 0.37646484375 0.13916015625 0.03466796875
4 0.7431640625 0.51611328125 0.46728515625 0.046875
4 0.72705078125 0.64453125 0.498046875 0.0478515625