5 0.0478515625 0.025390625 0.06103515625 0.0283203125
5 0.029296875 0.11181640625 0.03662109375 0.017578125
5 0.05029296875 0.15771484375 0.0341796875 0.0224609375
5 0.06396484375 0.2021484375 0.05810546875 0.017578125
5 0.07080078125 0.24609375 0.0751953125 0.0185546875
5 0.06640625 0.2890625 0.06396484375 0.02001953125
5 0.0283203125 0.33203125 0.03515625 0.0185546875
5 0.06201171875 0.37548828125 0.0556640625 0.02099609375
5 0.05908203125 0.41943359375 0.0498046875 0.01220703125
5 0.02783203125 0.4638671875 0.03564453125 0.0146484375
5 0.0439453125 0.50634765625 0.01904296875 0.02001953125
5 0.02587890625 0.5498046875 0.03173828125 0.017578125
5 0.0458984375 0.59228515625 0.02490234375 0.013671875
5 0.05908203125 0.63720703125 0.0498046875 0.01611328125
5 0.02685546875 0.6806640625 0.03564453125 0.01611328125
5 0.0556640625 0.72412109375 0.044921875 0.0185546875
5 0.05810546875 0.76904296875 0.0498046875 0.02001953125
5 0.02783203125 0.8134765625 0.03759765625 0.013671875
5 0.05810546875 0.85400390625 0.046875 0.02099609375
5 0.06494140625 0.89990234375 0.0615234375 0.0185546875
5 0.07080078125 0.97900390625 0.0751953125 0.017578125
5 0.18603515625 0.0693359375 0.03076171875 0.0146484375
5 0.26904296875 0.0703125 0.08154296875 0.013671875
5 0.3505859375 0.0693359375 0.03076171875 0.01220703125
5 0.40771484375 0.0693359375 0.0341796875 0.0146484375
5 0.4658203125 0.0693359375 0.0283203125 0.017578125
5 0.27880859375 0.15771484375 0.130859375 0.02978515625
2 0.25537109375 0.24072265625 0.20068359375 0.0419921875
0 0.255859375 0.2841796875 0.2001953125 0.04443359375
5 0.21630859375 0.32861328125 0.0625 0.0146484375
5 0.21337890625 0.373046875 0.0615234375 0.0185546875
5 0.20947265625 0.416015625 0.052734375 0.01611328125
5 0.21728515625 0.45947265625 0.07080078125 0.01611328125
5 0.2177734375 0.50439453125 0.0673828125 0.01611328125
5 0.21826171875 0.5478515625 0.068359375 0.0185546875
5 0.208984375 0.591796875 0.0498046875 0.02001953125
5 0.216796875 0.6357421875 0.0634765625 0.0185546875
5 0.20654296875 0.67822265625 0.04345703125 0.013671875
5 0.2109375 0.72265625 0.05322265625 0.0185546875
5 0.244140625 0.76611328125 0.1181640625 0.0185546875
5 0.19580078125 0.80908203125 0.04150390625 0.017578125
2 0.18017578125 0.85302734375 0.04931640625 0.0283203125
5 0.20361328125 0.89697265625 0.0390625 0.017578125
5 0.19921875 0.93994140625 0.02978515625 0.02099609375
5 0.4208984375 0.25390625 0.08349609375 0.0185546875
5 0.41064453125 0.33447265625 0.02001953125 0.01611328125
5 0.47509765625 0.3330078125 0.0634765625 0.01611328125
5 0.55615234375 0.33447265625 0.05078125 0.01611328125
5 0.6220703125 0.3330078125 0.03076171875 0.01611328125
5 0.6728515625 0.333984375 0.03271484375 0.0146484375
5 0.408203125 0.3876953125 0.0615234375 0.01611328125
5 0.5283203125 0.38525390625 0.04150390625 0.01611328125
5 0.68310546875 0.38818359375 0.07177734375 0.02001953125
5 0.8115234375 0.3876953125 0.0634765625 0.01611328125
5 0.94482421875 0.33447265625 0.04150390625 0.02099609375
5 0.42822265625 0.60693359375 0.06005859375 0.017578125
3 0.0166015625 0.068359375 0.01513671875 0.0146484375
3 0.015625 0.15771484375 0.01318359375 0.02001953125
3 0.0166015625 0.19970703125 0.01318359375 0.02001953125
3 0.015625 0.24365234375 0.01171875 0.0234375
3 0.015625 0.28857421875 0.01171875 0.0185546875
3 0.01611328125 0.37451171875 0.015625 0.02490234375
3 0.01708984375 0.4169921875 0.017578125 0.0224609375
3 0.015625 0.50634765625 0.01318359375 0.02001953125
3 0.015625 0.59228515625 0.009765625 0.0185546875
3 0.01513671875 0.63671875 0.0166015625 0.017578125
3 0.01611328125 0.72412109375 0.01416015625 0.0234375
3 0.015625 0.76806640625 0.01318359375 0.02490234375
3 0.015625 0.853515625 0.0126953125 0.02001953125
3 0.01611328125 0.8974609375 0.0126953125 0.0185546875
3 0.01611328125 0.97705078125 0.0126953125 0.02099609375
3 0.16064453125 0.0693359375 0.01318359375 0.0224609375
3 0.21826171875 0.068359375 0.01318359375 0.02001953125
3 0.32373046875 0.0673828125 0.0107421875 0.02099609375
3 0.38134765625 0.06884765625 0.015625 0.01611328125
3 0.4404296875 0.068359375 0.0126953125 0.02001953125
4 0.4951171875 0.0234375 0.2666015625 0.0322265625
3 0.919921875 0.0234375 0.01513671875 0.0224609375
3 0.95263671875 0.0234375 0.009765625 0.02001953125
3 0.984375 0.0234375 0.0224609375 0.0322265625
3 0.34375 0.80908203125 0.0107421875 0.017578125
3 0.34228515625 0.896484375 0.01171875 0.01611328125
3 0.34228515625 0.9404296875 0.0126953125 0.017578125
3 0.39013671875 0.60546875 0.01171875 0.017578125
3 0.390625 0.33447265625 0.01416015625 0.02099609375
3 0.435546875 0.333984375 0.01416015625 0.017578125
3 0.5205078125 0.333984375 0.01416015625 0.02001953125
3 0.59765625 0.33447265625 0.01513671875 0.013671875
3 0.64892578125 0.33447265625 0.01318359375 0.02099609375
3 0.70654296875 0.33447265625 0.0166015625 0.013671875
3 0.6240234375 0.27978515625 0.009765625 0.013671875
3 0.9130859375 0.3330078125 0.015625 0.02587890625
3 0.73193359375 0.38525390625 0.0107421875 0.0185546875
3 0.853515625 0.3857421875 0.01171875 0.017578125
3 0.9287109375 0.4228515625 0.0107421875 0.02001953125
3 0.927734375 0.48583984375 0.00927734375 0.02099609375
3 0.92822265625 0.54345703125 0.01171875 0.02001953125
2 0.96044921875 0.42431640625 0.01416015625 0.0146484375
2 0.95947265625 0.484375 0.0126953125 0.01123046875
2 0.9609375 0.54296875 0.01318359375 0.0185546875
2 0.7109375 0.4287109375 0.125 0.03369140625
2 0.84521484375 0.4287109375 0.125 0.03125
2 0.7109375 0.48779296875 0.125 0.0322265625
2 0.84423828125 0.48779296875 0.125 0.03466796875
2 0.71044921875 0.54638671875 0.1240234375 0.03369140625
4 0.44140625 0.42822265625 0.1240234375 0.0322265625
4 0.57568359375 0.42822265625 0.12353515625 0.0322265625
4 0.44140625 0.48681640625 0.12255859375 0.03369140625
4 0.57568359375 0.48779296875 0.12353515625 0.0322265625
4 0.44091796875 0.54736328125 0.12353515625 0.0322265625
4 0.5751953125 0.54736328125 0.12255859375 0.0322265625
0 0.48779296875 0.25146484375 0.02734375 0.02587890625