6 0.06884765625 0.4404296875 0.0302734375 0.052734375
6 0.22607421875 0.43896484375 0.0263671875 0.0439453125
6 0.39013671875 0.44140625 0.0283203125 0.048828125
6 0.57958984375 0.4404296875 0.0322265625 0.048828125
6 0.0703125 0.78759765625 0.03515625 0.0517578125
6 0.23291015625 0.7890625 0.0322265625 0.0546875
6 0.39697265625 0.7880859375 0.0322265625 0.05078125
6 0.5947265625 0.787109375 0.03125 0.05078125
5 0.12353515625 0.44580078125 0.0576171875 0.0498046875
5 0.283203125 0.44677734375 0.060546875 0.0517578125
5 0.458984375 0.44775390625 0.087890625 0.0498046875
5 0.6455078125 0.44775390625 0.083984375 0.0498046875
5 0.126953125 0.79736328125 0.0625 0.0498046875
5 0.2900390625 0.79638671875 0.0625 0.0498046875
5 0.46923828125 0.79931640625 0.0966796875 0.0595703125
5 0.6337890625 0.796875 0.021484375 0.048828125