0 0.91357421875 0.0380859375 0.10595703125 0.04150390625
0 0.9423828125 0.130859375 0.048828125 0.0419921875
2 0.91552734375 0.96044921875 0.1005859375 0.046875
0 0.81103515625 0.9609375 0.08642578125 0.04833984375
5 0.41064453125 0.16064453125 0.07470703125 0.0263671875
5 0.4365234375 0.25634765625 0.1875 0.037109375
5 0.49609375 0.33056640625 0.30712890625 0.0830078125
5 0.4794921875 0.42578125 0.28466796875 0.021484375
5 0.4794921875 0.46728515625 0.28076171875 0.04833984375
4 0.5 0.53076171875 0.31494140625 0.05126953125
4 0.5 0.599609375 0.3134765625 0.048828125
4 0.49951171875 0.67041015625 0.3154296875 0.05224609375
4 0.4990234375 0.73876953125 0.314453125 0.0517578125
4 0.5 0.810546875 0.3134765625 0.05322265625
6 0.638671875 0.810546875 0.015625 0.02001953125
5 0.49169921875 0.89208984375 0.31591796875 0.02734375
5 0.791015625 0.66259765625 0.02880859375 0.0205078125
5 0.802734375 0.744140625 0.0556640625 0.0224609375
5 0.79345703125 0.84716796875 0.04150390625 0.01513671875