7 0.359375 0.06884765625 0.1796875 0.0830078125
7 0.3603515625 0.1640625 0.177734375 0.068359375
7 0.62255859375 0.0703125 0.1904296875 0.083984375
7 0.619140625 0.16748046875 0.189453125 0.0810546875
7 0.1318359375 0.0732421875 0.158203125 0.0625
7 0.1318359375 0.171875 0.169921875 0.076171875
1 0.48095703125 0.30224609375 0.0654296875 0.0537109375
1 0.48046875 0.40625 0.0625 0.05859375
6 0.0703125 0.30224609375 0.0625 0.0576171875
6 0.06787109375 0.40869140625 0.0595703125 0.0576171875
5 0.63232421875 0.30517578125 0.2158203125 0.0380859375
5 0.62744140625 0.4072265625 0.2060546875 0.0390625
5 0.2421875 0.3046875 0.251953125 0.03125
5 0.236328125 0.40869140625 0.248046875 0.0361328125
3 0.89990234375 0.046875 0.0595703125 0.041015625
3 0.958984375 0.0419921875 0.037109375 0.037109375
3 0.958984375 0.10205078125 0.0390625 0.0439453125
3 0.89697265625 0.1044921875 0.0498046875 0.0390625
3 0.763671875 0.166015625 0.037109375 0.046875
3 0.8271484375 0.1630859375 0.048828125 0.044921875
3 0.89404296875 0.1689453125 0.0478515625 0.044921875
3 0.95751953125 0.1650390625 0.0478515625 0.048828125
3 0.8935546875 0.2314453125 0.04296875 0.03515625
3 0.95703125 0.22998046875 0.056640625 0.0380859375
3 0.828125 0.22607421875 0.037109375 0.0458984375
3 0.76513671875 0.22900390625 0.0537109375 0.0517578125
3 0.39599609375 0.6259765625 0.0419921875 0.041015625
3 0.4921875 0.6259765625 0.04296875 0.04296875
3 0.591796875 0.6240234375 0.046875 0.03515625
0 0.80419921875 0.62646484375 0.2412109375 0.0634765625
3 0.37939453125 0.5166015625 0.0498046875 0.041015625
3 0.44482421875 0.515625 0.0517578125 0.04296875
3 0.51611328125 0.51708984375 0.0439453125 0.0478515625
3 0.5859375 0.517578125 0.052734375 0.04296875