2 0.1357421875 0.0888671875 0.208984375 0.0703125
4 0.484375 0.23583984375 0.916015625 0.0654296875
4 0.33984375 0.3330078125 0.447265625 0.072265625
4 0.34130859375 0.41650390625 0.4443359375 0.0693359375
4 0.34033203125 0.505859375 0.4423828125 0.0703125
4 0.34130859375 0.58837890625 0.4482421875 0.0673828125
4 0.3408203125 0.67236328125 0.4453125 0.0693359375
4 0.341796875 0.75732421875 0.44921875 0.0771484375
0 0.17822265625 0.84228515625 0.1123046875 0.0654296875
0 0.33154296875 0.8427734375 0.1923828125 0.06640625
0 0.92626953125 0.90771484375 0.0888671875 0.0673828125
3 0.93701171875 0.08349609375 0.0283203125 0.0498046875
3 0.85791015625 0.0849609375 0.0361328125 0.052734375
3 0.892578125 0.08544921875 0.025390625 0.0517578125