5 0.13037109375 0.1357421875 0.0419921875 0.01806640625
5 0.13720703125 0.3408203125 0.05517578125 0.01904296875
5 0.46435546875 0.111328125 0.115234375 0.03271484375
5 0.4306640625 0.19970703125 0.04150390625 0.01806640625
5 0.462890625 0.2763671875 0.11328125 0.01904296875
5 0.45751953125 0.3046875 0.064453125 0.01904296875
5 0.46435546875 0.3359375 0.07666015625 0.02001953125
5 0.4609375 0.369140625 0.06982421875 0.01904296875
5 0.43017578125 0.42138671875 0.04345703125 0.02001953125
2 0.14404296875 0.08935546875 0.08642578125 0.0283203125
2 0.22998046875 0.08984375 0.0771484375 0.01904296875
2 0.328125 0.08837890625 0.0791015625 0.02099609375
0 0.17333984375 0.171875 0.1240234375 0.03173828125
0 0.3115234375 0.17236328125 0.12548828125 0.03076171875
0 0.1728515625 0.212890625 0.1240234375 0.03173828125
0 0.31103515625 0.2119140625 0.12451171875 0.03173828125
0 0.1728515625 0.25244140625 0.1240234375 0.03271484375
0 0.3115234375 0.25244140625 0.12353515625 0.03271484375
0 0.1728515625 0.29345703125 0.12646484375 0.03369140625
0 0.3115234375 0.29443359375 0.1279296875 0.03564453125
0 0.17236328125 0.37744140625 0.1259765625 0.03369140625
0 0.310546875 0.37646484375 0.12548828125 0.03369140625
0 0.1728515625 0.41845703125 0.12548828125 0.03466796875
0 0.31103515625 0.4169921875 0.12744140625 0.03271484375
0 0.171875 0.45654296875 0.12451171875 0.03173828125
0 0.31103515625 0.45849609375 0.12451171875 0.03271484375
0 0.1728515625 0.4990234375 0.12548828125 0.03564453125
0 0.31103515625 0.49951171875 0.1259765625 0.03466796875
0 0.1728515625 0.53955078125 0.12451171875 0.03271484375
0 0.3115234375 0.53857421875 0.1259765625 0.03271484375
0 0.1728515625 0.57958984375 0.12548828125 0.03466796875
0 0.2451171875 0.673828125 0.16015625 0.0400390625
0 0.443359375 0.84326171875 0.08251953125 0.0390625
0 0.5419921875 0.84375 0.09326171875 0.03564453125
0 0.76806640625 0.84375 0.0693359375 0.03564453125
0 0.85205078125 0.84375 0.07470703125 0.03564453125
5 0.453125 0.60888671875 0.08544921875 0.0234375
5 0.45458984375 0.6591796875 0.083984375 0.0234375
5 0.45849609375 0.70751953125 0.0908203125 0.0263671875
5 0.64404296875 0.552734375 0.04248046875 0.0419921875
5 0.7119140625 0.55126953125 0.04931640625 0.0283203125
5 0.779296875 0.5537109375 0.033203125 0.02099609375
5 0.84619140625 0.55419921875 0.0458984375 0.04345703125
4 0.5283203125 0.228515625 0.23779296875 0.0263671875
4 0.5283203125 0.45166015625 0.23681640625 0.02734375
1 0.4140625 0.30517578125 0.0107421875 0.015625
1 0.4140625 0.33740234375 0.00927734375 0.0146484375
1 0.4140625 0.36865234375 0.00927734375 0.013671875
6 0.6435546875 0.599609375 0.01220703125 0.01806640625
6 0.71142578125 0.599609375 0.0126953125 0.01806640625
6 0.77978515625 0.599609375 0.0126953125 0.01806640625
6 0.84814453125 0.60009765625 0.01220703125 0.01904296875
6 0.6435546875 0.6494140625 0.01318359375 0.02001953125
6 0.71142578125 0.64892578125 0.01123046875 0.01904296875
6 0.77978515625 0.6494140625 0.0126953125 0.02001953125
6 0.8486328125 0.6494140625 0.01220703125 0.01806640625
6 0.6435546875 0.69873046875 0.01123046875 0.01806640625
6 0.7119140625 0.69873046875 0.01220703125 0.01806640625
6 0.77978515625 0.69873046875 0.01318359375 0.02001953125
6 0.84814453125 0.69775390625 0.01318359375 0.01806640625