7 0.12451171875 0.482421875 0.1259765625 0.07421875
7 0.27197265625 0.48583984375 0.1240234375 0.0771484375
7 0.12451171875 0.576171875 0.1201171875 0.078125
7 0.2705078125 0.57421875 0.125 0.07421875
2 0.7294921875 0.58642578125 0.408203125 0.0517578125
0 0.17431640625 0.10693359375 0.2158203125 0.0537109375
0 0.173828125 0.171875 0.212890625 0.0546875
0 0.173828125 0.23828125 0.220703125 0.052734375
0 0.1748046875 0.30615234375 0.216796875 0.0576171875
3 0.10791015625 0.3955078125 0.0361328125 0.0390625
3 0.19287109375 0.39501953125 0.0341796875 0.0322265625
3 0.27197265625 0.39501953125 0.0322265625 0.0322265625
3 0.35693359375 0.39404296875 0.0322265625 0.0322265625
3 0.44140625 0.39599609375 0.03125 0.0341796875