2 0.12744140625 0.3310546875 0.2021484375 0.076171875
2 0.43896484375 0.32763671875 0.3154296875 0.0849609375
2 0.8115234375 0.33447265625 0.3125 0.1123046875
0 0.126953125 0.505859375 0.20703125 0.08203125
0 0.43896484375 0.4140625 0.3212890625 0.087890625
5 0.06103515625 0.21484375 0.0791015625 0.044921875
5 0.30908203125 0.2119140625 0.0654296875 0.046875
5 0.67333984375 0.2060546875 0.0458984375 0.048828125
5 0.08935546875 0.4228515625 0.1025390625 0.044921875
5 0.08349609375 0.59228515625 0.0908203125 0.0517578125
5 0.08349609375 0.67724609375 0.0908203125 0.0458984375
5 0.083984375 0.76220703125 0.091796875 0.0537109375
5 0.3388671875 0.498046875 0.091796875 0.05078125
5 0.337890625 0.58544921875 0.087890625 0.0517578125
5 0.33837890625 0.67041015625 0.0908203125 0.0458984375
5 0.33837890625 0.75537109375 0.0927734375 0.0537109375
5 0.71337890625 0.45458984375 0.0966796875 0.0478515625
5 0.712890625 0.5625 0.091796875 0.044921875
5 0.71484375 0.671875 0.1015625 0.048828125
5 0.7138671875 0.7822265625 0.09765625 0.0390625
5 0.71630859375 0.8974609375 0.1025390625 0.04296875
5 0.27783203125 0.07861328125 0.5087890625 0.0595703125