3 0.77880859375 0.02783203125 0.02197265625 0.033203125
3 0.806640625 0.02685546875 0.01806640625 0.02880859375
3 0.8369140625 0.02783203125 0.01904296875 0.02880859375
3 0.865234375 0.02880859375 0.015625 0.02490234375
3 0.953125 0.0302734375 0.0166015625 0.0263671875
3 0.9794921875 0.02783203125 0.02880859375 0.03759765625
0 0.44873046875 0.08251953125 0.0537109375 0.02978515625
5 0.505859375 0.08349609375 0.0458984375 0.01806640625
5 0.5576171875 0.083984375 0.03662109375 0.01953125
0 0.90869140625 0.029296875 0.04931640625 0.03564453125
3 0.14599609375 0.03369140625 0.0205078125 0.02392578125
3 0.16845703125 0.033203125 0.01904296875 0.02734375
5 0.35986328125 0.35498046875 0.16552734375 0.03759765625
5 0.30322265625 0.75048828125 0.0380859375 0.021484375
5 0.31982421875 0.89013671875 0.0634765625 0.02294921875
3 0.7490234375 0.50341796875 0.01904296875 0.02880859375
3 0.74853515625 0.54150390625 0.0185546875 0.0322265625
3 0.74853515625 0.57958984375 0.02001953125 0.02734375
3 0.7490234375 0.61474609375 0.0205078125 0.0322265625
3 0.748046875 0.6552734375 0.0234375 0.0263671875
3 0.7470703125 0.69140625 0.02294921875 0.02734375
7 0.67236328125 0.6748046875 0.02587890625 0.02392578125
3 0.56103515625 0.67041015625 0.02197265625 0.033203125
3 0.58935546875 0.671875 0.021484375 0.0341796875
3 0.69921875 0.673828125 0.0185546875 0.03076171875
2 0.64599609375 0.52587890625 0.130859375 0.04345703125
3 0.5625 0.52490234375 0.01806640625 0.02880859375
5 0.63623046875 0.67431640625 0.04150390625 0.0205078125
4 0.41552734375 0.5302734375 0.2548828125 0.0546875