6 0.83837890625 0.8486328125 0.0341796875 0.0390625
6 0.83935546875 0.9794921875 0.0361328125 0.041015625
2 0.716796875 0.13623046875 0.349609375 0.0908203125
2 0.28662109375 0.533203125 0.3095703125 0.064453125
1 0.43115234375 0.1484375 0.0244140625 0.033203125
4 0.28564453125 0.22998046875 0.3115234375 0.0634765625
4 0.2861328125 0.38134765625 0.30859375 0.0673828125
5 0.6689453125 0.8505859375 0.189453125 0.033203125
5 0.62353515625 0.916015625 0.1064453125 0.03515625
5 0.64306640625 0.98291015625 0.1396484375 0.0302734375
0 0.28564453125 0.638671875 0.3095703125 0.06640625
6 0.8408203125 0.91357421875 0.033203125 0.0419921875
3 0.41650390625 0.22509765625 0.0361328125 0.0341796875
3 0.1591796875 0.23046875 0.033203125 0.0390625
3 0.15869140625 0.3828125 0.0302734375 0.037109375