1 0.15283203125 0.5517578125 0.0107421875 0.02099609375
1 0.15283203125 0.6103515625 0.0107421875 0.01904296875
1 0.15283203125 0.68994140625 0.01171875 0.0224609375
1 0.1533203125 0.77001953125 0.0126953125 0.02001953125
1 0.15234375 0.85546875 0.0126953125 0.01904296875
5 0.19482421875 0.55517578125 0.03759765625 0.0400390625
5 0.197265625 0.61962890625 0.044921875 0.0458984375
5 0.2041015625 0.6943359375 0.046875 0.0400390625
5 0.19482421875 0.77197265625 0.03173828125 0.03759765625
5 0.1923828125 0.8525390625 0.02685546875 0.03662109375
5 0.47314453125 0.17919921875 0.0576171875 0.03173828125
5 0.478515625 0.291015625 0.07421875 0.03662109375
5 0.47705078125 0.3974609375 0.0712890625 0.0283203125
5 0.5751953125 0.61572265625 0.1962890625 0.0576171875
5 0.5771484375 0.48828125 0.25927734375 0.03515625
5 0.5830078125 0.69775390625 0.22021484375 0.0634765625
5 0.56298828125 0.83544921875 0.18115234375 0.07275390625
7 0.45947265625 0.60107421875 0.0244140625 0.02587890625
7 0.458984375 0.67724609375 0.02392578125 0.0224609375
7 0.4580078125 0.8193359375 0.02392578125 0.02490234375
4 0.634765625 0.22412109375 0.37548828125 0.0458984375
4 0.6357421875 0.3330078125 0.37548828125 0.046875
4 0.6357421875 0.4404296875 0.37353515625 0.0458984375