0 0.17431640625 0.3720703125 0.16015625 0.0458984375
0 0.57421875 0.173828125 0.08154296875 0.03662109375
0 0.68017578125 0.23828125 0.10009765625 0.0380859375
0 0.77392578125 0.2373046875 0.08740234375 0.03662109375
3 0.203125 0.2744140625 0.015625 0.02880859375
3 0.228515625 0.27294921875 0.0185546875 0.03173828125
3 0.2490234375 0.27880859375 0.01318359375 0.033203125
5 0.17333984375 0.32080078125 0.158203125 0.03173828125
5 0.1689453125 0.4326171875 0.1474609375 0.0302734375
5 0.1689453125 0.5849609375 0.1474609375 0.0302734375
5 0.541015625 0.14501953125 0.02099609375 0.017578125