6 0.08984375 0.228515625 0.0625 0.037109375
6 0.38720703125 0.2275390625 0.0654296875 0.0390625
6 0.58447265625 0.2294921875 0.0693359375 0.0390625
6 0.7744140625 0.228515625 0.06640625 0.0390625
1 0.0888671875 0.34130859375 0.056640625 0.0322265625
1 0.08984375 0.39013671875 0.056640625 0.0341796875
1 0.09033203125 0.44287109375 0.0537109375 0.0283203125
1 0.08935546875 0.494140625 0.0537109375 0.029296875
5 0.2373046875 0.22802734375 0.212890625 0.0283203125
5 0.486328125 0.22998046875 0.109375 0.0283203125
5 0.67626953125 0.22802734375 0.1025390625 0.0302734375
5 0.86767578125 0.2275390625 0.1103515625 0.029296875
5 0.3828125 0.3427734375 0.42578125 0.029296875
5 0.46484375 0.3896484375 0.609375 0.025390625
5 0.458984375 0.4404296875 0.595703125 0.029296875
5 0.49658203125 0.494140625 0.6748046875 0.044921875
0 0.50439453125 0.56298828125 0.2255859375 0.0322265625