1 0.1142578125 0.3486328125 0.03515625 0.099609375
1 0.11474609375 0.52197265625 0.0380859375 0.1025390625
1 0.11572265625 0.68798828125 0.0400390625 0.0927734375
1 0.29833984375 0.5224609375 0.0380859375 0.095703125
1 0.373046875 0.34765625 0.0390625 0.09375
1 0.46728515625 0.6884765625 0.0400390625 0.091796875
5 0.24462890625 0.365234375 0.1748046875 0.103515625
5 0.49462890625 0.36279296875 0.1630859375 0.1083984375
5 0.20458984375 0.53125 0.1005859375 0.099609375
5 0.4892578125 0.5322265625 0.3046875 0.109375
5 0.57373046875 0.70361328125 0.1318359375 0.1103515625
5 0.29052734375 0.7001953125 0.2705078125 0.111328125