0 0.40283203125 0.515625 0.1943359375 0.05126953125
0 0.1953125 0.515625 0.197265625 0.0517578125
0 0.60888671875 0.51611328125 0.1962890625 0.05126953125
0 0.9111328125 0.9287109375 0.12060546875 0.05322265625
0 0.80859375 0.931640625 0.07763671875 0.0546875
0 0.818359375 0.515625 0.19482421875 0.05078125
0 0.90283203125 0.083984375 0.1572265625 0.056640625
3 0.60205078125 0.4453125 0.044921875 0.05908203125
3 0.8095703125 0.44580078125 0.052734375 0.06005859375
5 0.8525390625 0.0224609375 0.03759765625 0.0322265625
3 0.40185546875 0.44482421875 0.0615234375 0.06396484375
3 0.19091796875 0.443359375 0.0634765625 0.07421875
0 0.94384765625 0.0234375 0.0986328125 0.02587890625
3 0.88720703125 0.021484375 0.0126953125 0.03271484375
0 0.82470703125 0.02197265625 0.0146484375 0.0234375
2 0.77099609375 0.08251953125 0.0556640625 0.02978515625
5 0.68505859375 0.08447265625 0.0712890625 0.03662109375
5 0.55908203125 0.08203125 0.1435546875 0.03125
3 0.0927734375 0.08154296875 0.16796875 0.08447265625