6 0.2470703125 0.31396484375 0.0703125 0.0654296875
6 0.248046875 0.39111328125 0.078125 0.0654296875
6 0.33251953125 0.46484375 0.0732421875 0.05859375
6 0.419921875 0.537109375 0.064453125 0.052734375
6 0.4189453125 0.611328125 0.06640625 0.056640625
6 0.41845703125 0.68408203125 0.0654296875 0.0576171875
6 0.33349609375 0.75732421875 0.0634765625 0.0537109375
6 0.33349609375 0.830078125 0.0615234375 0.052734375
6 0.2490234375 0.90625 0.0703125 0.056640625
5 0.42236328125 0.32275390625 0.2294921875 0.0615234375
5 0.47216796875 0.39794921875 0.3232421875 0.0556640625
5 0.46142578125 0.46875 0.1416015625 0.05078125
5 0.54248046875 0.541015625 0.1240234375 0.05078125
5 0.5458984375 0.6123046875 0.12890625 0.052734375
5 0.54296875 0.6865234375 0.126953125 0.056640625
5 0.46875 0.76416015625 0.138671875 0.0478515625
5 0.52294921875 0.83447265625 0.2529296875 0.0458984375
5 0.400390625 0.908203125 0.177734375 0.048828125