6 0.06640625 0.15234375 0.048828125 0.0625
6 0.06640625 0.23583984375 0.0546875 0.0712890625
6 0.43408203125 0.1513671875 0.0517578125 0.0703125
6 0.43408203125 0.236328125 0.0556640625 0.0703125
6 0.802734375 0.154296875 0.05078125 0.06640625
6 0.80224609375 0.234375 0.0498046875 0.072265625
6 0.7998046875 0.41845703125 0.048828125 0.0673828125
6 0.80078125 0.5 0.048828125 0.0703125
6 0.43408203125 0.50146484375 0.0517578125 0.0634765625
6 0.43359375 0.41943359375 0.048828125 0.0654296875
6 0.06396484375 0.41796875 0.0478515625 0.06640625
6 0.0654296875 0.501953125 0.05078125 0.0703125
6 0.064453125 0.68212890625 0.0546875 0.0654296875
6 0.06591796875 0.765625 0.0537109375 0.0703125
6 0.43408203125 0.68359375 0.0537109375 0.06640625
6 0.43212890625 0.76611328125 0.0498046875 0.0673828125
6 0.43359375 0.94970703125 0.052734375 0.0673828125
6 0.06591796875 0.94873046875 0.0517578125 0.0654296875
6 0.80126953125 0.68505859375 0.0498046875 0.0673828125
6 0.80029296875 0.7666015625 0.0498046875 0.064453125
6 0.8017578125 0.9501953125 0.05078125 0.06640625
1 0.0654296875 0.06884765625 0.048828125 0.0615234375
1 0.43310546875 0.06982421875 0.0478515625 0.0634765625
1 0.802734375 0.068359375 0.046875 0.0625
1 0.8017578125 0.33447265625 0.046875 0.0615234375
1 0.43310546875 0.33642578125 0.0498046875 0.0654296875
1 0.06591796875 0.33642578125 0.0458984375 0.0576171875
1 0.06689453125 0.60009765625 0.0458984375 0.0634765625
1 0.43359375 0.6015625 0.048828125 0.0625
1 0.80224609375 0.6005859375 0.0458984375 0.0625
1 0.80126953125 0.865234375 0.0478515625 0.0625
1 0.4345703125 0.8662109375 0.046875 0.064453125
1 0.0654296875 0.865234375 0.048828125 0.0625