4 0.2763671875 0.2734375 0.39599609375 0.095703125
4 0.275390625 0.4375 0.39599609375 0.09814453125
4 0.275390625 0.6044921875 0.39599609375 0.095703125
4 0.74072265625 0.2734375 0.39453125 0.095703125
4 0.74072265625 0.43896484375 0.39453125 0.095703125
4 0.74072265625 0.60302734375 0.39453125 0.09375
2 0.6591796875 0.77099609375 0.234375 0.09814453125
4 0.87646484375 0.77001953125 0.12255859375 0.095703125
5 0.35107421875 0.93408203125 0.056640625 0.03125
5 0.69775390625 0.93408203125 0.2236328125 0.03125
5 0.12353515625 0.2001953125 0.09814453125 0.04052734375
5 0.58203125 0.19921875 0.0908203125 0.03857421875
5 0.62744140625 0.369140625 0.18212890625 0.04296875
5 0.1220703125 0.36572265625 0.1005859375 0.0361328125
5 0.1875 0.52978515625 0.23193359375 0.04296875
5 0.55908203125 0.53369140625 0.04541015625 0.04052734375
5 0.568359375 0.69287109375 0.06640625 0.0478515625
5 0.85107421875 0.69677734375 0.08837890625 0.04052734375
0 0.19189453125 0.9365234375 0.23193359375 0.10302734375
1 0.560546875 0.93408203125 0.03173828125 0.05517578125