1 0.41162109375 0.4794921875 0.0361328125 0.076171875
1 0.41064453125 0.65478515625 0.0400390625 0.0751953125
1 0.41162109375 0.83251953125 0.0400390625 0.0751953125
2 0.27294921875 0.08984375 0.5126953125 0.12890625
0 0.736328125 0.0849609375 0.287109375 0.115234375
5 0.52490234375 0.4765625 0.1708984375 0.072265625
5 0.556640625 0.64892578125 0.236328125 0.0537109375
5 0.50634765625 0.8271484375 0.1357421875 0.05859375
3 0.8984375 0.46728515625 0.064453125 0.1123046875
3 0.03125 0.40185546875 0.03515625 0.0732421875
3 0.03125 0.55615234375 0.044921875 0.0751953125
3 0.02783203125 0.70751953125 0.0419921875 0.0849609375
3 0.0322265625 0.8583984375 0.044921875 0.078125
3 0.03271484375 0.25 0.0400390625 0.056640625