6 0.65087890625 0.21630859375 0.0439453125 0.1044921875
6 0.6513671875 0.3955078125 0.044921875 0.087890625
6 0.65087890625 0.57275390625 0.0439453125 0.0947265625
1 0.1435546875 0.2197265625 0.04296875 0.095703125
1 0.14404296875 0.39453125 0.0380859375 0.08984375
1 0.14208984375 0.57373046875 0.0419921875 0.0927734375
1 0.3916015625 0.87451171875 0.041015625 0.0791015625
5 0.255859375 0.22021484375 0.16796875 0.0888671875
5 0.25634765625 0.39892578125 0.1689453125 0.0869140625
5 0.2548828125 0.57763671875 0.1640625 0.0888671875
5 0.759765625 0.21875 0.154296875 0.087890625
5 0.7666015625 0.400390625 0.173828125 0.091796875
5 0.76025390625 0.578125 0.1669921875 0.09375
5 0.525390625 0.875 0.212890625 0.064453125