3 0.16357421875 0.150390625 0.03759765625 0.05029296875
5 0.22802734375 0.1484375 0.09423828125 0.03466796875
5 0.42626953125 0.150390625 0.04052734375 0.03076171875
5 0.4912109375 0.1513671875 0.05517578125 0.02490234375
5 0.57470703125 0.150390625 0.07666015625 0.03076171875
0 0.6845703125 0.1513671875 0.10302734375 0.03271484375
0 0.7998046875 0.1484375 0.095703125 0.03076171875
5 0.49560546875 0.4111328125 0.24072265625 0.06201171875
5 0.4189453125 0.53466796875 0.078125 0.01953125
5 0.66064453125 0.53466796875 0.0751953125 0.02685546875
5 0.4013671875 0.654296875 0.04931640625 0.01953125
5 0.453125 0.77392578125 0.1376953125 0.03466796875
5 0.6796875 0.77685546875 0.13037109375 0.03271484375
5 0.53759765625 0.896484375 0.31591796875 0.04443359375
4 0.50048828125 0.58203125 0.224609375 0.05224609375
4 0.74072265625 0.5849609375 0.22314453125 0.05419921875
4 0.6201171875 0.70556640625 0.466796875 0.05615234375
4 0.5 0.82421875 0.22607421875 0.05810546875
4 0.7412109375 0.8232421875 0.224609375 0.05224609375