2 0.25244140625 0.35107421875 0.4404296875 0.0712890625
2 0.73583984375 0.5322265625 0.4365234375 0.072265625
2 0.25341796875 0.5498046875 0.4423828125 0.0703125
2 0.25244140625 0.79150390625 0.4404296875 0.0693359375
5 0.564453125 0.26123046875 0.09765625 0.0458984375
5 0.06787109375 0.259765625 0.0693359375 0.044921875
5 0.4931640625 0.11572265625 0.443359375 0.0966796875
5 0.0908203125 0.47265625 0.1171875 0.04296875
5 0.5595703125 0.4560546875 0.087890625 0.046875
5 0.10498046875 0.7109375 0.1396484375 0.052734375
4 0.73583984375 0.333984375 0.4384765625 0.0703125