0 0.3232421875 0.84033203125 0.22509765625 0.0517578125
0 0.24951171875 0.30322265625 0.07568359375 0.0400390625
3 0.2021484375 0.03759765625 0.01708984375 0.03369140625
2 0.08837890625 0.10498046875 0.16845703125 0.046875
3 0.8515625 0.04150390625 0.01904296875 0.03369140625
3 0.88037109375 0.0419921875 0.02197265625 0.03515625
3 0.9111328125 0.0400390625 0.0205078125 0.03369140625
3 0.93896484375 0.0400390625 0.01904296875 0.0361328125
3 0.0234375 0.4453125 0.0185546875 0.02880859375
3 0.0234375 0.50341796875 0.01806640625 0.03515625
3 0.02392578125 0.5625 0.0166015625 0.03125
3 0.0234375 0.62744140625 0.0166015625 0.03369140625
3 0.0244140625 0.68701171875 0.015625 0.02880859375
3 0.0224609375 0.748046875 0.01513671875 0.03369140625
3 0.02392578125 0.80712890625 0.013671875 0.03515625
3 0.02392578125 0.86865234375 0.01513671875 0.03369140625
3 0.02294921875 0.92578125 0.0185546875 0.0234375
3 0.02197265625 0.98486328125 0.01904296875 0.02978515625
3 0.49560546875 0.2880859375 0.02001953125 0.0361328125
3 0.61572265625 0.29150390625 0.0185546875 0.0400390625
3 0.73876953125 0.291015625 0.02490234375 0.03369140625
3 0.86279296875 0.29296875 0.015625 0.03515625
0 0.0849609375 0.228515625 0.169921875 0.05712890625
3 0.0234375 0.1064453125 0.02001953125 0.03369140625
3 0.96630859375 0.421875 0.01123046875 0.03369140625
3 0.95947265625 0.16015625 0.01513671875 0.0400390625