5 0.2373046875 0.173828125 0.0576171875 0.02099609375
5 0.3173828125 0.17333984375 0.06640625 0.02197265625
5 0.384765625 0.17333984375 0.03369140625 0.02197265625
5 0.443359375 0.1728515625 0.04541015625 0.02294921875
5 0.525390625 0.17333984375 0.08203125 0.02197265625
5 0.61865234375 0.17333984375 0.06640625 0.02001953125
0 0.82421875 0.17236328125 0.0654296875 0.04638671875
5 0.892578125 0.17333984375 0.037109375 0.02197265625
0 0.16015625 0.744140625 0.138671875 0.05224609375
0 0.3017578125 0.744140625 0.1220703125 0.05419921875
3 0.12548828125 0.169921875 0.0732421875 0.0576171875
3 0.8779296875 0.5029296875 0.0107421875 0.0263671875
3 0.85546875 0.10986328125 0.01171875 0.0244140625
3 0.876953125 0.1103515625 0.0126953125 0.02099609375
3 0.9033203125 0.1083984375 0.013671875 0.02099609375
3 0.9248046875 0.109375 0.017578125 0.029296875
3 0.94677734375 0.10986328125 0.00927734375 0.0263671875
3 0.947265625 0.06982421875 0.01416015625 0.01904296875
3 0.28076171875 0.0693359375 0.009765625 0.01806640625
3 0.255859375 0.072265625 0.01123046875 0.01513671875
3 0.0966796875 0.1083984375 0.01416015625 0.02294921875
3 0.0546875 0.10888671875 0.01318359375 0.01806640625
3 0.07421875 0.10888671875 0.01416015625 0.02197265625
3 0.12353515625 0.10888671875 0.01123046875 0.01611328125