2 0.7685546875 0.63427734375 0.443359375 0.1181640625
2 0.77001953125 0.75146484375 0.4482421875 0.1123046875
1 0.0244140625 0.94189453125 0.0234375 0.0361328125
1 0.19970703125 0.94140625 0.0244140625 0.03515625
0 0.439453125 0.27197265625 0.119140625 0.0693359375
0 0.05615234375 0.271484375 0.0849609375 0.07421875
0 0.177734375 0.27294921875 0.099609375 0.0751953125
0 0.302734375 0.27001953125 0.10546875 0.0732421875
2 0.7705078125 0.29443359375 0.4453125 0.1181640625
4 0.25537109375 0.4296875 0.4892578125 0.115234375
0 0.2529296875 0.63134765625 0.4453125 0.1220703125
5 0.09619140625 0.94384765625 0.0966796875 0.0380859375
5 0.27197265625 0.94189453125 0.1005859375 0.0400390625
5 0.4482421875 0.94384765625 0.1015625 0.0322265625
1 0.375 0.94091796875 0.02734375 0.0322265625
0 0.625 0.92529296875 0.1484375 0.0732421875
0 0.91943359375 0.92431640625 0.1474609375 0.0712890625
0 0.77294921875 0.92529296875 0.1474609375 0.0751953125
0 0.9130859375 0.048828125 0.099609375 0.072265625