0 0.9462890625 0.9248046875 0.048828125 0.02587890625
4 0.60205078125 0.2587890625 0.74853515625 0.02587890625
2 0.60205078125 0.291015625 0.74853515625 0.02587890625
4 0.60205078125 0.32421875 0.74853515625 0.02783203125
0 0.31787109375 0.21923828125 0.13330078125 0.02587890625
5 0.19921875 0.259765625 0.03173828125 0.01611328125
5 0.2060546875 0.2900390625 0.04296875 0.02001953125
5 0.19873046875 0.32421875 0.03076171875 0.01611328125
0 0.21044921875 0.36279296875 0.03759765625 0.02978515625
0 0.24462890625 0.365234375 0.033203125 0.02587890625
3 0.0556640625 0.11181640625 0.0166015625 0.0322265625
3 0.11865234375 0.11376953125 0.02099609375 0.0322265625
3 0.15576171875 0.11376953125 0.0224609375 0.0400390625
3 0.2060546875 0.11376953125 0.0263671875 0.0400390625
3 0.26513671875 0.11376953125 0.0224609375 0.0322265625
3 0.3193359375 0.11181640625 0.02783203125 0.0361328125
3 0.3623046875 0.11181640625 0.02783203125 0.0361328125
3 0.41259765625 0.11279296875 0.0224609375 0.0341796875
3 0.4619140625 0.1162109375 0.0263671875 0.0322265625
3 0.4951171875 0.11376953125 0.0263671875 0.0361328125
3 0.54443359375 0.11279296875 0.02490234375 0.0341796875
3 0.580078125 0.11181640625 0.0234375 0.0322265625
3 0.6318359375 0.11279296875 0.0224609375 0.0380859375
3 0.6826171875 0.11376953125 0.0234375 0.0400390625
3 0.7236328125 0.11376953125 0.0224609375 0.0361328125
2 0.1015625 0.26318359375 0.125 0.01806640625
3 0.03125 0.26318359375 0.0126953125 0.01806640625
3 0.05615234375 0.2958984375 0.0126953125 0.02001953125
3 0.0556640625 0.326171875 0.01123046875 0.02392578125
3 0.06591796875 0.35888671875 0.0126953125 0.01806640625
3 0.0654296875 0.39111328125 0.01123046875 0.01806640625
3 0.041015625 0.455078125 0.0126953125 0.01806640625
3 0.04248046875 0.48779296875 0.01513671875 0.02001953125
3 0.04248046875 0.51904296875 0.0126953125 0.02197265625
3 0.04150390625 0.55078125 0.013671875 0.02197265625
3 0.04248046875 0.583984375 0.009765625 0.01611328125
3 0.04296875 0.6171875 0.01123046875 0.01806640625
3 0.04248046875 0.64697265625 0.0126953125 0.01806640625
3 0.04248046875 0.6767578125 0.0126953125 0.01806640625
3 0.03076171875 0.71923828125 0.013671875 0.01416015625
2 0.1005859375 0.7177734375 0.12646484375 0.01611328125
0 0.10546875 0.421875 0.11962890625 0.0322265625
1 0.2216796875 0.923828125 0.01513671875 0.02001953125
4 0.2275390625 0.39892578125 0.072265625 0.02978515625
4 0.2998046875 0.39892578125 0.06396484375 0.02978515625
4 0.38525390625 0.39697265625 0.0986328125 0.02587890625
4 0.4716796875 0.39794921875 0.0654296875 0.02783203125
4 0.5390625 0.39794921875 0.05810546875 0.02392578125
4 0.4228515625 0.43994140625 0.06787109375 0.02783203125
4 0.3515625 0.43994140625 0.06689453125 0.02783203125
4 0.28564453125 0.44189453125 0.0595703125 0.02783203125
4 0.22216796875 0.44091796875 0.06103515625 0.02978515625
2 0.39794921875 0.47509765625 0.15966796875 0.02587890625