6 0.2724609375 0.39794921875 0.064453125 0.0322265625
6 0.2734375 0.45751953125 0.05859375 0.0361328125
6 0.27294921875 0.51806640625 0.0615234375 0.0400390625
6 0.2744140625 0.57666015625 0.064453125 0.0361328125
5 0.38720703125 0.4580078125 0.0595703125 0.029296875
5 0.38818359375 0.51513671875 0.0537109375 0.0341796875
5 0.43798828125 0.3974609375 0.1533203125 0.02734375
5 0.388671875 0.57763671875 0.0546875 0.0302734375
5 0.56689453125 0.642578125 0.1435546875 0.0234375
5 0.72900390625 0.64404296875 0.0517578125 0.0263671875
0 0.50390625 0.22021484375 0.814453125 0.0498046875
3 0.07373046875 0.064453125 0.0439453125 0.029296875
5 0.3515625 0.0654296875 0.33984375 0.033203125
5 0.9208984375 0.06494140625 0.1015625 0.0302734375
3 0.0986328125 0.90576171875 0.07421875 0.0419921875
3 0.29833984375 0.90966796875 0.0673828125 0.0419921875
3 0.505859375 0.9091796875 0.08203125 0.048828125
3 0.6982421875 0.90625 0.060546875 0.046875
3 0.90283203125 0.90771484375 0.0791015625 0.0458984375