1 0.17236328125 0.62841796875 0.0283203125 0.0537109375
1 0.173828125 0.203125 0.033203125 0.056640625
1 0.701171875 0.33349609375 0.0234375 0.0380859375
1 0.7001953125 0.7822265625 0.021484375 0.037109375
1 0.17236328125 0.28564453125 0.0341796875 0.0556640625
1 0.171875 0.37255859375 0.03125 0.0537109375
1 0.17236328125 0.45751953125 0.0302734375 0.0537109375
1 0.171875 0.54150390625 0.03125 0.0537109375
1 0.17236328125 0.71337890625 0.0302734375 0.0537109375
1 0.171875 0.798828125 0.03125 0.056640625
1 0.171875 0.880859375 0.029296875 0.05078125
1 0.7001953125 0.26806640625 0.021484375 0.0400390625
1 0.7001953125 0.3974609375 0.021484375 0.0390625
1 0.69970703125 0.46044921875 0.0244140625 0.0400390625
1 0.69970703125 0.5263671875 0.0263671875 0.04296875
1 0.69970703125 0.59033203125 0.0263671875 0.0400390625
1 0.69970703125 0.65087890625 0.0302734375 0.0380859375
1 0.69921875 0.7138671875 0.0234375 0.0390625
5 0.21630859375 0.201171875 0.0439453125 0.0390625
5 0.2265625 0.2890625 0.064453125 0.044921875
5 0.2646484375 0.37451171875 0.140625 0.0458984375
5 0.22314453125 0.45751953125 0.0576171875 0.0439453125
5 0.25390625 0.54248046875 0.111328125 0.0419921875
5 0.23486328125 0.6259765625 0.0771484375 0.04296875
5 0.24755859375 0.71240234375 0.1044921875 0.0458984375
5 0.248046875 0.79833984375 0.103515625 0.0478515625
5 0.23193359375 0.87939453125 0.0712890625 0.0419921875
5 0.73291015625 0.2646484375 0.0341796875 0.033203125
5 0.744140625 0.32861328125 0.0546875 0.0341796875
5 0.77490234375 0.39501953125 0.1220703125 0.0400390625
5 0.73779296875 0.4599609375 0.0478515625 0.03515625
5 0.76025390625 0.521484375 0.0927734375 0.033203125
5 0.748046875 0.58642578125 0.068359375 0.0400390625
5 0.75830078125 0.650390625 0.0888671875 0.04296875
5 0.7587890625 0.712890625 0.08984375 0.037109375
5 0.74462890625 0.77734375 0.0615234375 0.0390625