6 0.05615234375 0.47705078125 0.0439453125 0.0791015625
6 0.0576171875 0.66650390625 0.044921875 0.0771484375
6 0.056640625 0.8505859375 0.0390625 0.072265625
6 0.548828125 0.47314453125 0.0390625 0.0751953125
6 0.54931640625 0.662109375 0.0439453125 0.072265625
6 0.546875 0.8525390625 0.0390625 0.072265625
5 0.18896484375 0.47802734375 0.1884765625 0.0458984375
5 0.19580078125 0.66796875 0.1943359375 0.052734375
5 0.16259765625 0.85693359375 0.1376953125 0.0478515625
5 0.76171875 0.47314453125 0.3515625 0.0458984375
5 0.70751953125 0.66748046875 0.2509765625 0.0478515625
5 0.689453125 0.857421875 0.21484375 0.056640625