6 0.1875 0.1826171875 0.052734375 0.08203125
6 0.62109375 0.181640625 0.0546875 0.080078125
6 0.18701171875 0.31982421875 0.0537109375 0.0791015625
6 0.1875 0.4560546875 0.0546875 0.080078125
6 0.18701171875 0.59375 0.0556640625 0.07421875
6 0.62255859375 0.31982421875 0.0537109375 0.0810546875
6 0.62109375 0.4560546875 0.052734375 0.080078125
6 0.62158203125 0.59423828125 0.0537109375 0.0751953125
5 0.32080078125 0.18505859375 0.1728515625 0.0751953125
5 0.318359375 0.32373046875 0.173828125 0.0791015625
5 0.318359375 0.458984375 0.173828125 0.072265625
5 0.31884765625 0.595703125 0.1708984375 0.072265625
5 0.75439453125 0.18603515625 0.1728515625 0.0732421875
5 0.75537109375 0.32421875 0.1708984375 0.0703125
5 0.75341796875 0.4619140625 0.1708984375 0.0703125
5 0.75390625 0.59619140625 0.171875 0.0673828125