1 0.89599609375 0.4482421875 0.0478515625 0.044921875
1 0.9033203125 0.60888671875 0.05078125 0.0478515625
0 0.861328125 0.2861328125 0.134765625 0.0625
1 0.9013671875 0.76416015625 0.05078125 0.0498046875
1 0.8994140625 0.91943359375 0.052734375 0.0478515625
5 0.19140625 0.259765625 0.23828125 0.044921875
5 0.2265625 0.416015625 0.291015625 0.052734375
5 0.20849609375 0.58203125 0.2666015625 0.04296875
5 0.3037109375 0.74072265625 0.462890625 0.0439453125
5 0.13330078125 0.89404296875 0.1162109375 0.0439453125
5 0.1220703125 0.04638671875 0.107421875 0.0556640625
3 0.0400390625 0.05029296875 0.046875 0.0634765625