1 0.46630859375 0.28466796875 0.0380859375 0.0400390625
1 0.75390625 0.28466796875 0.0390625 0.0400390625
1 0.18505859375 0.283203125 0.0361328125 0.0390625
4 0.51416015625 0.35546875 0.7177734375 0.078125
4 0.51416015625 0.44580078125 0.7177734375 0.0810546875
4 0.51318359375 0.53125 0.7158203125 0.076171875
4 0.3349609375 0.6201171875 0.36328125 0.05078125
3 0.53759765625 0.62158203125 0.0322265625 0.0322265625
5 0.25146484375 0.28564453125 0.0732421875 0.0302734375
5 0.5361328125 0.28369140625 0.083984375 0.0283203125
5 0.81884765625 0.28564453125 0.0810546875 0.0302734375
4 0.5712890625 0.0419921875 0.857421875 0.044921875
3 0.0244140625 0.04443359375 0.03125 0.0283203125
2 0.09765625 0.04052734375 0.08984375 0.0478515625