5 0.501953125 0.52001953125 0.26318359375 0.04638671875
0 0.49951171875 0.6484375 0.0771484375 0.033203125
0 0.8642578125 0.091796875 0.1025390625 0.04052734375
3 0.9033203125 0.03857421875 0.01708984375 0.0244140625
3 0.9365234375 0.03759765625 0.01806640625 0.02197265625
3 0.9697265625 0.0380859375 0.01416015625 0.025390625
3 0.02490234375 0.111328125 0.015625 0.02099609375
3 0.0244140625 0.1650390625 0.0146484375 0.02197265625
3 0.025390625 0.21630859375 0.01806640625 0.0244140625
3 0.02490234375 0.27001953125 0.01416015625 0.02294921875
3 0.02490234375 0.32373046875 0.0185546875 0.02294921875
5 0.1240234375 0.0390625 0.10693359375 0.02978515625
4 0.16455078125 0.09130859375 0.18359375 0.03955078125
2 0.3125 0.09228515625 0.0966796875 0.0419921875
0 0.40771484375 0.0927734375 0.078125 0.03857421875
5 0.09375 0.17138671875 0.03271484375 0.02197265625
5 0.32373046875 0.169921875 0.0400390625 0.0185546875
5 0.5537109375 0.1708984375 0.03515625 0.0185546875
5 0.787109375 0.1708984375 0.04150390625 0.02099609375
3 0.9384765625 0.09130859375 0.0185546875 0.0244140625
3 0.9638671875 0.09130859375 0.0185546875 0.02197265625
3 0.958984375 0.22998046875 0.01025390625 0.025390625
3 0.8955078125 0.44384765625 0.01416015625 0.01318359375
3 0.939453125 0.44482421875 0.01025390625 0.02001953125
3 0.95849609375 0.5205078125 0.00634765625 0.02294921875
3 0.8818359375 0.619140625 0.0107421875 0.0166015625
3 0.8291015625 0.61962890625 0.0146484375 0.02001953125
3 0.89599609375 0.73681640625 0.0107421875 0.01220703125
3 0.939453125 0.736328125 0.01025390625 0.017578125
3 0.958984375 0.8125 0.0068359375 0.025390625
3 0.78369140625 0.73681640625 0.0126953125 0.0166015625
3 0.8291015625 0.912109375 0.01416015625 0.015625
3 0.8818359375 0.912109375 0.01025390625 0.017578125
3 0.7822265625 0.912109375 0.0126953125 0.017578125
3 0.728515625 0.8125 0.0087890625 0.02294921875
3 0.59716796875 0.91162109375 0.0146484375 0.0166015625
3 0.65087890625 0.91259765625 0.00927734375 0.0166015625
3 0.5517578125 0.912109375 0.0126953125 0.017578125
3 0.42041015625 0.91259765625 0.0107421875 0.0166015625
3 0.3671875 0.91357421875 0.01416015625 0.0166015625
3 0.32080078125 0.912109375 0.01171875 0.017578125
3 0.49755859375 0.81396484375 0.0078125 0.02294921875
3 0.478515625 0.736328125 0.01318359375 0.02001953125
3 0.4345703125 0.7353515625 0.01171875 0.01318359375
3 0.32275390625 0.73583984375 0.0126953125 0.0166015625
3 0.55322265625 0.736328125 0.0126953125 0.015625
3 0.66552734375 0.736328125 0.0126953125 0.01318359375
3 0.708984375 0.73779296875 0.01171875 0.0185546875
3 0.72802734375 0.521484375 0.00634765625 0.02294921875
3 0.70947265625 0.44482421875 0.0126953125 0.017578125
3 0.78369140625 0.4443359375 0.0126953125 0.0166015625
3 0.828125 0.3271484375 0.01416015625 0.0185546875
3 0.88134765625 0.328125 0.0107421875 0.0166015625
3 0.7822265625 0.328125 0.0107421875 0.0166015625
3 0.7275390625 0.228515625 0.00537109375 0.02197265625
3 0.498046875 0.22900390625 0.00537109375 0.02099609375
3 0.2666015625 0.228515625 0.0078125 0.02197265625
3 0.09033203125 0.328125 0.01171875 0.0166015625
3 0.1376953125 0.32861328125 0.01416015625 0.017578125
3 0.18994140625 0.328125 0.00927734375 0.0166015625
3 0.189453125 0.6201171875 0.01025390625 0.0166015625
3 0.1376953125 0.61962890625 0.0126953125 0.017578125
3 0.267578125 0.521484375 0.0068359375 0.02294921875
3 0.0908203125 0.6201171875 0.0126953125 0.0166015625
3 0.1904296875 0.8876953125 0.01025390625 0.015625
3 0.26708984375 0.8125 0.0078125 0.02099609375
3 0.13671875 0.888671875 0.01416015625 0.0166015625
3 0.09033203125 0.8876953125 0.01318359375 0.017578125
3 0.24365234375 0.0908203125 0.02197265625 0.025390625