1 0.1142578125 0.259765625 0.05078125 0.0703125
1 0.11328125 0.81591796875 0.052734375 0.0712890625
1 0.11376953125 0.37890625 0.0498046875 0.068359375
1 0.11328125 0.49072265625 0.05078125 0.0693359375
1 0.43505859375 0.814453125 0.0537109375 0.0703125
1 0.7138671875 0.81396484375 0.056640625 0.0732421875
5 0.2783203125 0.263671875 0.224609375 0.044921875
5 0.453125 0.37890625 0.576171875 0.046875
5 0.443359375 0.49462890625 0.537109375 0.0498046875
5 0.248046875 0.8095703125 0.15234375 0.048828125
5 0.5400390625 0.81640625 0.1171875 0.04296875
5 0.81005859375 0.8134765625 0.0888671875 0.044921875