6 0.06982421875 0.25 0.0341796875 0.0390625
6 0.0703125 0.36181640625 0.033203125 0.0380859375
6 0.0703125 0.47021484375 0.033203125 0.0302734375
1 0.0751953125 0.705078125 0.0390625 0.041015625
1 0.07373046875 0.80224609375 0.0419921875 0.0400390625
1 0.076171875 0.8955078125 0.0390625 0.04296875
1 0.07470703125 0.0537109375 0.0380859375 0.044921875
5 0.240234375 0.703125 0.265625 0.037109375
5 0.49072265625 0.79931640625 0.7685546875 0.0439453125
5 0.4423828125 0.89794921875 0.671875 0.0380859375
5 0.27587890625 0.47216796875 0.3447265625 0.0380859375
5 0.35595703125 0.361328125 0.5087890625 0.0390625
5 0.2666015625 0.24853515625 0.337890625 0.0419921875
5 0.2294921875 0.05517578125 0.24609375 0.0341796875
0 0.58447265625 0.5927734375 0.3876953125 0.05859375