0 0.16015625 0.21337890625 0.06005859375 0.04443359375
0 0.24462890625 0.212890625 0.064453125 0.04541015625
3 0.068359375 0.14013671875 0.0234375 0.04296875
3 0.06689453125 0.2119140625 0.02734375 0.0458984375
3 0.06689453125 0.28076171875 0.0224609375 0.0458984375
3 0.06689453125 0.3505859375 0.02734375 0.0419921875
3 0.068359375 0.42236328125 0.02978515625 0.04443359375
3 0.06689453125 0.8017578125 0.02734375 0.04052734375
3 0.068359375 0.8720703125 0.0263671875 0.0439453125
5 0.146484375 0.306640625 0.03857421875 0.02392578125
5 0.14697265625 0.43896484375 0.0400390625 0.02587890625
5 0.146484375 0.6572265625 0.03857421875 0.0302734375
5 0.41552734375 0.203125 0.03564453125 0.0283203125
5 0.41259765625 0.4140625 0.0419921875 0.0283203125
5 0.43994140625 0.24609375 0.03955078125 0.02880859375
5 0.43994140625 0.28125 0.03955078125 0.025390625
5 0.43798828125 0.3173828125 0.04296875 0.02734375
5 0.44580078125 0.45458984375 0.03955078125 0.0205078125
5 0.4453125 0.4931640625 0.04541015625 0.0283203125
5 0.4453125 0.53515625 0.041015625 0.02587890625
0 0.5830078125 0.54248046875 0.0576171875 0.046875
5 0.65234375 0.5390625 0.03759765625 0.0302734375
5 0.708984375 0.53564453125 0.037109375 0.02978515625
5 0.75830078125 0.53759765625 0.03955078125 0.0283203125
3 0.88232421875 0.13037109375 0.02392578125 0.03564453125
3 0.90771484375 0.12890625 0.01904296875 0.03564453125
3 0.931640625 0.1279296875 0.0205078125 0.0185546875
3 0.22314453125 0.12939453125 0.01123046875 0.017578125
3 0.11279296875 0.1240234375 0.01611328125 0.02587890625
6 0.4052734375 0.24658203125 0.017578125 0.02685546875
6 0.40576171875 0.28125 0.017578125 0.02685546875
6 0.40576171875 0.31689453125 0.017578125 0.02685546875
1 0.40673828125 0.453125 0.01953125 0.02978515625
1 0.4072265625 0.49462890625 0.021484375 0.03125
1 0.40771484375 0.53564453125 0.02197265625 0.02978515625
4 0.22802734375 0.3447265625 0.19775390625 0.04052734375
2 0.2275390625 0.4765625 0.1982421875 0.0439453125
0 0.22705078125 0.51416015625 0.19775390625 0.02685546875
0 0.22705078125 0.5703125 0.19775390625 0.03271484375
0 0.2265625 0.54052734375 0.19775390625 0.0244140625
5 0.16552734375 0.84423828125 0.0810546875 0.02587890625
3 0.310546875 0.21240234375 0.01611328125 0.02978515625