4 0.7568359375 0.24072265625 0.416015625 0.076171875
4 0.7578125 0.38720703125 0.4140625 0.07373046875
4 0.7568359375 0.4609375 0.412109375 0.0693359375
4 0.7578125 0.52880859375 0.4140625 0.06689453125
4 0.2470703125 0.24169921875 0.416015625 0.07373046875
4 0.2470703125 0.455078125 0.412109375 0.0712890625
4 0.248046875 0.5263671875 0.4140625 0.0712890625
4 0.248046875 0.5966796875 0.4140625 0.0693359375
4 0.248046875 0.6669921875 0.4140625 0.06689453125
4 0.2470703125 0.7373046875 0.412109375 0.0693359375
4 0.7568359375 0.5966796875 0.412109375 0.0693359375
4 0.7568359375 0.66796875 0.412109375 0.0693359375
4 0.7568359375 0.73828125 0.412109375 0.0712890625
4 0.7568359375 0.81005859375 0.412109375 0.06689453125
4 0.7578125 0.87451171875 0.4140625 0.06201171875
2 0.248046875 0.8076171875 0.4140625 0.0712890625
2 0.248046875 0.87451171875 0.4140625 0.06201171875
3 0.9560546875 0.09228515625 0.025390625 0.04150390625
3 0.4443359375 0.0888671875 0.029296875 0.0390625