7 0.92822265625 0.794921875 0.0771484375 0.05859375
7 0.9287109375 0.92626953125 0.076171875 0.0576171875
3 0.92822265625 0.11181640625 0.0458984375 0.0869140625
0 0.09375 0.37646484375 0.140625 0.0986328125
0 0.28369140625 0.3759765625 0.2177734375 0.087890625
0 0.78662109375 0.111328125 0.1748046875 0.103515625
0 0.27490234375 0.6357421875 0.1728515625 0.087890625
5 0.1044921875 0.63623046875 0.091796875 0.0537109375
5 0.11865234375 0.7919921875 0.1904296875 0.046875
5 0.20703125 0.92333984375 0.3671875 0.0439453125
5 0.08935546875 0.53369140625 0.1416015625 0.0439453125
5 0.16650390625 0.265625 0.2822265625 0.048828125
5 0.05810546875 0.1103515625 0.0751953125 0.046875