5 0.14501953125 0.28125 0.19140625 0.05908203125
5 0.18994140625 0.41796875 0.2734375 0.044921875
5 0.60595703125 0.1494140625 0.08837890625 0.060546875
5 0.6044921875 0.4375 0.08984375 0.05126953125
5 0.626953125 0.7021484375 0.1259765625 0.04345703125
5 0.5966796875 0.93115234375 0.0634765625 0.044921875
5 0.1103515625 0.51904296875 0.0380859375 0.044921875
5 0.20166015625 0.51708984375 0.0341796875 0.041015625
6 0.06884765625 0.51806640625 0.0283203125 0.04248046875
6 0.16259765625 0.51806640625 0.0263671875 0.04248046875
0 0.3642578125 0.75244140625 0.1435546875 0.07958984375
2 0.77099609375 0.2509765625 0.4580078125 0.1064453125
2 0.77197265625 0.8271484375 0.4560546875 0.1064453125
0 0.6708984375 0.3486328125 0.20703125 0.060546875
4 0.8447265625 0.6962890625 0.2705078125 0.0732421875
4 0.84423828125 0.9287109375 0.26953125 0.07568359375
0 0.7734375 0.52099609375 0.41259765625 0.0771484375
0 0.7734375 0.5966796875 0.41259765625 0.08203125
3 0.9658203125 0.14501953125 0.03369140625 0.0283203125
3 0.92626953125 0.43603515625 0.01953125 0.03955078125
5 0.9599609375 0.4365234375 0.03369140625 0.03076171875
5 0.8759765625 0.3505859375 0.07958984375 0.04345703125
5 0.7861328125 0.04248046875 0.06005859375 0.033203125
5 0.64892578125 0.04248046875 0.1083984375 0.03857421875
3 0.578125 0.041015625 0.02490234375 0.041015625
3 0.73779296875 0.04248046875 0.02587890625 0.04345703125