5 0.4990234375 0.14501953125 0.51171875 0.0810546875
4 0.3916015625 0.30078125 0.5068359375 0.06396484375
2 0.2900390625 0.3857421875 0.30322265625 0.06396484375
2 0.2890625 0.47021484375 0.3017578125 0.06201171875
7 0.1865234375 0.744140625 0.0966796875 0.05126953125
7 0.1865234375 0.80615234375 0.0966796875 0.05126953125
0 0.76416015625 0.29736328125 0.19482421875 0.06591796875
0 0.76513671875 0.37939453125 0.19677734375 0.06396484375
0 0.765625 0.49169921875 0.20166015625 0.06591796875
0 0.767578125 0.5693359375 0.1982421875 0.068359375
1 0.15234375 0.86669921875 0.03515625 0.04052734375
1 0.20068359375 0.86669921875 0.03515625 0.044921875
6 0.25 0.8701171875 0.02978515625 0.046875
6 0.291015625 0.86767578125 0.03515625 0.046875
5 0.28759765625 0.60107421875 0.3017578125 0.0595703125