5 0.17578125 0.54248046875 0.1513671875 0.04052734375
5 0.1435546875 0.62939453125 0.080078125 0.02734375
5 0.13037109375 0.70361328125 0.0537109375 0.03466796875
0 0.15673828125 0.8984375 0.10546875 0.052734375
0 0.2734375 0.8994140625 0.107421875 0.05517578125
3 0.1142578125 0.22998046875 0.01611328125 0.02392578125
3 0.31591796875 0.23095703125 0.01123046875 0.0166015625
3 0.6015625 0.15869140625 0.01318359375 0.02294921875
3 0.88525390625 0.095703125 0.0126953125 0.01904296875
4 0.49951171875 0.50732421875 0.22314453125 0.06103515625
4 0.47021484375 0.724609375 0.0654296875 0.0166015625
0 0.51904296875 0.724609375 0.02587890625 0.01904296875
5 0.72607421875 0.46826171875 0.10888671875 0.01904296875
5 0.70751953125 0.6669921875 0.05908203125 0.01904296875
5 0.8515625 0.66650390625 0.0693359375 0.0205078125