5 0.1787109375 0.232421875 0.1435546875 0.0224609375
5 0.13720703125 0.27978515625 0.06005859375 0.017578125
5 0.15087890625 0.35791015625 0.0908203125 0.01611328125
4 0.3427734375 0.3095703125 0.4697265625 0.03125
0 0.13623046875 0.712890625 0.05712890625 0.03857421875
0 0.205078125 0.712890625 0.0556640625 0.03369140625
2 0.5224609375 0.7138671875 0.109375 0.03515625
3 0.203125 0.39892578125 0.0126953125 0.0224609375
3 0.22509765625 0.3974609375 0.01416015625 0.0224609375
3 0.2587890625 0.39892578125 0.01318359375 0.02490234375
3 0.2802734375 0.3974609375 0.0146484375 0.02490234375
3 0.3154296875 0.3994140625 0.0146484375 0.0263671875
3 0.3369140625 0.39892578125 0.01708984375 0.02490234375
3 0.45849609375 0.3974609375 0.015625 0.0224609375
3 0.4921875 0.39892578125 0.01416015625 0.0224609375
3 0.52685546875 0.3974609375 0.01318359375 0.0224609375
3 0.169921875 0.3974609375 0.01318359375 0.0224609375
3 0.14794921875 0.3974609375 0.01171875 0.0224609375
3 0.1259765625 0.3974609375 0.01318359375 0.02490234375
3 0.5927734375 0.20751953125 0.01171875 0.017578125