7 0.376953125 0.29052734375 0.0244140625 0.02001953125
6 0.40087890625 0.37890625 0.01220703125 0.02001953125
6 0.40087890625 0.49658203125 0.01171875 0.0185546875
6 0.400390625 0.57861328125 0.009765625 0.0185546875
0 0.39599609375 0.794921875 0.06201171875 0.03564453125
6 0.40087890625 0.67822265625 0.01220703125 0.02392578125
1 0.69970703125 0.2998046875 0.01513671875 0.0234375
1 0.69970703125 0.3759765625 0.015625 0.025390625
3 0.30517578125 0.27880859375 0.01220703125 0.0263671875
3 0.30322265625 0.32275390625 0.01220703125 0.0244140625
3 0.30419921875 0.36572265625 0.01123046875 0.02392578125
3 0.30419921875 0.408203125 0.0107421875 0.02099609375
3 0.30419921875 0.45263671875 0.0087890625 0.0234375
3 0.3046875 0.49609375 0.009765625 0.0263671875
3 0.30419921875 0.5390625 0.009765625 0.0244140625
3 0.3046875 0.5830078125 0.009765625 0.02392578125
3 0.3037109375 0.62646484375 0.01123046875 0.0224609375
3 0.3037109375 0.6669921875 0.01025390625 0.0234375
3 0.30419921875 0.7138671875 0.0107421875 0.02587890625
3 0.3046875 0.7568359375 0.009765625 0.02392578125
3 0.3037109375 0.79833984375 0.009765625 0.0244140625
3 0.3037109375 0.841796875 0.009765625 0.0224609375
3 0.3037109375 0.88671875 0.0107421875 0.025390625
5 0.0751953125 0.27880859375 0.05419921875 0.02197265625
5 0.06298828125 0.322265625 0.03173828125 0.01708984375
5 0.060546875 0.36572265625 0.02587890625 0.01904296875
5 0.08251953125 0.41162109375 0.0703125 0.017578125
5 0.08251953125 0.4521484375 0.06689453125 0.01904296875
5 0.07080078125 0.49609375 0.04345703125 0.017578125
5 0.0625 0.5400390625 0.0263671875 0.01611328125
5 0.06201171875 0.5810546875 0.02490234375 0.01611328125
5 0.0625 0.62646484375 0.0263671875 0.015625
5 0.0625 0.66943359375 0.02978515625 0.0166015625
5 0.06201171875 0.71240234375 0.02880859375 0.017578125
5 0.0625 0.7568359375 0.029296875 0.0166015625
5 0.06396484375 0.798828125 0.02978515625 0.0146484375
5 0.06396484375 0.8427734375 0.0283203125 0.0205078125
5 0.06298828125 0.88427734375 0.0302734375 0.017578125
5 0.8056640625 0.30322265625 0.1826171875 0.01708984375
5 0.80517578125 0.376953125 0.18603515625 0.01611328125
3 0.42236328125 0.3779296875 0.0146484375 0.02392578125
3 0.421875 0.49853515625 0.01220703125 0.02490234375
3 0.421875 0.5791015625 0.01318359375 0.02197265625
3 0.42138671875 0.6796875 0.0146484375 0.02001953125