5 0.11572265625 0.55322265625 0.138671875 0.0302734375
5 0.09423828125 0.591796875 0.09765625 0.02294921875
5 0.1015625 0.630859375 0.10546875 0.02587890625
5 0.3154296875 0.55224609375 0.0986328125 0.02294921875
5 0.3251953125 0.591796875 0.1181640625 0.03173828125
5 0.330078125 0.638671875 0.1171875 0.02880859375
0 0.1005859375 0.72900390625 0.1533203125 0.0546875
0 0.291015625 0.7294921875 0.1728515625 0.05908203125
5 0.49072265625 0.05517578125 0.10693359375 0.0380859375
5 0.607421875 0.0546875 0.0966796875 0.0361328125
5 0.70166015625 0.05517578125 0.0556640625 0.03173828125
5 0.78076171875 0.0576171875 0.06591796875 0.0302734375
0 0.912109375 0.056640625 0.12841796875 0.0498046875
1 0.0322265625 0.54931640625 0.021484375 0.02880859375
1 0.0341796875 0.59326171875 0.01806640625 0.02587890625
1 0.0322265625 0.63330078125 0.021484375 0.02734375
1 0.25732421875 0.5517578125 0.0146484375 0.0244140625
1 0.2578125 0.591796875 0.01611328125 0.02294921875
1 0.2578125 0.63427734375 0.01611328125 0.02880859375