7 0.908203125 0.24560546875 0.103515625 0.0361328125
7 0.90576171875 0.3291015625 0.0966796875 0.03515625
6 0.9228515625 0.52099609375 0.0625 0.0361328125
6 0.921875 0.61083984375 0.064453125 0.0341796875
1 0.921875 0.78515625 0.056640625 0.03125
1 0.9228515625 0.87353515625 0.05859375 0.0341796875
1 0.9228515625 0.9599609375 0.048828125 0.03125
5 0.107421875 0.16845703125 0.12890625 0.0361328125
5 0.1533203125 0.078125 0.220703125 0.041015625
5 0.17919921875 0.2431640625 0.2783203125 0.0390625
5 0.10205078125 0.3310546875 0.1259765625 0.03515625
5 0.1591796875 0.45263671875 0.25390625 0.0283203125
5 0.23095703125 0.52294921875 0.3916015625 0.0380859375
5 0.25439453125 0.607421875 0.4306640625 0.03125
5 0.17822265625 0.7119140625 0.2919921875 0.03125
5 0.234375 0.78759765625 0.396484375 0.0322265625
5 0.20849609375 0.873046875 0.3369140625 0.029296875
5 0.12060546875 0.9599609375 0.1572265625 0.033203125