0 0.8681640625 0.05224609375 0.06982421875 0.05712890625
3 0.693359375 0.05419921875 0.02001953125 0.03564453125
3 0.7314453125 0.052734375 0.0166015625 0.03271484375
3 0.77001953125 0.0517578125 0.0185546875 0.0244140625
3 0.806640625 0.05078125 0.0205078125 0.03173828125
5 0.451171875 0.2412109375 0.06005859375 0.02490234375
5 0.54931640625 0.24169921875 0.06298828125 0.021484375
5 0.33349609375 0.3623046875 0.20947265625 0.05615234375
2 0.69775390625 0.62548828125 0.17236328125 0.060546875
7 0.72802734375 0.83935546875 0.03125 0.037109375
5 0.6865234375 0.83740234375 0.046875 0.03515625
3 0.83447265625 0.60009765625 0.0185546875 0.03955078125
3 0.83544921875 0.658203125 0.0166015625 0.03125
3 0.8359375 0.7197265625 0.0205078125 0.0380859375
3 0.83544921875 0.78125 0.0205078125 0.033203125
3 0.83544921875 0.84228515625 0.021484375 0.037109375
3 0.7802734375 0.83642578125 0.0126953125 0.0380859375
3 0.62060546875 0.8359375 0.017578125 0.04248046875
3 0.58203125 0.83544921875 0.0234375 0.05078125
5 0.2548828125 0.94091796875 0.05322265625 0.04345703125
5 0.25341796875 0.6328125 0.04638671875 0.0400390625
3 0.93310546875 0.0556640625 0.01220703125 0.03515625