5 0.1826171875 0.0302734375 0.27587890625 0.046875
5 0.49462890625 0.15625 0.10302734375 0.02685546875
5 0.087890625 0.22216796875 0.07275390625 0.0283203125
5 0.072265625 0.3154296875 0.03759765625 0.02685546875
5 0.36572265625 0.3154296875 0.0517578125 0.0234375
5 0.09228515625 0.37744140625 0.09619140625 0.03369140625
5 0.10595703125 0.4697265625 0.1123046875 0.0234375
5 0.10693359375 0.56201171875 0.12451171875 0.0302734375
5 0.0703125 0.65673828125 0.03759765625 0.0185546875
5 0.37646484375 0.65673828125 0.0517578125 0.02197265625
5 0.091796875 0.75 0.06591796875 0.02001953125
5 0.08544921875 0.81982421875 0.0712890625 0.03173828125
0 0.119140625 0.9599609375 0.1279296875 0.05029296875
4 0.19677734375 0.2744140625 0.279296875 0.048828125
4 0.498046875 0.275390625 0.28125 0.0537109375
4 0.34228515625 0.427734375 0.58203125 0.0537109375
4 0.34619140625 0.52001953125 0.578125 0.05029296875
4 0.19384765625 0.61328125 0.27734375 0.05517578125
4 0.19287109375 0.708984375 0.27587890625 0.05517578125
4 0.34521484375 0.8681640625 0.580078125 0.05517578125
2 0.49365234375 0.61572265625 0.279296875 0.05029296875