2 0.23974609375 0.4287109375 0.1767578125 0.0625
1 0.61767578125 0.27587890625 0.0361328125 0.0419921875
1 0.619140625 0.35400390625 0.037109375 0.0458984375
1 0.61865234375 0.431640625 0.0361328125 0.048828125
1 0.61767578125 0.51171875 0.0361328125 0.044921875
1 0.61865234375 0.587890625 0.0361328125 0.048828125
1 0.61767578125 0.66455078125 0.0341796875 0.0419921875
1 0.61962890625 0.7421875 0.0341796875 0.04296875
1 0.6181640625 0.8203125 0.03515625 0.0390625
1 0.6171875 0.8974609375 0.03515625 0.04296875
1 0.61767578125 0.9765625 0.0361328125 0.0390625
1 0.52490234375 0.431640625 0.0341796875 0.044921875
0 0.2939453125 0.20947265625 0.5546875 0.0576171875
0 0.09716796875 0.11767578125 0.1806640625 0.0654296875
4 0.2890625 0.3544921875 0.556640625 0.06640625
3 0.0419921875 0.35693359375 0.05078125 0.0419921875