7 0.51318359375 0.3623046875 0.07177734375 0.05712890625
3 0.96923828125 0.50341796875 0.0400390625 0.060546875
4 0.609375 0.5009765625 0.78125 0.05908203125
3 0.0224609375 0.4990234375 0.044921875 0.0625
3 0.09423828125 0.4990234375 0.0546875 0.05908203125
3 0.16455078125 0.5 0.0517578125 0.064453125
3 0.5341796875 0.21533203125 0.03857421875 0.0625
3 0.5400390625 0.6962890625 0.029296875 0.04296875
3 0.537109375 0.76611328125 0.02392578125 0.04296875
6 0.21337890625 0.89111328125 0.04248046875 0.0537109375
6 0.35791015625 0.88916015625 0.0439453125 0.0537109375
6 0.50732421875 0.88818359375 0.0439453125 0.0517578125
6 0.6513671875 0.88916015625 0.04150390625 0.0537109375
6 0.79931640625 0.89111328125 0.04150390625 0.0498046875
4 0.5 0.09033203125 0.525390625 0.0517578125
3 0.93603515625 0.69189453125 0.03466796875 0.04443359375
3 0.91748046875 0.76806640625 0.02685546875 0.0390625