4 0.384765625 0.56689453125 0.375 0.048828125
4 0.38525390625 0.62451171875 0.37646484375 0.04443359375
0 0.228515625 0.86572265625 0.0654296875 0.046875
3 0.65087890625 0.84765625 0.0234375 0.033203125
3 0.67919921875 0.84912109375 0.0224609375 0.03564453125
3 0.7060546875 0.84912109375 0.0234375 0.03564453125
3 0.73486328125 0.84912109375 0.0224609375 0.03125
3 0.76123046875 0.84765625 0.01953125 0.02880859375
5 0.189453125 0.0791015625 0.029296875 0.02001953125
5 0.34375 0.080078125 0.03759765625 0.017578125
5 0.3984375 0.0791015625 0.04150390625 0.01123046875
5 0.59716796875 0.0791015625 0.033203125 0.015625
5 0.6689453125 0.0791015625 0.0654296875 0.015625
5 0.7373046875 0.0791015625 0.02490234375 0.02001953125
5 0.798828125 0.0791015625 0.04736328125 0.02001953125
2 0.23828125 0.0791015625 0.03759765625 0.02001953125
2 0.29296875 0.0791015625 0.04150390625 0.02001953125
3 0.70849609375 0.56005859375 0.033203125 0.048828125
3 0.70751953125 0.6953125 0.0263671875 0.05322265625