5 0.13720703125 0.69580078125 0.255859375 0.02880859375
5 0.17529296875 0.75927734375 0.19580078125 0.03271484375
5 0.18017578125 0.84130859375 0.19482421875 0.03125
5 0.17578125 0.92138671875 0.189453125 0.02880859375
4 0.75927734375 0.82080078125 0.4814453125 0.0556640625
0 0.7607421875 0.7255859375 0.478515625 0.06005859375
0 0.580078125 0.087890625 0.1171875 0.0615234375
0 0.697265625 0.08837890625 0.11181640625 0.06591796875
0 0.81591796875 0.08837890625 0.1201171875 0.06591796875
0 0.939453125 0.0908203125 0.12109375 0.0673828125
3 0.54541015625 0.185546875 0.037109375 0.037109375
3 0.54736328125 0.279296875 0.03857421875 0.03564453125
1 0.669921875 0.1865234375 0.0224609375 0.02734375
1 0.669921875 0.279296875 0.0224609375 0.02734375
6 0.81787109375 0.1884765625 0.03857421875 0.0400390625
6 0.8193359375 0.279296875 0.04150390625 0.03271484375
7 0.96337890625 0.1865234375 0.06005859375 0.03564453125
7 0.9619140625 0.2763671875 0.07080078125 0.04150390625
2 0.7578125 0.365234375 0.48388671875 0.03564453125
2 0.75634765625 0.4404296875 0.4873046875 0.0390625
5 0.0478515625 0.484375 0.09326171875 0.02880859375
5 0.04248046875 0.33837890625 0.080078125 0.02294921875
6 0.02685546875 0.76220703125 0.037109375 0.04443359375
6 0.02734375 0.845703125 0.03857421875 0.0458984375
6 0.02880859375 0.927734375 0.033203125 0.04736328125