3 0.49853515625 0.068359375 0.0166015625 0.0302734375
3 0.4658203125 0.06494140625 0.01416015625 0.0302734375
3 0.4189453125 0.06591796875 0.015625 0.02490234375
3 0.3857421875 0.06298828125 0.01220703125 0.02294921875
3 0.3515625 0.06591796875 0.01220703125 0.02490234375
3 0.22021484375 0.0712890625 0.01123046875 0.02099609375
3 0.24462890625 0.0712890625 0.015625 0.02099609375
0 0.11181640625 0.072265625 0.17822265625 0.0458984375
3 0.89453125 0.05810546875 0.0166015625 0.02099609375
3 0.9267578125 0.05712890625 0.015625 0.01904296875
3 0.9599609375 0.05810546875 0.01025390625 0.02490234375
5 0.58642578125 0.1220703125 0.25439453125 0.04931640625
2 0.89697265625 0.51611328125 0.1015625 0.04931640625
2 0.8759765625 0.724609375 0.1005859375 0.0478515625
7 0.931640625 0.6181640625 0.03173828125 0.0361328125
5 0.5576171875 0.6064453125 0.103515625 0.0322265625
5 0.5576171875 0.5078125 0.099609375 0.02490234375
5 0.54150390625 0.72265625 0.0634765625 0.0322265625
3 0.49072265625 0.51513671875 0.021484375 0.0439453125
3 0.4912109375 0.6171875 0.0224609375 0.0302734375
3 0.4912109375 0.7255859375 0.0244140625 0.04931640625
3 0.93994140625 0.7236328125 0.01953125 0.0341796875