5 0.11865234375 0.015625 0.2373046875 0.02294921875
5 0.11376953125 0.1015625 0.20751953125 0.021484375
5 0.11865234375 0.21044921875 0.21728515625 0.02978515625
5 0.0712890625 0.2626953125 0.12255859375 0.017578125
5 0.05859375 0.35205078125 0.09228515625 0.0205078125
5 0.06396484375 0.4375 0.107421875 0.017578125
5 0.09765625 0.521484375 0.18017578125 0.0205078125
5 0.3037109375 0.6201171875 0.607421875 0.021484375
0 0.1337890625 0.6884765625 0.25732421875 0.0771484375
0 0.3623046875 0.95166015625 0.705078125 0.0693359375
4 0.49853515625 0.56787109375 0.97265625 0.044921875
4 0.50146484375 0.48046875 0.97265625 0.04345703125
4 0.49609375 0.39501953125 0.96240234375 0.04052734375
4 0.50146484375 0.30859375 0.97265625 0.044921875
4 0.5 0.146484375 0.97021484375 0.04345703125
4 0.50146484375 0.0595703125 0.96728515625 0.04345703125