6 0.57666015625 0.66162109375 0.0654296875 0.0830078125
1 0.0595703125 0.54345703125 0.044921875 0.0576171875
1 0.2900390625 0.5419921875 0.04296875 0.056640625
6 0.060546875 0.18408203125 0.04296875 0.0576171875
2 0.5751953125 0.29296875 0.236328125 0.07421875
6 0.06005859375 0.24365234375 0.0419921875 0.0556640625
6 0.05859375 0.302734375 0.044921875 0.05859375
4 0.3359375 0.20068359375 0.220703125 0.0751953125
4 0.3359375 0.27294921875 0.220703125 0.0693359375
0 0.115234375 0.42236328125 0.150390625 0.0888671875
0 0.29443359375 0.4228515625 0.1708984375 0.091796875
5 0.13427734375 0.18603515625 0.0908203125 0.0478515625
5 0.1513671875 0.2421875 0.126953125 0.041015625
5 0.1220703125 0.29736328125 0.0703125 0.0419921875
5 0.15380859375 0.54296875 0.1240234375 0.04296875
5 0.39111328125 0.541015625 0.1396484375 0.044921875
5 0.63720703125 0.54248046875 0.1865234375 0.0439453125
1 0.50634765625 0.54296875 0.0439453125 0.056640625