5 0.111328125 0.35205078125 0.12451171875 0.03515625
5 0.21484375 0.48583984375 0.33056640625 0.037109375
5 0.220703125 0.6142578125 0.34326171875 0.0390625
5 0.076171875 0.82373046875 0.04443359375 0.03369140625
5 0.4228515625 0.384765625 0.05859375 0.02294921875
5 0.5107421875 0.3857421875 0.0986328125 0.017578125
5 0.63134765625 0.3857421875 0.0966796875 0.02490234375
4 0.50390625 0.4814453125 0.2109375 0.03515625
4 0.42626953125 0.34765625 0.05859375 0.04052734375
4 0.52099609375 0.34765625 0.115234375 0.037109375
4 0.66943359375 0.3486328125 0.166015625 0.0390625
0 0.2177734375 0.67431640625 0.33056640625 0.0634765625