5 0.1865234375 0.203125 0.033203125 0.029296875
5 0.19482421875 0.302734375 0.056640625 0.029296875
5 0.55419921875 0.2060546875 0.04150390625 0.03515625
5 0.7158203125 0.2060546875 0.0615234375 0.0234375
5 0.55908203125 0.3056640625 0.05517578125 0.029296875
5 0.54931640625 0.40576171875 0.03173828125 0.03515625
5 0.55517578125 0.505859375 0.033203125 0.0234375
5 0.71337890625 0.505859375 0.0634765625 0.03515625
5 0.57568359375 0.60009765625 0.091796875 0.03515625
5 0.55322265625 0.703125 0.04345703125 0.029296875
0 0.69580078125 0.828125 0.115234375 0.0498046875
0 0.79345703125 0.828125 0.06689453125 0.0556640625
4 0.6826171875 0.7470703125 0.28857421875 0.052734375
4 0.681640625 0.6455078125 0.29345703125 0.0498046875
4 0.6826171875 0.447265625 0.294921875 0.052734375
4 0.681640625 0.3515625 0.29345703125 0.0556640625
4 0.60595703125 0.2470703125 0.1416015625 0.052734375
4 0.75439453125 0.2470703125 0.14501953125 0.052734375
4 0.31494140625 0.24853515625 0.29345703125 0.0556640625
4 0.31396484375 0.34716796875 0.294921875 0.052734375
0 0.427734375 0.42919921875 0.068359375 0.052734375
0 0.27734375 0.6103515625 0.07177734375 0.0556640625
0 0.35107421875 0.60888671875 0.068359375 0.052734375
0 0.4267578125 0.6103515625 0.06982421875 0.0498046875
0 0.4267578125 0.6865234375 0.06982421875 0.0556640625
0 0.3525390625 0.6865234375 0.068359375 0.0556640625
0 0.27587890625 0.68505859375 0.068359375 0.05859375
0 0.20068359375 0.6103515625 0.068359375 0.0556640625
0 0.203125 0.6884765625 0.06982421875 0.05859375
1 0.2109375 0.41455078125 0.01513671875 0.029296875
5 0.3017578125 0.41455078125 0.15673828125 0.029296875
4 0.23828125 0.77490234375 0.1435546875 0.0556640625
4 0.39013671875 0.77490234375 0.14013671875 0.0498046875
4 0.23828125 0.84423828125 0.14013671875 0.052734375
4 0.390625 0.8427734375 0.1416015625 0.0498046875