5 0.068359375 0.10498046875 0.13134765625 0.0439453125
5 0.029296875 0.16259765625 0.03271484375 0.02490234375
5 0.03955078125 0.2568359375 0.0517578125 0.0234375
5 0.02685546875 0.35498046875 0.0263671875 0.0263671875
5 0.05078125 0.451171875 0.07275390625 0.0263671875
5 0.068359375 0.662109375 0.12744140625 0.02783203125
5 0.07470703125 0.71728515625 0.08935546875 0.02490234375
5 0.09228515625 0.486328125 0.13671875 0.0322265625
0 0.943359375 0.96435546875 0.09326171875 0.05126953125
3 0.96484375 0.849609375 0.01171875 0.0234375
3 0.97705078125 0.84912109375 0.0107421875 0.02490234375
3 0.96533203125 0.9013671875 0.009765625 0.02197265625
3 0.97705078125 0.9013671875 0.01318359375 0.02783203125
3 0.9892578125 0.65380859375 0.01513671875 0.0263671875
3 0.98876953125 0.025390625 0.01416015625 0.02490234375
0 0.154296875 0.0400390625 0.1123046875 0.05419921875
0 0.04931640625 0.041015625 0.07958984375 0.052734375
4 0.50146484375 0.203125 0.97265625 0.052734375
4 0.50146484375 0.30224609375 0.9755859375 0.046875
2 0.04296875 0.3994140625 0.05712890625 0.04833984375
1 0.0185546875 0.4833984375 0.01171875 0.0234375
1 0.02001953125 0.716796875 0.01318359375 0.0263671875
0 0.044921875 0.564453125 0.0615234375 0.04833984375
0 0.09716796875 0.396484375 0.03955078125 0.03662109375