6 0.20458984375 0.12158203125 0.0302734375 0.0458984375
6 0.20458984375 0.2099609375 0.0263671875 0.048828125
6 0.2041015625 0.2998046875 0.033203125 0.048828125
6 0.2041015625 0.38916015625 0.029296875 0.0458984375
6 0.205078125 0.478515625 0.02734375 0.046875
6 0.20361328125 0.56787109375 0.0302734375 0.0458984375
6 0.20361328125 0.658203125 0.0302734375 0.048828125
6 0.205078125 0.75 0.029296875 0.046875
4 0.1455078125 0.84814453125 0.142578125 0.0673828125
4 0.6416015625 0.83935546875 0.14453125 0.0654296875
6 0.70166015625 0.38427734375 0.0302734375 0.0458984375