0 0.90625 0.1025390625 0.12646484375 0.0634765625
0 0.79150390625 0.103515625 0.078125 0.0615234375
2 0.25244140625 0.50244140625 0.12646484375 0.0322265625
2 0.3857421875 0.50244140625 0.12841796875 0.029296875
5 0.337890625 0.47607421875 0.0322265625 0.013671875
5 0.201171875 0.4775390625 0.0224609375 0.013671875
0 0.47265625 0.50244140625 0.033203125 0.029296875
0 0.625 0.75244140625 0.14306640625 0.04150390625
3 0.431640625 0.6875 0.013671875 0.02001953125
3 0.35986328125 0.6884765625 0.009765625 0.0185546875
3 0.28564453125 0.6884765625 0.009765625 0.015625
3 0.50537109375 0.6875 0.0146484375 0.02294921875
3 0.50537109375 0.60791015625 0.0107421875 0.015625
3 0.59521484375 0.703125 0.0126953125 0.02001953125
3 0.83154296875 0.375 0.017578125 0.02490234375