5 0.15478515625 0.35595703125 0.0673828125 0.02490234375
5 0.34228515625 0.3564453125 0.0673828125 0.0234375
5 0.16064453125 0.4482421875 0.083984375 0.02001953125
5 0.142578125 0.54248046875 0.04248046875 0.01171875
5 0.13330078125 0.63427734375 0.0263671875 0.0185546875
5 0.330078125 0.6357421875 0.0498046875 0.021484375
5 0.16552734375 0.732421875 0.09375 0.021484375
5 0.59521484375 0.35595703125 0.080078125 0.02490234375
5 0.60888671875 0.6640625 0.1474609375 0.02490234375
5 0.583984375 0.69677734375 0.09765625 0.02001953125
1 0.521484375 0.666015625 0.01513671875 0.021484375
1 0.52294921875 0.70068359375 0.0185546875 0.0283203125
4 0.19140625 0.68017578125 0.15478515625 0.05322265625
4 0.28515625 0.58740234375 0.34228515625 0.0517578125
4 0.28515625 0.49560546875 0.33984375 0.0517578125
4 0.19189453125 0.40087890625 0.15625 0.04833984375
4 0.37744140625 0.40087890625 0.15771484375 0.0517578125
4 0.28369140625 0.7724609375 0.33984375 0.0517578125
2 0.37744140625 0.6806640625 0.15771484375 0.05517578125
0 0.71630859375 0.79833984375 0.41015625 0.103515625
3 0.90625 0.1708984375 0.04248046875 0.04833984375