1 0.09228515625 0.18896484375 0.0537109375 0.0361328125
2 0.49853515625 0.49853515625 0.9306640625 0.0615234375
2 0.50146484375 0.65234375 0.9267578125 0.064453125
5 0.291015625 0.15185546875 0.212890625 0.0322265625
5 0.23876953125 0.0693359375 0.1845703125 0.033203125
5 0.740234375 0.0712890625 0.244140625 0.0390625
5 0.20068359375 0.4365234375 0.3369140625 0.0390625
5 0.22802734375 0.5947265625 0.3837890625 0.029296875
5 0.26904296875 0.72900390625 0.4599609375 0.0400390625
5 0.19091796875 0.86865234375 0.3173828125 0.0322265625
4 0.50048828125 0.7939453125 0.9287109375 0.0625
4 0.29248046875 0.93359375 0.5185546875 0.0703125
3 0.9306640625 0.3486328125 0.0390625 0.03125