7 0.2060546875 0.26220703125 0.08984375 0.0615234375
7 0.814453125 0.35546875 0.138671875 0.087890625
7 0.20458984375 0.67919921875 0.1396484375 0.0966796875
7 0.51904296875 0.7939453125 0.1376953125 0.09375
7 0.82275390625 0.79296875 0.1357421875 0.091796875
7 0.205078125 0.33740234375 0.095703125 0.0634765625
7 0.51904296875 0.26123046875 0.0927734375 0.0615234375
7 0.51953125 0.337890625 0.08984375 0.0625
7 0.81494140625 0.240234375 0.1337890625 0.091796875
7 0.2041015625 0.794921875 0.142578125 0.09765625
7 0.51806640625 0.67822265625 0.1357421875 0.0927734375