5 0.49609375 0.05322265625 0.890625 0.05615234375
4 0.50048828125 0.1748046875 0.33056640625 0.1005859375
4 0.5 0.27294921875 0.3271484375 0.09228515625
5 0.49951171875 0.341796875 0.0859375 0.029296875
5 0.37353515625 0.39501953125 0.052734375 0.0263671875
5 0.50390625 0.39453125 0.08349609375 0.02783203125
5 0.63720703125 0.39697265625 0.06494140625 0.025390625
6 0.32080078125 0.39599609375 0.02490234375 0.03076171875
6 0.43603515625 0.39501953125 0.02685546875 0.0322265625
6 0.578125 0.39501953125 0.029296875 0.0322265625
2 0.5 0.478515625 0.150390625 0.09814453125
5 0.5 0.54833984375 0.07763671875 0.02783203125
5 0.482421875 0.6064453125 0.08251953125 0.0322265625
5 0.4794921875 0.68017578125 0.07666015625 0.0322265625
5 0.48828125 0.75390625 0.08935546875 0.03076171875
5 0.509765625 0.82666015625 0.1376953125 0.03076171875
0 0.50048828125 0.904296875 0.1328125 0.06591796875
1 0.41455078125 0.60546875 0.029296875 0.0361328125
1 0.4140625 0.67919921875 0.0283203125 0.0322265625
1 0.4140625 0.75244140625 0.0283203125 0.03076171875
1 0.4140625 0.8251953125 0.0283203125 0.03369140625