5 0.0771484375 0.1005859375 0.083984375 0.01416015625
5 0.09130859375 0.1669921875 0.10400390625 0.01123046875
5 0.119140625 0.35400390625 0.16748046875 0.01220703125
5 0.08056640625 0.4189453125 0.07958984375 0.01171875
5 0.54541015625 0.42041015625 0.07421875 0.01416015625
5 0.62451171875 0.4833984375 0.22705078125 0.01171875
5 0.125 0.48388671875 0.1796875 0.0107421875
5 0.14208984375 0.6083984375 0.119140625 0.01220703125
5 0.16357421875 0.58056640625 0.24853515625 0.01318359375
5 0.17919921875 0.677734375 0.17724609375 0.015625
5 0.14990234375 0.642578125 0.126953125 0.01318359375
5 0.14111328125 0.7177734375 0.201171875 0.01318359375
5 0.1494140625 0.8076171875 0.2255859375 0.01220703125
5 0.09130859375 0.87353515625 0.1123046875 0.009765625
5 0.6484375 0.80712890625 0.2705078125 0.01318359375
4 0.26416015625 0.9814453125 0.44482421875 0.03173828125
4 0.73583984375 0.98095703125 0.44482421875 0.03125
4 0.50146484375 0.939453125 0.9189453125 0.03076171875
4 0.50048828125 0.8994140625 0.92041015625 0.03076171875
4 0.26416015625 0.83447265625 0.447265625 0.03125
4 0.736328125 0.83447265625 0.44873046875 0.03125
4 0.26416015625 0.51123046875 0.447265625 0.03125
4 0.73779296875 0.51123046875 0.44580078125 0.03173828125
4 0.2646484375 0.44580078125 0.44580078125 0.0302734375
4 0.736328125 0.44580078125 0.44873046875 0.029296875
4 0.49853515625 0.38037109375 0.9189453125 0.03125
4 0.26416015625 0.31591796875 0.44482421875 0.03125
4 0.736328125 0.2744140625 0.443359375 0.03173828125
4 0.2646484375 0.2744140625 0.443359375 0.03076171875
4 0.2646484375 0.12841796875 0.44873046875 0.033203125
4 0.736328125 0.12841796875 0.44873046875 0.033203125
4 0.5 0.193359375 0.9189453125 0.03125
4 0.50146484375 0.23388671875 0.916015625 0.03173828125
2 0.73583984375 0.3154296875 0.447265625 0.03173828125
6 0.05810546875 0.609375 0.03515625 0.015625
6 0.0576171875 0.6435546875 0.03662109375 0.013671875
6 0.05810546875 0.6787109375 0.03759765625 0.01513671875