0 0.5166015625 0.7421875 0.06396484375 0.0341796875
0 0.58935546875 0.74365234375 0.0634765625 0.03466796875
0 0.51953125 0.45849609375 0.0966796875 0.03173828125
3 0.67529296875 0.11669921875 0.0107421875 0.01513671875
3 0.67626953125 0.19775390625 0.01171875 0.0234375
3 0.67626953125 0.27685546875 0.009765625 0.02099609375
3 0.67578125 0.5849609375 0.0087890625 0.0224609375
3 0.67578125 0.66357421875 0.0107421875 0.02001953125
3 0.69775390625 0.583984375 0.01416015625 0.01123046875
3 0.69775390625 0.6650390625 0.01416015625 0.01318359375
3 0.6982421875 0.1171875 0.01416015625 0.01318359375
3 0.6982421875 0.19873046875 0.01416015625 0.01123046875
3 0.69775390625 0.2783203125 0.01416015625 0.01171875
3 0.734375 0.0625 0.00830078125 0.01806640625
3 0.7734375 0.0625 0.0087890625 0.02099609375
3 0.81103515625 0.06298828125 0.0107421875 0.01806640625
3 0.8671875 0.0625 0.0087890625 0.0166015625
3 0.90234375 0.06103515625 0.009765625 0.02099609375
3 0.96435546875 0.06298828125 0.01123046875 0.02001953125
5 0.97998046875 0.0625 0.0146484375 0.01513671875
5 0.751953125 0.0625 0.0205078125 0.0166015625
5 0.7900390625 0.06396484375 0.0166015625 0.01513671875
5 0.83642578125 0.0625 0.03662109375 0.013671875
5 0.8828125 0.0625 0.0166015625 0.0166015625
5 0.93212890625 0.06201171875 0.04345703125 0.013671875
5 0.03173828125 0.10302734375 0.0224609375 0.017578125
5 0.03857421875 0.142578125 0.0361328125 0.0146484375
0 0.05126953125 0.1796875 0.1025390625 0.0390625
0 0.0517578125 0.29638671875 0.103515625 0.0400390625
5 0.03271484375 0.2197265625 0.0234375 0.017578125
5 0.0390625 0.259765625 0.03564453125 0.01953125
2 0.06005859375 0.3359375 0.0810546875 0.01806640625
2 0.06005859375 0.37451171875 0.07763671875 0.017578125
2 0.060546875 0.4130859375 0.07763671875 0.013671875
5 0.046875 0.4541015625 0.052734375 0.01513671875
5 0.037109375 0.4931640625 0.03173828125 0.01513671875
5 0.03173828125 0.53173828125 0.0205078125 0.017578125
3 0.0126953125 0.53173828125 0.01220703125 0.0185546875
3 0.0126953125 0.4931640625 0.0107421875 0.021484375
3 0.0126953125 0.45263671875 0.0107421875 0.02099609375
3 0.01171875 0.4150390625 0.01220703125 0.02001953125
3 0.01171875 0.37548828125 0.01220703125 0.02099609375
3 0.0126953125 0.3369140625 0.0107421875 0.0166015625
3 0.01318359375 0.259765625 0.01123046875 0.01806640625
3 0.01171875 0.21923828125 0.0107421875 0.01953125
3 0.0126953125 0.14208984375 0.0107421875 0.017578125
3 0.0126953125 0.10205078125 0.00927734375 0.01806640625
3 0.125 0.06298828125 0.01220703125 0.01953125
3 0.01171875 0.0634765625 0.01123046875 0.017578125
3 0.01123046875 0.021484375 0.01220703125 0.02099609375
4 0.44970703125 0.021484375 0.244140625 0.029296875