4 0.66162109375 0.64697265625 0.08203125 0.03857421875
4 0.74951171875 0.64599609375 0.08203125 0.03857421875
4 0.6611328125 0.71826171875 0.08203125 0.03759765625
4 0.74951171875 0.7197265625 0.08203125 0.03759765625
4 0.66162109375 0.791015625 0.08203125 0.03857421875
4 0.74951171875 0.79150390625 0.08203125 0.03759765625
4 0.6611328125 0.86376953125 0.08251953125 0.03759765625
4 0.74951171875 0.86328125 0.08203125 0.03857421875
0 0.68359375 0.5029296875 0.0673828125 0.025390625
0 0.7568359375 0.50244140625 0.06884765625 0.0263671875
0 0.75830078125 0.546875 0.06884765625 0.025390625
0 0.7216796875 0.5859375 0.13916015625 0.0234375
1 0.6591796875 0.287109375 0.00830078125 0.015625
1 0.69189453125 0.28759765625 0.00732421875 0.0146484375
7 0.72509765625 0.287109375 0.013671875 0.015625
7 0.75146484375 0.28662109375 0.01513671875 0.0166015625
0 0.54541015625 0.14306640625 0.04052734375 0.02197265625
0 0.54541015625 0.17578125 0.04443359375 0.0234375
0 0.412109375 0.17138671875 0.13427734375 0.0341796875
3 0.64013671875 0.94921875 0.00927734375 0.017578125
0 0.40869140625 0.8701171875 0.12744140625 0.0751953125
0 0.4453125 0.78369140625 0.037109375 0.0263671875
0 0.59912109375 0.58447265625 0.025390625 0.02880859375
5 0.435546875 0.5810546875 0.02197265625 0.01318359375
5 0.46044921875 0.5791015625 0.009765625 0.01220703125
5 0.56884765625 0.58447265625 0.0205078125 0.01123046875
5 0.41259765625 0.78369140625 0.01953125 0.015625
5 0.591796875 0.14306640625 0.0068359375 0.015625
5 0.666015625 0.07080078125 0.009765625 0.015625
5 0.76708984375 0.0712890625 0.00927734375 0.01904296875
5 0.7861328125 0.07080078125 0.009765625 0.017578125
5 0.80517578125 0.0703125 0.0087890625 0.0166015625
5 0.69384765625 0.14306640625 0.00927734375 0.02001953125
5 0.712890625 0.14404296875 0.0107421875 0.017578125
5 0.7314453125 0.14306640625 0.0048828125 0.015625
1 0.955078125 0.04345703125 0.00732421875 0.01318359375
3 0.8310546875 0.93212890625 0.00732421875 0.017578125
3 0.861328125 0.93310546875 0.0107421875 0.01904296875
3 0.82763671875 0.86328125 0.00927734375 0.01220703125
3 0.93359375 0.8623046875 0.00927734375 0.015625
3 0.890625 0.93310546875 0.0087890625 0.0166015625
3 0.92041015625 0.93212890625 0.009765625 0.017578125
3 0.951171875 0.93212890625 0.00927734375 0.017578125
5 0.83154296875 0.95361328125 0.01953125 0.01123046875
5 0.86083984375 0.9541015625 0.00830078125 0.009765625
5 0.890625 0.95361328125 0.01513671875 0.01123046875
5 0.92041015625 0.953125 0.015625 0.009765625
5 0.9501953125 0.95361328125 0.01953125 0.01123046875
5 0.59716796875 0.17236328125 0.02294921875 0.0234375
5 0.5185546875 0.65478515625 0.01953125 0.01220703125
5 0.51806640625 0.68701171875 0.0185546875 0.0146484375
5 0.51806640625 0.72119140625 0.02001953125 0.0146484375
5 0.5185546875 0.75390625 0.01953125 0.015625
5 0.51806640625 0.787109375 0.021484375 0.015625
5 0.51904296875 0.82080078125 0.0205078125 0.0166015625
5 0.517578125 0.853515625 0.0205078125 0.01318359375
5 0.51806640625 0.8876953125 0.02001953125 0.0166015625
3 0.498046875 0.6552734375 0.0087890625 0.01318359375
3 0.49755859375 0.68896484375 0.0087890625 0.0146484375
3 0.49853515625 0.72216796875 0.0087890625 0.0166015625
3 0.498046875 0.75439453125 0.0068359375 0.0166015625
3 0.498046875 0.7880859375 0.00732421875 0.015625
3 0.498046875 0.82080078125 0.0107421875 0.0166015625
3 0.498046875 0.85498046875 0.00927734375 0.015625
3 0.49853515625 0.88671875 0.00830078125 0.01123046875
0 0.76953125 0.39404296875 0.0400390625 0.025390625
0 0.76904296875 0.431640625 0.03955078125 0.0234375
5 0.44384765625 0.10595703125 0.01953125 0.0146484375
5 0.4716796875 0.10546875 0.02294921875 0.01318359375
5 0.8642578125 0.04052734375 0.03369140625 0.0166015625
3 0.8388671875 0.0439453125 0.0087890625 0.0146484375
3 0.736328125 0.0439453125 0.0107421875 0.0146484375
5 0.70556640625 0.94775390625 0.03271484375 0.0244140625
5 0.88037109375 0.86181640625 0.05078125 0.01904296875