5 0.1259765625 0.390625 0.06396484375 0.0380859375
5 0.14306640625 0.580078125 0.10400390625 0.04150390625
5 0.759765625 0.24072265625 0.0380859375 0.02294921875
5 0.771484375 0.337890625 0.06689453125 0.02734375
4 0.3203125 0.46923828125 0.44677734375 0.09765625
4 0.3212890625 0.65380859375 0.451171875 0.1025390625
4 0.857421875 0.28076171875 0.23486328125 0.0537109375
4 0.85693359375 0.380859375 0.23388671875 0.05517578125
0 0.7666015625 0.4541015625 0.05078125 0.0458984375
3 0.060546875 0.119140625 0.02685546875 0.03369140625
3 0.10205078125 0.11865234375 0.02783203125 0.03515625
3 0.14501953125 0.11767578125 0.02783203125 0.03662109375
3 0.18896484375 0.119140625 0.02392578125 0.03662109375
3 0.22412109375 0.11865234375 0.02197265625 0.03515625
3 0.52880859375 0.119140625 0.02587890625 0.03955078125
3 0.4833984375 0.119140625 0.02880859375 0.021484375
3 0.58154296875 0.12158203125 0.02294921875 0.04150390625
3 0.4326171875 0.04736328125 0.01513671875 0.0244140625
3 0.47412109375 0.05029296875 0.02783203125 0.03662109375