3 0.34033203125 0.06103515625 0.0263671875 0.0341796875
3 0.39208984375 0.06396484375 0.02783203125 0.02783203125
0 0.53466796875 0.7568359375 0.12841796875 0.06591796875
0 0.22216796875 0.5859375 0.18115234375 0.06005859375
3 0.63134765625 0.759765625 0.04931640625 0.06396484375
3 0.69091796875 0.76220703125 0.04931640625 0.06005859375
3 0.75 0.76220703125 0.052734375 0.06005859375
3 0.80908203125 0.759765625 0.04931640625 0.0517578125
3 0.86669921875 0.76220703125 0.052734375 0.06396484375
4 0.65625 0.30908203125 0.365234375 0.07421875
4 0.6552734375 0.42578125 0.36328125 0.076171875
4 0.65625 0.541015625 0.365234375 0.07421875
4 0.65625 0.66015625 0.36181640625 0.076171875
4 0.6552734375 0.884765625 0.36669921875 0.078125