5 0.27099609375 0.34912109375 0.04931640625 0.0224609375
5 0.26953125 0.4482421875 0.04931640625 0.0234375
5 0.2607421875 0.5498046875 0.03076171875 0.02001953125
5 0.283203125 0.65087890625 0.0751953125 0.02001953125
5 0.26708984375 0.74853515625 0.04296875 0.01904296875
5 0.56005859375 0.3876953125 0.05126953125 0.0224609375
5 0.5595703125 0.4873046875 0.0517578125 0.025390625
5 0.55029296875 0.65673828125 0.03076171875 0.017578125
5 0.57373046875 0.75634765625 0.0751953125 0.025390625
5 0.5576171875 0.85595703125 0.0419921875 0.0234375
4 0.3564453125 0.4951171875 0.21240234375 0.05224609375
4 0.35498046875 0.59521484375 0.21484375 0.05908203125
4 0.35546875 0.6943359375 0.21435546875 0.0556640625
4 0.35546875 0.79150390625 0.212890625 0.056640625
4 0.64599609375 0.435546875 0.212890625 0.0576171875
4 0.64453125 0.533203125 0.212890625 0.0556640625
4 0.64453125 0.70166015625 0.21435546875 0.06103515625
4 0.64453125 0.80126953125 0.21435546875 0.0576171875
4 0.64501953125 0.90087890625 0.21240234375 0.0556640625
4 0.35498046875 0.3935546875 0.21484375 0.05322265625