5 0.2509765625 0.0400390625 0.4658203125 0.0263671875
5 0.15478515625 0.1220703125 0.21484375 0.01416015625
5 0.13671875 0.14892578125 0.15966796875 0.01416015625
5 0.0830078125 0.22021484375 0.06103515625 0.01416015625
5 0.1142578125 0.29248046875 0.12060546875 0.013671875
5 0.1455078125 0.318359375 0.11083984375 0.013671875
5 0.20263671875 0.34423828125 0.224609375 0.01171875
5 0.13916015625 0.3994140625 0.181640625 0.0126953125
5 0.20263671875 0.42724609375 0.2216796875 0.01416015625
5 0.146484375 0.453125 0.12060546875 0.01513671875
5 0.15625 0.529296875 0.2041015625 0.01513671875
5 0.126953125 0.55859375 0.1484375 0.013671875
5 0.37451171875 0.5595703125 0.1748046875 0.01171875
5 0.11376953125 0.6259765625 0.119140625 0.01123046875
5 0.1552734375 0.7802734375 0.20263671875 0.013671875
5 0.287109375 0.80712890625 0.47412109375 0.01123046875
5 0.16064453125 0.8359375 0.0556640625 0.01171875
5 0.1826171875 0.8671875 0.10400390625 0.013671875
0 0.12548828125 0.9482421875 0.20654296875 0.02734375
0 0.35498046875 0.9482421875 0.23583984375 0.025390625
4 0.2783203125 0.1708984375 0.4423828125 0.02490234375
2 0.22265625 0.24169921875 0.33154296875 0.02392578125
1 0.0673828125 0.318359375 0.0234375 0.013671875
1 0.06787109375 0.3447265625 0.02490234375 0.013671875
6 0.0673828125 0.42626953125 0.0263671875 0.01513671875
6 0.06884765625 0.4521484375 0.0263671875 0.01416015625
4 0.1650390625 0.58056640625 0.2216796875 0.025390625
4 0.455078125 0.58056640625 0.3271484375 0.025390625
7 0.08740234375 0.8359375 0.0693359375 0.01904296875
7 0.08935546875 0.8681640625 0.07373046875 0.02001953125