6 0.58154296875 0.2431640625 0.0283203125 0.0703125
6 0.58251953125 0.34619140625 0.0263671875 0.0615234375
6 0.58251953125 0.6708984375 0.0244140625 0.05859375
6 0.6650390625 0.6708984375 0.02734375 0.060546875
6 0.767578125 0.669921875 0.025390625 0.064453125
5 0.6474609375 0.23876953125 0.09375 0.0498046875
5 0.640625 0.34716796875 0.078125 0.0517578125
5 0.62353515625 0.67333984375 0.0478515625 0.0517578125
5 0.71533203125 0.671875 0.0615234375 0.046875
5 0.81494140625 0.67138671875 0.0556640625 0.0478515625
0 0.61279296875 0.833984375 0.0849609375 0.123046875