5 0.4560546875 0.05029296875 0.0341796875 0.02197265625
5 0.63623046875 0.048828125 0.0322265625 0.01953125
1 0.447265625 0.17236328125 0.009765625 0.0146484375
1 0.44677734375 0.20458984375 0.00927734375 0.01611328125
1 0.44580078125 0.234375 0.00927734375 0.01708984375
5 0.4677734375 0.34423828125 0.05712890625 0.01953125
2 0.833984375 0.8974609375 0.115234375 0.03173828125
3 0.51171875 0.466796875 0.009765625 0.02099609375
3 0.93505859375 0.7001953125 0.01220703125 0.0185546875
3 0.9072265625 0.70068359375 0.01611328125 0.01953125
3 0.90673828125 0.8955078125 0.0146484375 0.0234375
3 0.93505859375 0.89697265625 0.01220703125 0.0185546875
3 0.51806640625 0.6318359375 0.0146484375 0.02587890625
3 0.48095703125 0.05029296875 0.0107421875 0.01708984375
3 0.5029296875 0.34716796875 0.0107421875 0.02099609375
5 0.4775390625 0.466796875 0.0478515625 0.01611328125
5 0.47998046875 0.63232421875 0.05322265625 0.02197265625
4 0.52978515625 0.70263671875 0.1494140625 0.03564453125
1 0.650390625 0.7021484375 0.00927734375 0.01953125
1 0.7314453125 0.7021484375 0.009765625 0.01708984375
1 0.64990234375 0.89697265625 0.009765625 0.01611328125
1 0.73193359375 0.89599609375 0.009765625 0.01708984375
5 0.5078125 0.17138671875 0.10302734375 0.0185546875
5 0.53125 0.20458984375 0.15234375 0.0185546875
5 0.52880859375 0.2333984375 0.1494140625 0.01953125
4 0.5126953125 0.3828125 0.1396484375 0.03076171875