1 0.94287109375 0.3076171875 0.04638671875 0.03173828125
1 0.94287109375 0.3818359375 0.05517578125 0.03173828125
1 0.94287109375 0.45751953125 0.04638671875 0.029296875
2 0.6142578125 0.5625 0.77099609375 0.10595703125
2 0.6123046875 0.669921875 0.775390625 0.10888671875
2 0.6123046875 0.7783203125 0.775390625 0.10888671875
2 0.6123046875 0.8671875 0.775390625 0.06884765625
5 0.45556640625 0.3115234375 0.224609375 0.03466796875
5 0.44482421875 0.384765625 0.2119140625 0.037109375
5 0.47021484375 0.458984375 0.27099609375 0.03173828125
3 0.29248046875 0.30517578125 0.05078125 0.04248046875
3 0.2900390625 0.3857421875 0.072265625 0.03466796875
3 0.29248046875 0.458984375 0.06787109375 0.04248046875
0 0.873046875 0.9521484375 0.20361328125 0.05859375
5 0.6611328125 0.95361328125 0.1103515625 0.02392578125
3 0.94091796875 0.21630859375 0.04248046875 0.02392578125
5 0.32421875 0.21630859375 0.1396484375 0.029296875
1 0.2861328125 0.12353515625 0.04638671875 0.03466796875