6 0.03759765625 0.23876953125 0.0537109375 0.0810546875
6 0.03857421875 0.46337890625 0.0537109375 0.0791015625
6 0.03662109375 0.693359375 0.0458984375 0.076171875
6 0.03857421875 0.91845703125 0.0458984375 0.0751953125
4 0.5078125 0.24267578125 0.69140625 0.1337890625
4 0.505859375 0.46728515625 0.693359375 0.1318359375
4 0.5068359375 0.69775390625 0.693359375 0.1376953125
4 0.505859375 0.92236328125 0.697265625 0.1396484375
5 0.08203125 0.09912109375 0.138671875 0.0556640625
3 0.11083984375 0.236328125 0.0517578125 0.076171875
3 0.1103515625 0.46337890625 0.0625 0.0791015625
3 0.1123046875 0.6953125 0.056640625 0.076171875
3 0.1123046875 0.919921875 0.0546875 0.07421875
3 0.90087890625 0.23779296875 0.0458984375 0.0654296875
3 0.962890625 0.24169921875 0.048828125 0.0673828125
3 0.8974609375 0.46875 0.04296875 0.056640625
3 0.96044921875 0.4697265625 0.0439453125 0.0625
3 0.896484375 0.69482421875 0.037109375 0.0634765625
3 0.95947265625 0.69384765625 0.0419921875 0.0654296875
3 0.89990234375 0.92236328125 0.0478515625 0.0732421875
3 0.9619140625 0.92138671875 0.048828125 0.0673828125