5 0.67578125 0.27197265625 0.2177734375 0.0380859375
5 0.587890625 0.41455078125 0.0517578125 0.0126953125
5 0.583984375 0.5029296875 0.03955078125 0.025390625
5 0.591796875 0.591796875 0.04931640625 0.025390625
5 0.6064453125 0.68359375 0.0791015625 0.025390625
0 0.62890625 0.3369140625 0.11865234375 0.0537109375
0 0.7587890625 0.33837890625 0.1162109375 0.05712890625
0 0.69287109375 0.79248046875 0.24755859375 0.0537109375
4 0.6953125 0.45751953125 0.24755859375 0.0537109375
4 0.6953125 0.54736328125 0.25244140625 0.05712890625
4 0.6953125 0.6376953125 0.24755859375 0.0537109375
4 0.6943359375 0.724609375 0.2451171875 0.05078125