0 0.240234375 0.69873046875 0.36474609375 0.0517578125
0 0.76025390625 0.70068359375 0.36572265625 0.0517578125
1 0.58935546875 0.61181640625 0.0185546875 0.02587890625
1 0.07080078125 0.61181640625 0.02001953125 0.02587890625
5 0.10693359375 0.30322265625 0.1005859375 0.02587890625
5 0.0888671875 0.39453125 0.06103515625 0.02783203125
5 0.10498046875 0.4873046875 0.0966796875 0.02392578125
5 0.626953125 0.30224609375 0.10205078125 0.02392578125
5 0.60546875 0.39453125 0.056640625 0.02392578125
5 0.62353515625 0.4873046875 0.1005859375 0.02783203125
4 0.23876953125 0.3427734375 0.35302734375 0.0498046875
4 0.23828125 0.4345703125 0.3544921875 0.0478515625
4 0.240234375 0.52783203125 0.35302734375 0.0498046875
4 0.75732421875 0.341796875 0.357421875 0.0478515625
4 0.75732421875 0.4345703125 0.3544921875 0.04443359375
4 0.7568359375 0.52490234375 0.35302734375 0.0478515625
5 0.18603515625 0.61083984375 0.2099609375 0.02783203125
5 0.70263671875 0.61083984375 0.20849609375 0.0205078125