4 0.40673828125 0.306640625 0.17578125 0.05126953125
4 0.59228515625 0.30615234375 0.173828125 0.05615234375
4 0.4990234375 0.376953125 0.36083984375 0.05615234375
4 0.49951171875 0.447265625 0.35986328125 0.05712890625
2 0.37548828125 0.54638671875 0.1162109375 0.05517578125
2 0.49853515625 0.546875 0.11474609375 0.05224609375
2 0.62353515625 0.54638671875 0.111328125 0.05126953125
5 0.34814453125 0.505859375 0.0615234375 0.02587890625
5 0.34423828125 0.599609375 0.05810546875 0.02197265625
0 0.50048828125 0.81982421875 0.17919921875 0.05224609375
6 0.41748046875 0.64111328125 0.01806640625 0.0283203125
6 0.5341796875 0.6416015625 0.021484375 0.029296875
6 0.66357421875 0.64404296875 0.02001953125 0.03662109375
5 0.5927734375 0.6416015625 0.05712890625 0.029296875
5 0.47314453125 0.64013671875 0.037109375 0.0322265625
5 0.3525390625 0.640625 0.05126953125 0.029296875