7 0.451171875 0.38671875 0.02734375 0.02001953125
7 0.45263671875 0.41162109375 0.02490234375 0.0234375
7 0.4501953125 0.43994140625 0.02978515625 0.02685546875
7 0.45263671875 0.490234375 0.02978515625 0.02001953125
7 0.4501953125 0.51513671875 0.02490234375 0.0234375
7 0.451171875 0.54833984375 0.02734375 0.0234375
7 0.4501953125 0.58984375 0.02978515625 0.02001953125
7 0.4501953125 0.6201171875 0.02978515625 0.02685546875
7 0.4501953125 0.65185546875 0.02978515625 0.0234375
7 0.451171875 0.6982421875 0.02734375 0.0234375
7 0.451171875 0.72998046875 0.02734375 0.02001953125
7 0.45263671875 0.7548828125 0.02978515625 0.0234375
7 0.7685546875 0.5234375 0.0224609375 0.02685546875
7 0.767578125 0.54833984375 0.02490234375 0.0234375
7 0.76611328125 0.5732421875 0.0224609375 0.02001953125
7 0.7685546875 0.671875 0.0224609375 0.0166015625
7 0.76611328125 0.693359375 0.0224609375 0.02001953125
7 0.7685546875 0.72314453125 0.02734375 0.02001953125
7 0.76611328125 0.81982421875 0.0224609375 0.02001953125
7 0.76513671875 0.841796875 0.02490234375 0.0234375
7 0.767578125 0.8681640625 0.02490234375 0.0234375
7 0.76611328125 0.966796875 0.0224609375 0.02001953125
7 0.76708984375 0.98974609375 0.0244140625 0.0205078125
0 0.4599609375 0.89990234375 0.06982421875 0.0400390625
4 0.3388671875 0.89990234375 0.16748046875 0.0400390625
0 0.68994140625 0.13671875 0.08984375 0.033203125
3 0.75390625 0.13818359375 0.017578125 0.0234375
3 0.77734375 0.13671875 0.01513671875 0.02685546875
3 0.9326171875 0.24169921875 0.01513671875 0.0234375
2 0.8486328125 0.341796875 0.1826171875 0.02978515625