4 0.33203125 0.74658203125 0.32080078125 0.07373046875
4 0.29638671875 0.62109375 0.251953125 0.07763671875
4 0.2958984375 0.4970703125 0.25048828125 0.07763671875
0 0.33203125 0.896484375 0.20556640625 0.07763671875
5 0.7294921875 0.4140625 0.09521484375 0.04443359375
5 0.7353515625 0.48876953125 0.1103515625 0.02392578125
5 0.78076171875 0.53955078125 0.20068359375 0.02587890625
0 0.85400390625 0.412109375 0.06396484375 0.0556640625
3 0.6572265625 0.40966796875 0.021484375 0.04638671875
3 0.65869140625 0.49072265625 0.02880859375 0.03857421875
3 0.65869140625 0.54052734375 0.0263671875 0.02783203125