5 0.48291015625 0.25146484375 0.29931640625 0.06005859375
5 0.47900390625 0.45458984375 0.12744140625 0.0390625
5 0.21337890625 0.70556640625 0.04150390625 0.02587890625
5 0.55712890625 0.77490234375 0.02587890625 0.02880859375
5 0.732421875 0.77587890625 0.03515625 0.02099609375
5 0.642578125 0.77490234375 0.06640625 0.02880859375
5 0.22998046875 0.77490234375 0.04296875 0.03369140625
0 0.73046875 0.83203125 0.09912109375 0.04931640625
0 0.73046875 0.88525390625 0.1015625 0.05224609375
5 0.263671875 0.83203125 0.07666015625 0.01806640625
5 0.26953125 0.88671875 0.08837890625 0.03369140625
4 0.55615234375 0.83203125 0.10693359375 0.04931640625
4 0.556640625 0.88671875 0.10546875 0.0546875
3 0.48486328125 0.83056640625 0.01953125 0.03662109375
3 0.48486328125 0.88525390625 0.01708984375 0.03662109375
3 0.64404296875 0.83203125 0.02197265625 0.0390625
3 0.64404296875 0.88525390625 0.02197265625 0.046875