0 0.4453125 0.7998046875 0.12939453125 0.0517578125
0 0.73779296875 0.8017578125 0.12158203125 0.0517578125
5 0.12353515625 0.11767578125 0.10791015625 0.0283203125
5 0.1435546875 0.34765625 0.1533203125 0.0302734375
5 0.111328125 0.2919921875 0.0947265625 0.02490234375
5 0.1416015625 0.23486328125 0.14404296875 0.02490234375
5 0.09619140625 0.177734375 0.05322265625 0.021484375
3 0.2744140625 0.17529296875 0.017578125 0.02294921875
3 0.2744140625 0.23291015625 0.017578125 0.021484375
3 0.27587890625 0.291015625 0.017578125 0.0302734375
3 0.04736328125 0.2900390625 0.02001953125 0.0283203125
3 0.046875 0.349609375 0.0185546875 0.0302734375
3 0.046875 0.23486328125 0.021484375 0.02490234375
3 0.046875 0.17236328125 0.02392578125 0.0283203125
3 0.046875 0.119140625 0.0185546875 0.0283203125
0 0.177734375 0.79541015625 0.22705078125 0.04248046875
3 0.27294921875 0.34716796875 0.017578125 0.021484375