0 0.92333984375 0.18798828125 0.119140625 0.052734375
0 0.40576171875 0.4931640625 0.1337890625 0.0537109375
3 0.93603515625 0.041015625 0.01513671875 0.025390625
3 0.896484375 0.04052734375 0.01318359375 0.0263671875
3 0.2197265625 0.04150390625 0.01953125 0.02978515625
5 0.08154296875 0.0537109375 0.0595703125 0.05810546875
5 0.0693359375 0.18798828125 0.04833984375 0.02001953125
5 0.0703125 0.134765625 0.04736328125 0.01904296875
5 0.07763671875 0.23828125 0.064453125 0.01806640625
5 0.06396484375 0.291015625 0.03662109375 0.01806640625
5 0.06787109375 0.34033203125 0.0400390625 0.01708984375
5 0.0732421875 0.4443359375 0.0546875 0.0166015625
5 0.068359375 0.5009765625 0.04248046875 0.0166015625
5 0.06396484375 0.55615234375 0.03271484375 0.01708984375
5 0.06640625 0.61181640625 0.0400390625 0.0166015625
5 0.06787109375 0.669921875 0.04443359375 0.01806640625
5 0.0693359375 0.72314453125 0.04443359375 0.01904296875
5 0.07568359375 0.7802734375 0.05810546875 0.02099609375
5 0.0771484375 0.83349609375 0.06103515625 0.0166015625
5 0.05712890625 0.8916015625 0.02294921875 0.01806640625
5 0.07763671875 0.9462890625 0.0615234375 0.02001953125
3 0.029296875 0.9462890625 0.01318359375 0.0234375
3 0.02880859375 0.89013671875 0.01318359375 0.0234375
3 0.029296875 0.833984375 0.013671875 0.0244140625
3 0.02880859375 0.779296875 0.01220703125 0.025390625
3 0.02880859375 0.72314453125 0.01318359375 0.02099609375
3 0.02880859375 0.66748046875 0.01416015625 0.02001953125
3 0.02880859375 0.6123046875 0.01318359375 0.02099609375
3 0.029296875 0.55517578125 0.013671875 0.0283203125
3 0.02880859375 0.5009765625 0.013671875 0.025390625
3 0.029296875 0.4453125 0.013671875 0.02734375
3 0.029296875 0.3388671875 0.01318359375 0.025390625
5 0.0400390625 0.3955078125 0.04833984375 0.0166015625
3 0.029296875 0.28955078125 0.01416015625 0.0263671875
3 0.029296875 0.23681640625 0.0126953125 0.0244140625
3 0.029296875 0.18701171875 0.013671875 0.02294921875
3 0.029296875 0.13671875 0.0126953125 0.0263671875
3 0.166015625 0.05615234375 0.01416015625 0.02734375