3 0.02587890625 0.04736328125 0.03076171875 0.06201171875
5 0.09423828125 0.04931640625 0.0986328125 0.06201171875
0 0.5 0.609375 0.240234375 0.0966796875
0 0.50048828125 0.7197265625 0.23876953125 0.0966796875
0 0.49951171875 0.86572265625 0.24365234375 0.08984375
5 0.4775390625 0.04248046875 0.06591796875 0.0390625
5 0.56494140625 0.04150390625 0.04931640625 0.03662109375
5 0.64599609375 0.04150390625 0.05419921875 0.03662109375
5 0.72998046875 0.04248046875 0.052734375 0.03466796875
5 0.39306640625 0.04345703125 0.06591796875 0.03662109375
5 0.8076171875 0.04345703125 0.04833984375 0.0322265625
5 0.87255859375 0.04345703125 0.04345703125 0.03662109375
5 0.93701171875 0.04150390625 0.052734375 0.0322265625
3 0.51611328125 0.0400390625 0.01318359375 0.0205078125
3 0.5947265625 0.04150390625 0.0107421875 0.0185546875
3 0.6806640625 0.04248046875 0.0107421875 0.0205078125
3 0.76318359375 0.0400390625 0.0107421875 0.0205078125