5 0.1669921875 0.25830078125 0.0751953125 0.033203125
5 0.34912109375 0.2578125 0.0732421875 0.03759765625
5 0.53369140625 0.2548828125 0.02978515625 0.03173828125
5 0.5244140625 0.55712890625 0.0888671875 0.0361328125
5 0.3447265625 0.56298828125 0.1376953125 0.03759765625
5 0.34716796875 0.38525390625 0.07421875 0.0400390625
5 0.1708984375 0.38330078125 0.0390625 0.02783203125
5 0.16357421875 0.56298828125 0.12109375 0.03173828125
5 0.14599609375 0.72314453125 0.12646484375 0.03466796875
0 0.353515625 0.86328125 0.55712890625 0.05126953125
4 0.1669921875 0.32080078125 0.14208984375 0.04150390625
4 0.3486328125 0.3203125 0.14208984375 0.0400390625
1 0.091796875 0.76611328125 0.0166015625 0.0263671875
1 0.1025390625 0.62353515625 0.0146484375 0.0224609375
2 0.34814453125 0.4462890625 0.1630859375 0.0400390625
2 0.53466796875 0.3203125 0.16162109375 0.04296875
5 0.2099609375 0.767578125 0.2109375 0.03173828125
5 0.1787109375 0.62451171875 0.1259765625 0.03466796875
2 0.34375 0.62646484375 0.15478515625 0.0390625
2 0.5205078125 0.62548828125 0.15234375 0.0400390625
2 0.16748046875 0.44580078125 0.15380859375 0.0390625
3 0.625 0.142578125 0.015625 0.0263671875
3 0.5185546875 0.14111328125 0.0166015625 0.0126953125
1 0.57177734375 0.14013671875 0.0126953125 0.02490234375