7 0.400390625 0.1796875 0.072265625 0.087890625
7 0.40087890625 0.35009765625 0.0732421875 0.1025390625
7 0.400390625 0.521484375 0.072265625 0.09765625
7 0.40234375 0.68603515625 0.068359375 0.1005859375
7 0.91064453125 0.17919921875 0.0751953125 0.0927734375
7 0.91259765625 0.349609375 0.0654296875 0.087890625
7 0.9072265625 0.51953125 0.072265625 0.1015625
7 0.91015625 0.6904296875 0.068359375 0.083984375
5 0.154296875 0.1767578125 0.23046875 0.0546875
5 0.18212890625 0.3515625 0.2529296875 0.05859375
5 0.16162109375 0.52099609375 0.2197265625 0.0595703125
5 0.15966796875 0.68603515625 0.2216796875 0.0576171875
5 0.669921875 0.17626953125 0.208984375 0.0517578125
5 0.69580078125 0.3466796875 0.2705078125 0.060546875
5 0.66455078125 0.5205078125 0.2138671875 0.05078125
5 0.66943359375 0.68505859375 0.2177734375 0.0556640625