6 0.06298828125 0.341796875 0.0478515625 0.083984375
6 0.06298828125 0.51513671875 0.0458984375 0.0693359375
6 0.06494140625 0.68994140625 0.0458984375 0.0771484375
6 0.064453125 0.865234375 0.046875 0.08203125
1 0.724609375 0.34326171875 0.046875 0.0693359375
1 0.7255859375 0.51904296875 0.048828125 0.0673828125
1 0.7255859375 0.69287109375 0.048828125 0.0673828125
1 0.72509765625 0.86767578125 0.0478515625 0.0673828125
5 0.171875 0.34228515625 0.1484375 0.0595703125
5 0.17333984375 0.51416015625 0.1513671875 0.0634765625
5 0.18408203125 0.68896484375 0.1728515625 0.0634765625
5 0.18603515625 0.8671875 0.1708984375 0.0625
5 0.8603515625 0.34326171875 0.19921875 0.0537109375
5 0.81591796875 0.51806640625 0.1220703125 0.0537109375
5 0.826171875 0.6923828125 0.142578125 0.048828125
5 0.8359375 0.869140625 0.16015625 0.064453125