6 0.59814453125 0.2890625 0.0322265625 0.0546875
6 0.599609375 0.3974609375 0.033203125 0.056640625
6 0.5986328125 0.50830078125 0.03125 0.0556640625
6 0.59814453125 0.6220703125 0.0341796875 0.05859375
6 0.59814453125 0.73193359375 0.0322265625 0.0556640625
5 0.703125 0.29150390625 0.162109375 0.0556640625
5 0.73193359375 0.39892578125 0.2216796875 0.0537109375
5 0.6875 0.62109375 0.125 0.05859375
5 0.6904296875 0.73095703125 0.1328125 0.0556640625
5 0.6962890625 0.51123046875 0.140625 0.0478515625
0 0.66455078125 0.87353515625 0.2216796875 0.1142578125
0 0.10546875 0.935546875 0.2109375 0.123046875