6 0.09912109375 0.26416015625 0.0400390625 0.0771484375
6 0.1005859375 0.39599609375 0.044921875 0.0751953125
6 0.09912109375 0.68408203125 0.0419921875 0.0732421875
6 0.59033203125 0.2626953125 0.0361328125 0.07421875
6 0.5888671875 0.39599609375 0.0390625 0.0712890625
6 0.58935546875 0.53369140625 0.0380859375 0.0732421875
5 0.18408203125 0.26171875 0.1201171875 0.046875
5 0.1708984375 0.6826171875 0.08984375 0.0546875
5 0.6728515625 0.259765625 0.1171875 0.044921875
5 0.65185546875 0.3955078125 0.0732421875 0.048828125
5 0.6611328125 0.5302734375 0.09765625 0.052734375