1 0.16552734375 0.5400390625 0.1240234375 0.04296875
1 0.1640625 0.8369140625 0.126953125 0.041015625
1 0.1640625 0.90625 0.125 0.041015625
2 0.49658203125 0.25537109375 0.7900390625 0.0458984375
2 0.57470703125 0.31982421875 0.6298828125 0.0400390625
2 0.63818359375 0.71728515625 0.5009765625 0.0439453125
4 0.49609375 0.42138671875 0.791015625 0.0419921875
0 0.501953125 0.13427734375 0.642578125 0.0771484375
5 0.17822265625 0.3779296875 0.1611328125 0.03515625
5 0.16552734375 0.3193359375 0.1357421875 0.033203125
5 0.18408203125 0.216796875 0.1611328125 0.0234375
5 0.44287109375 0.53955078125 0.3837890625 0.0263671875
5 0.29736328125 0.6025390625 0.3994140625 0.025390625
5 0.3076171875 0.6572265625 0.41796875 0.03125
5 0.234375 0.7158203125 0.265625 0.02734375
5 0.48876953125 0.8330078125 0.4833984375 0.03125
5 0.44140625 0.90673828125 0.388671875 0.0302734375
0 0.4970703125 0.962890625 0.884765625 0.04296875