5 0.0849609375 0.04248046875 0.072265625 0.03173828125
5 0.0849609375 0.1650390625 0.0673828125 0.02685546875
5 0.265625 0.04150390625 0.06103515625 0.033203125
5 0.26708984375 0.166015625 0.06396484375 0.0283203125
5 0.10107421875 0.34765625 0.1025390625 0.02490234375
5 0.28564453125 0.34814453125 0.10107421875 0.02685546875
5 0.45458984375 0.0458984375 0.06640625 0.02490234375
5 0.63427734375 0.0458984375 0.05859375 0.0283203125
5 0.82568359375 0.04345703125 0.06640625 0.02978515625
5 0.82421875 0.16357421875 0.06640625 0.02978515625
5 0.6337890625 0.1650390625 0.0576171875 0.02685546875
5 0.453125 0.16357421875 0.06640625 0.02978515625
5 0.84423828125 0.34912109375 0.1064453125 0.0283203125
5 0.65771484375 0.345703125 0.1025390625 0.0283203125
5 0.47119140625 0.345703125 0.1025390625 0.03173828125
5 0.84228515625 0.46826171875 0.10009765625 0.02978515625
5 0.84130859375 0.58935546875 0.1025390625 0.03173828125
5 0.65771484375 0.58837890625 0.10009765625 0.02978515625
5 0.65771484375 0.466796875 0.1025390625 0.02978515625
5 0.47119140625 0.46728515625 0.1025390625 0.03173828125
5 0.470703125 0.58837890625 0.10107421875 0.02685546875
5 0.28515625 0.58642578125 0.1025390625 0.033203125
5 0.2861328125 0.46826171875 0.10009765625 0.033203125
5 0.099609375 0.46728515625 0.0986328125 0.03173828125
5 0.099609375 0.58740234375 0.10107421875 0.0283203125
4 0.12939453125 0.0791015625 0.15380859375 0.03857421875
4 0.12939453125 0.20166015625 0.15380859375 0.03662109375
4 0.314453125 0.0791015625 0.15380859375 0.03173828125
4 0.31396484375 0.20068359375 0.15478515625 0.03515625
4 0.12890625 0.38330078125 0.15234375 0.033203125
4 0.12939453125 0.50439453125 0.15625 0.03515625
4 0.314453125 0.3818359375 0.15380859375 0.033203125
4 0.31494140625 0.50341796875 0.15478515625 0.033203125
4 0.1279296875 0.625 0.15380859375 0.03662109375
4 0.31396484375 0.625 0.15478515625 0.033203125
4 0.20458984375 0.8740234375 0.30859375 0.03173828125
5 0.09375 0.83642578125 0.08984375 0.02978515625
5 0.462890625 0.83642578125 0.09130859375 0.02685546875
5 0.6494140625 0.83251953125 0.09130859375 0.01513671875
5 0.62744140625 0.8701171875 0.04248046875 0.01318359375
5 0.8193359375 0.89501953125 0.06103515625 0.02685546875
4 0.82958984375 0.93017578125 0.07373046875 0.033203125
4 0.66748046875 0.919921875 0.12255859375 0.06689453125
4 0.482421875 0.87353515625 0.12255859375 0.03662109375
4 0.49951171875 0.080078125 0.15380859375 0.03662109375
4 0.5 0.2001953125 0.15478515625 0.033203125
4 0.68505859375 0.0791015625 0.15478515625 0.03515625
4 0.6845703125 0.20166015625 0.15380859375 0.033203125
4 0.87060546875 0.0791015625 0.15625 0.03515625
4 0.8701171875 0.1982421875 0.15234375 0.03662109375
4 0.869140625 0.38330078125 0.15380859375 0.033203125
4 0.8701171875 0.50439453125 0.15234375 0.03173828125
4 0.6845703125 0.625 0.15380859375 0.02978515625
4 0.68505859375 0.505859375 0.15478515625 0.03515625
4 0.68359375 0.38232421875 0.15478515625 0.03515625
4 0.8701171875 0.62255859375 0.15478515625 0.03515625
4 0.49853515625 0.38330078125 0.15478515625 0.033203125
4 0.5 0.5048828125 0.15478515625 0.033203125
4 0.50048828125 0.6240234375 0.15380859375 0.03173828125