1 0.05517578125 0.23193359375 0.0283203125 0.0439453125
1 0.0556640625 0.4423828125 0.029296875 0.048828125
1 0.2216796875 0.232421875 0.02734375 0.046875
1 0.05517578125 0.337890625 0.0302734375 0.048828125
1 0.19580078125 0.3359375 0.0283203125 0.046875
1 0.359375 0.33740234375 0.02734375 0.0439453125
1 0.22607421875 0.43994140625 0.0283203125 0.0478515625
1 0.35205078125 0.44140625 0.0283203125 0.05078125
1 0.05517578125 0.546875 0.0263671875 0.05078125
1 0.27490234375 0.548828125 0.0302734375 0.048828125
1 0.0556640625 0.654296875 0.02734375 0.046875
1 0.18408203125 0.6533203125 0.0302734375 0.048828125
1 0.3271484375 0.65283203125 0.03125 0.0478515625
1 0.0537109375 0.75830078125 0.02734375 0.0498046875
1 0.18310546875 0.75732421875 0.0263671875 0.0478515625
1 0.3232421875 0.7568359375 0.029296875 0.046875
1 0.0537109375 0.86376953125 0.029296875 0.0478515625
1 0.2119140625 0.86279296875 0.02734375 0.0458984375
1 0.36474609375 0.86376953125 0.0283203125 0.0498046875
1 0.53515625 0.39501953125 0.025390625 0.0361328125
1 0.78125 0.39404296875 0.021484375 0.0341796875
1 0.8740234375 0.392578125 0.021484375 0.037109375
1 0.53515625 0.4677734375 0.021484375 0.03515625
1 0.6630859375 0.46630859375 0.0234375 0.0322265625
1 0.7744140625 0.466796875 0.025390625 0.033203125
1 0.64892578125 0.392578125 0.0205078125 0.03515625
1 0.91357421875 0.466796875 0.0244140625 0.03515625
1 0.53466796875 0.54345703125 0.0205078125 0.0302734375
1 0.6875 0.54345703125 0.021484375 0.0302734375
1 0.80419921875 0.54296875 0.0205078125 0.033203125
1 0.8974609375 0.5439453125 0.01953125 0.033203125
1 0.53515625 0.6171875 0.0234375 0.037109375
1 0.61572265625 0.61669921875 0.0224609375 0.0361328125
1 0.70068359375 0.6171875 0.0224609375 0.03515625
1 0.8154296875 0.6171875 0.021484375 0.03515625
1 0.90771484375 0.619140625 0.0224609375 0.03515625
1 0.53515625 0.69287109375 0.021484375 0.0361328125
1 0.64892578125 0.69287109375 0.0224609375 0.0361328125
1 0.77685546875 0.6962890625 0.0224609375 0.0390625
1 0.90234375 0.6943359375 0.0234375 0.033203125