1 0.15478515625 0.29248046875 0.0458984375 0.0419921875
1 0.15478515625 0.3642578125 0.0439453125 0.041015625
0 0.67919921875 0.19775390625 0.1416015625 0.0517578125
0 0.830078125 0.1962890625 0.13671875 0.052734375
0 0.6796875 0.72314453125 0.142578125 0.0537109375
0 0.830078125 0.72314453125 0.138671875 0.0537109375
1 0.154296875 0.81298828125 0.041015625 0.0439453125
1 0.1552734375 0.88623046875 0.04296875 0.0380859375
1 0.1533203125 0.95751953125 0.044921875 0.0419921875
1 0.15478515625 0.4384765625 0.0419921875 0.0390625
1 0.15234375 0.5068359375 0.04296875 0.04296875
1 0.53662109375 0.29345703125 0.0439453125 0.0439453125
1 0.53564453125 0.36474609375 0.0419921875 0.0400390625
1 0.5361328125 0.43701171875 0.04296875 0.0400390625
5 0.2919921875 0.2919921875 0.185546875 0.03515625
5 0.3427734375 0.36376953125 0.27734375 0.0361328125
5 0.291015625 0.4365234375 0.185546875 0.033203125
5 0.23974609375 0.50732421875 0.0712890625 0.0458984375
5 0.6689453125 0.2900390625 0.173828125 0.033203125
5 0.693359375 0.361328125 0.22265625 0.0390625
5 0.609375 0.43603515625 0.05859375 0.0458984375
5 0.31884765625 0.8193359375 0.2451171875 0.0390625
5 0.31884765625 0.88671875 0.2412109375 0.04296875
5 0.3388671875 0.96142578125 0.275390625 0.0361328125