3 0.83984375 0.05859375 0.02685546875 0.04443359375
3 0.8837890625 0.0546875 0.0234375 0.04052734375
3 0.91845703125 0.0615234375 0.01904296875 0.0341796875
0 0.2783203125 0.4189453125 0.056640625 0.04443359375
3 0.236328125 0.05859375 0.02099609375 0.0322265625
3 0.173828125 0.0576171875 0.0166015625 0.0302734375
3 0.03564453125 0.3330078125 0.017578125 0.0263671875
3 0.03515625 0.39453125 0.0166015625 0.03662109375
3 0.03515625 0.45458984375 0.0166015625 0.0341796875
3 0.03564453125 0.51611328125 0.015625 0.0322265625
3 0.03564453125 0.57470703125 0.017578125 0.0322265625
3 0.03515625 0.70947265625 0.01220703125 0.0302734375
3 0.0361328125 0.771484375 0.0166015625 0.0322265625
3 0.03564453125 0.83203125 0.01318359375 0.0283203125
3 0.03662109375 0.9658203125 0.017578125 0.0244140625
5 0.064453125 0.96435546875 0.0224609375 0.0224609375
5 0.064453125 0.8310546875 0.0224609375 0.0302734375
5 0.0830078125 0.77001953125 0.06103515625 0.01806640625
5 0.06494140625 0.71044921875 0.025390625 0.02001953125
5 0.072265625 0.5771484375 0.0419921875 0.02001953125
5 0.07275390625 0.51318359375 0.0390625 0.0224609375
5 0.07421875 0.45361328125 0.04443359375 0.0244140625
5 0.083984375 0.3935546875 0.0634765625 0.0224609375
5 0.0634765625 0.3349609375 0.0224609375 0.0263671875
3 0.9853515625 0.501953125 0.017578125 0.0244140625