6 0.13232421875 0.46484375 0.02978515625 0.04345703125
6 0.12744140625 0.58984375 0.02978515625 0.0400390625
6 0.59228515625 0.58984375 0.02978515625 0.0400390625
6 0.59375 0.46484375 0.03271484375 0.04345703125
0 0.77001953125 0.6982421875 0.419921875 0.0634765625
0 0.93603515625 0.84521484375 0.08251953125 0.0634765625
5 0.1826171875 0.46484375 0.0498046875 0.03662109375
5 0.2001953125 0.58984375 0.08984375 0.033203125
5 0.669921875 0.58642578125 0.10498046875 0.033203125
5 0.66748046875 0.45849609375 0.10009765625 0.04345703125
5 0.62646484375 0.7734375 0.142578125 0.033203125
4 0.728515625 0.84326171875 0.33251953125 0.06005859375
5 0.1474609375 0.8916015625 0.06982421875 0.03662109375
4 0.4375 0.90478515625 0.134765625 0.0634765625