6 0.12060546875 0.35888671875 0.04736328125 0.0576171875
6 0.11962890625 0.4677734375 0.04443359375 0.0576171875
6 0.1181640625 0.5732421875 0.04736328125 0.0576171875
6 0.1181640625 0.6787109375 0.04736328125 0.0576171875
5 0.32373046875 0.35888671875 0.341796875 0.05078125
5 0.32080078125 0.46923828125 0.3359375 0.05419921875
5 0.32763671875 0.5732421875 0.35009765625 0.04443359375
5 0.3291015625 0.67333984375 0.3525390625 0.0478515625
5 0.302734375 0.2294921875 0.361328125 0.04443359375
3 0.3095703125 0.15283203125 0.05810546875 0.06103515625
0 0.31103515625 0.80419921875 0.4111328125 0.1259765625