3 0.90869140625 0.44091796875 0.0400390625 0.0341796875
3 0.9111328125 0.83056640625 0.03515625 0.0283203125
3 0.91162109375 0.75244140625 0.0322265625 0.0341796875
3 0.908203125 0.673828125 0.029296875 0.03125
3 0.90771484375 0.5966796875 0.0341796875 0.03125
3 0.90966796875 0.515625 0.0341796875 0.029296875
0 0.79150390625 0.9189453125 0.3408203125 0.0546875
4 0.501953125 0.3447265625 0.931640625 0.0625
3 0.07275390625 0.16064453125 0.0537109375 0.0458984375
3 0.07666015625 0.0439453125 0.0537109375 0.03515625
0 0.72998046875 0.0439453125 0.4521484375 0.060546875
5 0.478515625 0.91796875 0.169921875 0.037109375