5 0.0859375 0.27783203125 0.087890625 0.037109375
5 0.13330078125 0.6064453125 0.18359375 0.0400390625
5 0.58447265625 0.28125 0.14013671875 0.03076171875
5 0.83544921875 0.28125 0.1611328125 0.03076171875
5 0.59326171875 0.4482421875 0.146484375 0.0419921875
5 0.6142578125 0.609375 0.19921875 0.0390625
0 0.08837890625 0.16455078125 0.14501953125 0.0947265625
0 0.7724609375 0.94580078125 0.1123046875 0.07275390625
0 0.9072265625 0.9462890625 0.14111328125 0.076171875
4 0.26025390625 0.6787109375 0.4208984375 0.07275390625
4 0.26025390625 0.35009765625 0.421875 0.076171875
4 0.73291015625 0.515625 0.42236328125 0.07373046875
4 0.73291015625 0.67822265625 0.4208984375 0.07373046875
5 0.26171875 0.16455078125 0.14208984375 0.0419921875
5 0.44873046875 0.1650390625 0.1083984375 0.0390625
5 0.61767578125 0.166015625 0.1083984375 0.03466796875
5 0.783203125 0.16650390625 0.09521484375 0.0380859375
0 0.63525390625 0.35009765625 0.0810546875 0.076171875
0 0.8720703125 0.35009765625 0.08154296875 0.078125