1 0.0546875 0.306640625 0.03125 0.0703125
1 0.0537109375 0.7978515625 0.029296875 0.068359375
1 0.052734375 0.69775390625 0.03125 0.0654296875
1 0.0556640625 0.79931640625 0.033203125 0.0673828125
1 0.0546875 0.60400390625 0.03125 0.0712890625
1 0.05615234375 0.5029296875 0.0302734375 0.0703125
1 0.0556640625 0.408203125 0.033203125 0.0703125
1 0.0556640625 0.30419921875 0.03125 0.0693359375
1 0.0546875 0.20849609375 0.029296875 0.0751953125
5 0.50537109375 0.89599609375 0.9345703125 0.0634765625
5 0.21630859375 0.8056640625 0.1748046875 0.0703125
5 0.2236328125 0.70263671875 0.181640625 0.0673828125
5 0.21044921875 0.6064453125 0.1513671875 0.068359375
5 0.25927734375 0.51171875 0.2451171875 0.0703125
5 0.27685546875 0.4130859375 0.2900390625 0.076171875
5 0.248046875 0.31201171875 0.23046875 0.0712890625
5 0.15966796875 0.21728515625 0.1494140625 0.0615234375
5 0.16064453125 0.10693359375 0.2568359375 0.0673828125
3 0.31298828125 0.10595703125 0.0419921875 0.0830078125