5 0.17626953125 0.18994140625 0.08447265625 0.03271484375
5 0.58935546875 0.19091796875 0.07421875 0.03369140625
5 0.1572265625 0.25927734375 0.04638671875 0.02880859375
5 0.587890625 0.26123046875 0.05419921875 0.025390625
5 0.17236328125 0.3837890625 0.08251953125 0.03076171875
5 0.6015625 0.3828125 0.076171875 0.02685546875
4 0.291015625 0.3095703125 0.31005859375 0.05810546875
4 0.291015625 0.42822265625 0.31005859375 0.0537109375
4 0.7158203125 0.30859375 0.30908203125 0.05908203125
4 0.71630859375 0.42724609375 0.30615234375 0.0595703125
0 0.2900390625 0.50927734375 0.30810546875 0.0595703125
0 0.71728515625 0.5556640625 0.30419921875 0.0634765625
3 0.23388671875 0.65576171875 0.0390625 0.046875
3 0.291015625 0.65380859375 0.0361328125 0.0537109375
3 0.34521484375 0.6552734375 0.04150390625 0.0537109375
3 0.6611328125 0.73876953125 0.0380859375 0.04833984375
3 0.7177734375 0.740234375 0.041015625 0.0458984375
3 0.771484375 0.73974609375 0.03955078125 0.0498046875