5 0.072265625 0.07373046875 0.0771484375 0.03173828125
5 0.048828125 0.22119140625 0.0380859375 0.025390625
5 0.05615234375 0.28125 0.0498046875 0.02392578125
5 0.06689453125 0.39990234375 0.07275390625 0.0263671875
5 0.0517578125 0.458984375 0.0458984375 0.025390625
5 0.24462890625 0.3427734375 0.0263671875 0.017578125
5 0.2744140625 0.2138671875 0.0927734375 0.02783203125
5 0.31787109375 0.7998046875 0.0341796875 0.01904296875
5 0.51513671875 0.79833984375 0.02880859375 0.021484375
5 0.2529296875 0.517578125 0.0380859375 0.01904296875
2 0.3154296875 0.39404296875 0.16552734375 0.05419921875
0 0.3017578125 0.88818359375 0.1376953125 0.05419921875
0 0.11279296875 0.33984375 0.1865234375 0.05322265625