0 0.3603515625 0.08642578125 0.21630859375 0.04443359375
0 0.58935546875 0.08447265625 0.21533203125 0.04541015625
0 0.58837890625 0.236328125 0.21533203125 0.03857421875
0 0.3623046875 0.236328125 0.21630859375 0.04345703125
0 0.5869140625 0.2919921875 0.21630859375 0.046875
0 0.36181640625 0.2919921875 0.21728515625 0.0419921875
0 0.36083984375 0.345703125 0.21728515625 0.04443359375
0 0.36181640625 0.40234375 0.21533203125 0.04345703125
0 0.36083984375 0.45166015625 0.21533203125 0.041015625
0 0.5869140625 0.345703125 0.22021484375 0.04443359375
0 0.587890625 0.3984375 0.21435546875 0.04443359375
0 0.36279296875 0.64892578125 0.21533203125 0.041015625
0 0.58740234375 0.6484375 0.21533203125 0.0419921875
0 0.36083984375 0.701171875 0.21337890625 0.0419921875
0 0.36083984375 0.853515625 0.21533203125 0.041015625
0 0.587890625 0.85400390625 0.21435546875 0.0419921875
0 0.47412109375 0.97119140625 0.21533203125 0.041015625
0 0.36083984375 0.90576171875 0.21142578125 0.041015625