2 0.4951171875 0.091796875 0.919921875 0.111328125
3 0.1005859375 0.32177734375 0.09375 0.0771484375
3 0.1064453125 0.44287109375 0.078125 0.0849609375
3 0.109375 0.56396484375 0.080078125 0.0869140625
3 0.10302734375 0.68798828125 0.0615234375 0.0673828125
3 0.1025390625 0.798828125 0.080078125 0.091796875
5 0.36181640625 0.33056640625 0.4013671875 0.0634765625
5 0.42578125 0.4443359375 0.55078125 0.060546875
5 0.3154296875 0.564453125 0.3203125 0.056640625
5 0.36083984375 0.68701171875 0.4052734375 0.0634765625
5 0.3330078125 0.8037109375 0.34765625 0.05859375
5 0.14208984375 0.9130859375 0.1376953125 0.056640625