7 0.84619140625 0.56591796875 0.1396484375 0.0361328125
5 0.3955078125 0.56494140625 0.3828125 0.0302734375
5 0.50390625 0.66943359375 0.1953125 0.0283203125
3 0.125 0.9208984375 0.056640625 0.04296875
3 0.37841796875 0.921875 0.0458984375 0.041015625
3 0.62109375 0.92138671875 0.064453125 0.0380859375
3 0.875 0.919921875 0.078125 0.041015625
3 0.9267578125 0.0810546875 0.05078125 0.03125
4 0.50146484375 0.134765625 0.9970703125 0.0546875
5 0.125 0.94970703125 0.119140625 0.0185546875
5 0.37939453125 0.9482421875 0.1474609375 0.021484375
5 0.62744140625 0.9501953125 0.0654296875 0.017578125
5 0.876953125 0.951171875 0.115234375 0.01953125
3 0.9462890625 0.2587890625 0.029296875 0.037109375
3 0.94384765625 0.3232421875 0.0263671875 0.02734375
3 0.50146484375 0.33447265625 0.1123046875 0.0654296875
3 0.1328125 0.56689453125 0.08203125 0.0380859375
3 0.0849609375 0.19580078125 0.083984375 0.0419921875
3 0.0625 0.13427734375 0.048828125 0.0400390625
3 0.0869140625 0.26123046875 0.076171875 0.0458984375
3 0.083984375 0.32470703125 0.0703125 0.0517578125