1 0.46728515625 0.09326171875 0.0400390625 0.0634765625
1 0.46630859375 0.181640625 0.0400390625 0.05859375
6 0.46142578125 0.6064453125 0.0380859375 0.0625
6 0.46044921875 0.69287109375 0.0419921875 0.0634765625
1 0.46533203125 0.26904296875 0.0400390625 0.0615234375
1 0.46484375 0.35888671875 0.0390625 0.0615234375
5 0.55322265625 0.11181640625 0.0888671875 0.0478515625
5 0.55419921875 0.20068359375 0.0986328125 0.0498046875
5 0.5546875 0.2861328125 0.095703125 0.046875
5 0.5556640625 0.37451171875 0.095703125 0.0517578125
6 0.4619140625 0.7822265625 0.04296875 0.0625
6 0.46142578125 0.87109375 0.0439453125 0.064453125
5 0.5517578125 0.611328125 0.09375 0.048828125
5 0.5556640625 0.697265625 0.09375 0.052734375
5 0.55224609375 0.78466796875 0.0966796875 0.0537109375
5 0.5517578125 0.8740234375 0.099609375 0.05078125