1 0.54052734375 0.6787109375 0.0615234375 0.080078125
1 0.53955078125 0.80712890625 0.0615234375 0.0849609375
1 0.26708984375 0.53515625 0.0693359375 0.095703125
1 0.26708984375 0.66845703125 0.0791015625 0.0986328125
1 0.26806640625 0.8017578125 0.0869140625 0.103515625
7 0.17138671875 0.18603515625 0.1123046875 0.0810546875
7 0.169921875 0.28271484375 0.115234375 0.0791015625
7 0.1708984375 0.37548828125 0.13671875 0.0830078125
0 0.77001953125 0.43896484375 0.2294921875 0.0849609375
0 0.76904296875 0.56005859375 0.2255859375 0.0810546875
0 0.767578125 0.19287109375 0.22265625 0.0791015625
0 0.76806640625 0.31689453125 0.2236328125 0.0791015625
0 0.76953125 0.6845703125 0.22265625 0.07421875
0 0.7685546875 0.80615234375 0.224609375 0.0771484375
6 0.43603515625 0.677734375 0.0751953125 0.091796875
6 0.435546875 0.55029296875 0.076171875 0.0966796875
6 0.54052734375 0.54833984375 0.0791015625 0.1025390625
1 0.43408203125 0.80712890625 0.0576171875 0.0771484375
1 0.1533203125 0.53125 0.076171875 0.0859375
1 0.15478515625 0.66845703125 0.0673828125 0.0947265625
1 0.15283203125 0.79833984375 0.0732421875 0.0888671875
3 0.3056640625 0.203125 0.04296875 0.0625
3 0.30615234375 0.35791015625 0.0458984375 0.0771484375
3 0.4365234375 0.205078125 0.05859375 0.0703125
3 0.5419921875 0.20458984375 0.0546875 0.0615234375
3 0.54150390625 0.3544921875 0.0517578125 0.0625
3 0.431640625 0.35791015625 0.0546875 0.0654296875