5 0.11083984375 0.22314453125 0.13623046875 0.02392578125
5 0.53466796875 0.22216796875 0.13037109375 0.02587890625
5 0.12890625 0.31591796875 0.1787109375 0.01953125
5 0.12744140625 0.41162109375 0.16357421875 0.021484375
5 0.07421875 0.50634765625 0.06982421875 0.021484375
5 0.5078125 0.50634765625 0.07568359375 0.021484375
5 0.76220703125 0.50732421875 0.1123046875 0.02392578125
5 0.5546875 0.6044921875 0.16357421875 0.01953125
5 0.1240234375 0.6025390625 0.17578125 0.02392578125
5 0.1044921875 0.791015625 0.1240234375 0.02587890625
5 0.4560546875 0.78759765625 0.203125 0.02392578125
5 0.216796875 0.884765625 0.34228515625 0.02392578125
5 0.494140625 0.884765625 0.1455078125 0.02392578125
5 0.181640625 0.9189453125 0.2119140625 0.01953125
5 0.1865234375 0.94384765625 0.22119140625 0.021484375
5 0.16796875 0.97216796875 0.1787109375 0.02587890625
4 0.24072265625 0.64111328125 0.39111328125 0.03662109375
4 0.669921875 0.64111328125 0.3818359375 0.03662109375
4 0.75927734375 0.54638671875 0.10009765625 0.03662109375
4 0.57275390625 0.54541015625 0.18798828125 0.03857421875
4 0.244140625 0.54736328125 0.384765625 0.03857421875
4 0.40625 0.4501953125 0.71533203125 0.03466796875
4 0.4091796875 0.35546875 0.71533203125 0.03857421875
4 0.67138671875 0.259765625 0.39111328125 0.03662109375
4 0.24072265625 0.2607421875 0.384765625 0.03857421875
0 0.49853515625 0.71533203125 0.96044921875 0.06884765625
0 0.56494140625 0.9150390625 0.10595703125 0.02392578125
4 0.16357421875 0.82763671875 0.23046875 0.03466796875
4 0.46533203125 0.82666015625 0.208984375 0.041015625
6 0.05908203125 0.9169921875 0.02734375 0.01953125
6 0.060546875 0.947265625 0.0302734375 0.01953125
6 0.060546875 0.97314453125 0.0244140625 0.02392578125