6 0.34521484375 0.3349609375 0.0419921875 0.02978515625
6 0.47900390625 0.3359375 0.04443359375 0.0322265625
6 0.6142578125 0.33447265625 0.0419921875 0.03125
6 0.7470703125 0.3349609375 0.04052734375 0.02978515625
6 0.8818359375 0.3349609375 0.0419921875 0.02978515625
6 0.34716796875 0.41259765625 0.04345703125 0.02978515625
6 0.48046875 0.41259765625 0.0419921875 0.02978515625
6 0.61328125 0.41259765625 0.04052734375 0.02978515625
6 0.74658203125 0.41162109375 0.0390625 0.0322265625
6 0.88037109375 0.41162109375 0.0390625 0.0322265625
6 0.3466796875 0.4912109375 0.0419921875 0.03125
6 0.48046875 0.4892578125 0.0390625 0.02783203125
6 0.61328125 0.4892578125 0.04345703125 0.02978515625
6 0.748046875 0.48876953125 0.0419921875 0.033203125
6 0.880859375 0.4892578125 0.04052734375 0.0322265625
6 0.0634765625 0.63330078125 0.04052734375 0.03125
6 0.26611328125 0.6337890625 0.04345703125 0.0322265625
6 0.45068359375 0.63232421875 0.0419921875 0.03125
6 0.68310546875 0.63330078125 0.0419921875 0.03125
6 0.06298828125 0.70166015625 0.0419921875 0.0322265625
6 0.0634765625 0.84033203125 0.04052734375 0.02978515625
6 0.32861328125 0.84228515625 0.0458984375 0.03125
6 0.4755859375 0.841796875 0.03759765625 0.02978515625
6 0.60888671875 0.84130859375 0.0390625 0.02685546875
6 0.765625 0.84033203125 0.04443359375 0.02978515625
5 0.15966796875 0.63427734375 0.119140625 0.0224609375
5 0.35205078125 0.63427734375 0.095703125 0.02685546875
5 0.5615234375 0.634765625 0.1474609375 0.0234375
5 0.7470703125 0.63427734375 0.06494140625 0.0244140625
5 0.1640625 0.7021484375 0.13671875 0.02880859375
5 0.18798828125 0.84375 0.17822265625 0.025390625
5 0.3974609375 0.84130859375 0.06201171875 0.02001953125
5 0.53857421875 0.84130859375 0.05517578125 0.0244140625
5 0.6826171875 0.841796875 0.07568359375 0.0234375
5 0.86279296875 0.84130859375 0.1201171875 0.02685546875