0 0.88671875 0.47998046875 0.17333984375 0.0625
3 0.9736328125 0.046875 0.021484375 0.033203125
3 0.03076171875 0.22314453125 0.01953125 0.0283203125
3 0.0302734375 0.150390625 0.0166015625 0.02685546875
3 0.02978515625 0.2919921875 0.0166015625 0.029296875
3 0.0302734375 0.35693359375 0.02099609375 0.0341796875
5 0.06884765625 0.1494140625 0.0439453125 0.02490234375
5 0.06298828125 0.22021484375 0.0361328125 0.02783203125
5 0.06982421875 0.29150390625 0.04345703125 0.0283203125
5 0.0859375 0.3623046875 0.08154296875 0.02490234375
5 0.33935546875 0.046875 0.0673828125 0.02587890625
5 0.4501953125 0.0478515625 0.03857421875 0.02783203125
5 0.5439453125 0.048828125 0.037109375 0.02392578125
5 0.65185546875 0.04833984375 0.06591796875 0.0283203125