1 0.46435546875 0.34765625 0.0341796875 0.037109375
1 0.68310546875 0.35107421875 0.0400390625 0.0361328125
1 0.90625 0.35107421875 0.0390625 0.0380859375
1 0.90673828125 0.13623046875 0.0380859375 0.0341796875
1 0.68408203125 0.13671875 0.0380859375 0.0390625
1 0.4638671875 0.13623046875 0.0390625 0.0361328125
1 0.244140625 0.1357421875 0.0390625 0.041015625
1 0.24267578125 0.35107421875 0.0400390625 0.0380859375
0 0.6044921875 0.8994140625 0.67578125 0.068359375
0 0.15966796875 0.8984375 0.2021484375 0.064453125
4 0.501953125 0.798828125 0.87890625 0.06640625