2 0.08203125 0.1220703125 0.1171875 0.1015625
0 0.14453125 0.48046875 0.236328125 0.115234375
3 0.0498046875 0.24365234375 0.01953125 0.0498046875
3 0.04931640625 0.36572265625 0.0205078125 0.0498046875
3 0.05126953125 0.599609375 0.0166015625 0.041015625
3 0.0498046875 0.71923828125 0.015625 0.0439453125
3 0.05078125 0.837890625 0.017578125 0.052734375
5 0.11083984375 0.2470703125 0.0908203125 0.046875
5 0.10205078125 0.36474609375 0.0732421875 0.0478515625
5 0.1220703125 0.60400390625 0.119140625 0.0556640625
5 0.107421875 0.71875 0.08984375 0.04296875
5 0.095703125 0.84228515625 0.06640625 0.0498046875