0 0.18798828125 0.1318359375 0.2236328125 0.06982421875
0 0.18896484375 0.24365234375 0.22216796875 0.072265625
0 0.47119140625 0.1298828125 0.2236328125 0.07470703125
0 0.47119140625 0.24609375 0.22021484375 0.072265625
0 0.18994140625 0.361328125 0.2236328125 0.06787109375
0 0.47119140625 0.361328125 0.2236328125 0.072265625
2 0.81201171875 0.1318359375 0.22021484375 0.07470703125
2 0.8125 0.23046875 0.22216796875 0.072265625
2 0.81201171875 0.33056640625 0.22021484375 0.06982421875
0 0.8125 0.3984375 0.21875 0.0654296875
0 0.8125 0.4580078125 0.21875 0.05859375
0 0.8125 0.5224609375 0.21875 0.0654296875
4 0.18994140625 0.48779296875 0.2236328125 0.072265625
4 0.18994140625 0.60595703125 0.2236328125 0.07470703125
4 0.19091796875 0.7255859375 0.22216796875 0.06982421875
4 0.4697265625 0.48779296875 0.22021484375 0.072265625
4 0.47021484375 0.60595703125 0.21875 0.07470703125
4 0.4697265625 0.72705078125 0.2236328125 0.06787109375
3 0.61865234375 0.48779296875 0.05078125 0.06787109375
3 0.61767578125 0.60595703125 0.052734375 0.06982421875
3 0.6171875 0.7255859375 0.05078125 0.06982421875
1 0.1416015625 0.8486328125 0.0322265625 0.04052734375
1 0.1865234375 0.84765625 0.03369140625 0.04296875
1 0.2314453125 0.8486328125 0.0322265625 0.04052734375
6 0.140625 0.91748046875 0.03369140625 0.04296875
6 0.1865234375 0.9189453125 0.03369140625 0.044921875
6 0.232421875 0.91650390625 0.03369140625 0.044921875
7 0.3330078125 0.8486328125 0.076171875 0.05419921875
7 0.4228515625 0.8486328125 0.07275390625 0.05419921875
7 0.33203125 0.91552734375 0.07470703125 0.04296875
7 0.4228515625 0.91650390625 0.076171875 0.044921875
2 0.55859375 0.88134765625 0.0966796875 0.06982421875