5 0.2236328125 0.162109375 0.1279296875 0.0126953125
5 0.2626953125 0.1240234375 0.2509765625 0.0068359375
2 0.8515625 0.0908203125 0.0419921875 0.00732421875
2 0.90478515625 0.09130859375 0.03125 0.01171875
2 0.8017578125 0.09130859375 0.03271484375 0.00732421875
2 0.3154296875 0.20458984375 0.14306640625 0.013671875
2 0.26416015625 0.2470703125 0.04052734375 0.01513671875
2 0.49755859375 0.2470703125 0.0390625 0.01513671875
2 0.5498046875 0.20458984375 0.14306640625 0.01513671875
2 0.7822265625 0.20458984375 0.14453125 0.01611328125
2 0.4111328125 0.70068359375 0.1171875 0.0166015625
2 0.3720703125 0.7451171875 0.0400390625 0.015625
2 0.5654296875 0.7451171875 0.0419921875 0.01611328125
2 0.60498046875 0.701171875 0.1181640625 0.015625
2 0.7978515625 0.7001953125 0.11962890625 0.0166015625
4 0.31640625 0.22607421875 0.1435546875 0.0166015625
4 0.31591796875 0.2685546875 0.14306640625 0.015625
4 0.3154296875 0.2890625 0.1435546875 0.015625
4 0.3154296875 0.31103515625 0.1435546875 0.01611328125
4 0.3154296875 0.33203125 0.1435546875 0.01611328125
4 0.31591796875 0.3525390625 0.14453125 0.015625
4 0.31591796875 0.3740234375 0.14453125 0.015625
4 0.31591796875 0.39501953125 0.14453125 0.01611328125
4 0.5498046875 0.3955078125 0.14208984375 0.015625
4 0.5498046875 0.3740234375 0.14208984375 0.015625
4 0.5498046875 0.3525390625 0.14306640625 0.015625
4 0.5498046875 0.33203125 0.14208984375 0.01611328125
4 0.5498046875 0.310546875 0.14306640625 0.015625
4 0.5498046875 0.28955078125 0.14306640625 0.015625
4 0.54931640625 0.2685546875 0.14208984375 0.015625
4 0.5498046875 0.22607421875 0.14306640625 0.015625
4 0.78271484375 0.22607421875 0.1435546875 0.0166015625
4 0.78271484375 0.24755859375 0.1435546875 0.0166015625
4 0.7822265625 0.26806640625 0.14453125 0.01611328125
4 0.7822265625 0.2900390625 0.14306640625 0.01708984375
4 0.7822265625 0.31103515625 0.14453125 0.01611328125
4 0.7822265625 0.33203125 0.14306640625 0.015625
4 0.7822265625 0.353515625 0.14453125 0.0166015625
4 0.7822265625 0.3740234375 0.14453125 0.0166015625
4 0.7822265625 0.3955078125 0.1455078125 0.0166015625
4 0.41015625 0.9013671875 0.1171875 0.0166015625
4 0.41015625 0.87890625 0.1171875 0.01611328125
4 0.40966796875 0.85693359375 0.1162109375 0.0166015625
2 0.41015625 0.83447265625 0.1171875 0.0166015625
4 0.4091796875 0.79052734375 0.1171875 0.01708984375
4 0.4091796875 0.767578125 0.1171875 0.01611328125
4 0.40966796875 0.72314453125 0.1162109375 0.015625
4 0.6044921875 0.93115234375 0.1162109375 0.017578125
4 0.6044921875 0.9013671875 0.1171875 0.01708984375
4 0.6044921875 0.87890625 0.1171875 0.01611328125
4 0.6044921875 0.85693359375 0.1162109375 0.015625
4 0.60400390625 0.83447265625 0.1171875 0.0166015625
4 0.6044921875 0.8125 0.1171875 0.0166015625
4 0.6044921875 0.7900390625 0.1162109375 0.01708984375
4 0.6044921875 0.76806640625 0.1181640625 0.0166015625
4 0.6044921875 0.7236328125 0.1181640625 0.01708984375
4 0.7978515625 0.7236328125 0.1171875 0.01708984375
4 0.7978515625 0.74560546875 0.1171875 0.01708984375
4 0.7978515625 0.76806640625 0.1181640625 0.01611328125
2 0.7978515625 0.7900390625 0.11865234375 0.017578125
4 0.7978515625 0.8125 0.1171875 0.01708984375
4 0.7978515625 0.83447265625 0.1181640625 0.01708984375
4 0.7978515625 0.8564453125 0.1171875 0.01708984375
4 0.79736328125 0.87890625 0.1181640625 0.01708984375
4 0.7978515625 0.90087890625 0.1171875 0.017578125
5 0.17822265625 0.2041015625 0.03125 0.00634765625
5 0.18310546875 0.2294921875 0.0380859375 0.0126953125
5 0.17431640625 0.24658203125 0.0205078125 0.005859375
5 0.1796875 0.26806640625 0.03271484375 0.00634765625
5 0.1884765625 0.2890625 0.0498046875 0.0068359375
5 0.18994140625 0.31396484375 0.0517578125 0.01416015625
5 0.19189453125 0.33203125 0.0537109375 0.0068359375
5 0.17529296875 0.353515625 0.0244140625 0.00537109375
5 0.18994140625 0.3740234375 0.0517578125 0.00634765625
5 0.18115234375 0.39501953125 0.0361328125 0.0068359375
5 0.18798828125 0.41650390625 0.0478515625 0.00634765625
5 0.42236328125 0.39892578125 0.05224609375 0.01513671875
5 0.4130859375 0.3740234375 0.03125 0.005859375
5 0.40380859375 0.3525390625 0.01416015625 0.0078125
5 0.416015625 0.33154296875 0.0380859375 0.005859375
5 0.4169921875 0.31005859375 0.0390625 0.00732421875
5 0.42431640625 0.29296875 0.05322265625 0.013671875
5 0.4091796875 0.26806640625 0.0263671875 0.00634765625
5 0.4150390625 0.24658203125 0.03662109375 0.0068359375
5 0.4189453125 0.2255859375 0.04443359375 0.0068359375
5 0.4150390625 0.20849609375 0.0341796875 0.01318359375
5 0.64306640625 0.20458984375 0.02490234375 0.00537109375
5 0.65185546875 0.2255859375 0.04296875 0.00732421875
5 0.64404296875 0.24658203125 0.03369140625 0.00732421875
5 0.654296875 0.271484375 0.0478515625 0.0126953125
5 0.65576171875 0.2890625 0.05224609375 0.005859375
5 0.6376953125 0.31005859375 0.0166015625 0.00537109375
5 0.63916015625 0.33154296875 0.0185546875 0.00537109375
5 0.6416015625 0.3525390625 0.02490234375 0.0068359375
5 0.65625 0.37353515625 0.0498046875 0.00634765625
5 0.6552734375 0.3984375 0.0498046875 0.01318359375
0 0.8076171875 0.185546875 0.07421875 0.01611328125
0 0.42822265625 0.4755859375 0.0517578125 0.015625
0 0.48046875 0.47509765625 0.0517578125 0.015625
5 0.34326171875 0.65673828125 0.1318359375 0.0107421875
5 0.2998046875 0.7001953125 0.0361328125 0.0078125
5 0.3037109375 0.7265625 0.0400390625 0.013671875
5 0.29931640625 0.74560546875 0.0341796875 0.0078125
5 0.296875 0.76708984375 0.02490234375 0.00634765625
5 0.3017578125 0.79736328125 0.03271484375 0.02197265625
5 0.302734375 0.8388671875 0.03662109375 0.013671875
5 0.29443359375 0.8564453125 0.0234375 0.0048828125
5 0.2998046875 0.88232421875 0.0361328125 0.013671875
5 0.3017578125 0.90087890625 0.03662109375 0.00732421875
5 0.3076171875 0.9306640625 0.04833984375 0.00634765625
5 0.4853515625 0.93017578125 0.0146484375 0.00537109375
5 0.5009765625 0.90966796875 0.04541015625 0.02294921875
5 0.4931640625 0.8779296875 0.0322265625 0.00634765625
5 0.4853515625 0.8564453125 0.01708984375 0.00732421875
5 0.49658203125 0.83349609375 0.03662109375 0.00634765625
5 0.49755859375 0.8115234375 0.04052734375 0.0068359375
5 0.49365234375 0.79345703125 0.03271484375 0.01416015625
5 0.5029296875 0.771484375 0.04833984375 0.01318359375
5 0.5 0.74560546875 0.04541015625 0.005859375
5 0.50146484375 0.72314453125 0.046875 0.0068359375
5 0.49609375 0.70458984375 0.0361328125 0.01611328125
5 0.6845703125 0.70068359375 0.02734375 0.0068359375
5 0.69384765625 0.72265625 0.04833984375 0.0087890625
5 0.69677734375 0.76708984375 0.0498046875 0.005859375
5 0.6923828125 0.79345703125 0.04296875 0.01416015625
5 0.6806640625 0.8125 0.0185546875 0.005859375
5 0.6796875 0.83349609375 0.0185546875 0.005859375
5 0.6845703125 0.8828125 0.03125 0.01416015625
5 0.6943359375 0.90966796875 0.04541015625 0.02197265625
0 0.80908203125 0.68115234375 0.07568359375 0.017578125
2 0.80517578125 0.61376953125 0.03369140625 0.00830078125
2 0.85546875 0.6142578125 0.0419921875 0.009765625
2 0.90673828125 0.61474609375 0.03369140625 0.0126953125
3 0.24951171875 0.61474609375 0.0166015625 0.0107421875
5 0.107421875 0.63623046875 0.06787109375 0.00830078125
5 0.13427734375 0.6494140625 0.125 0.01220703125
3 0.2060546875 0.64208984375 0.0146484375 0.0078125
5 0.1220703125 0.6826171875 0.04833984375 0.00634765625
5 0.1376953125 0.70263671875 0.08056640625 0.0078125
5 0.13134765625 0.72265625 0.0673828125 0.00732421875
5 0.11865234375 0.7421875 0.04052734375 0.005859375
5 0.13525390625 0.7626953125 0.07666015625 0.00830078125
5 0.111328125 0.78271484375 0.02587890625 0.00732421875
5 0.1298828125 0.82568359375 0.0634765625 0.00830078125
5 0.13671875 0.8447265625 0.0576171875 0.0068359375
5 0.1435546875 0.86083984375 0.0751953125 0.0078125
5 0.13427734375 0.876953125 0.05615234375 0.00634765625
5 0.1376953125 0.8935546875 0.06103515625 0.0068359375
3 0.919921875 0.64697265625 0.0244140625 0.01513671875
3 0.087890625 0.89208984375 0.01025390625 0.0068359375
3 0.0908203125 0.8759765625 0.0126953125 0.00732421875
3 0.08837890625 0.85986328125 0.0107421875 0.00634765625
3 0.08740234375 0.84375 0.0126953125 0.009765625
3 0.08447265625 0.826171875 0.015625 0.0107421875
3 0.0849609375 0.783203125 0.01708984375 0.01123046875
3 0.083984375 0.7626953125 0.0146484375 0.0068359375
3 0.08447265625 0.7431640625 0.015625 0.01025390625
3 0.0849609375 0.72412109375 0.0166015625 0.009765625
3 0.08349609375 0.70263671875 0.0185546875 0.0107421875
3 0.0849609375 0.68359375 0.0146484375 0.01025390625
3 0.087890625 0.3212890625 0.01806640625 0.0087890625
3 0.087890625 0.30224609375 0.0166015625 0.01123046875
3 0.0869140625 0.283203125 0.01806640625 0.01025390625
3 0.0869140625 0.2421875 0.01806640625 0.009765625
3 0.0869140625 0.2236328125 0.01806640625 0.00927734375
3 0.08740234375 0.20458984375 0.015625 0.00927734375
3 0.087890625 0.18603515625 0.01806640625 0.0107421875
3 0.087890625 0.16748046875 0.0166015625 0.009765625
3 0.0869140625 0.1484375 0.0166015625 0.01220703125
3 0.0849609375 0.11669921875 0.01806640625 0.01416015625
3 0.0849609375 0.09130859375 0.0166015625 0.0087890625