0 0.83740234375 0.42822265625 0.09716796875 0.04736328125
2 0.484375 0.0390625 0.10595703125 0.04541015625
0 0.0595703125 0.0986328125 0.0615234375 0.046875
0 0.63134765625 0.17626953125 0.1103515625 0.048828125
4 0.29736328125 0.0390625 0.265625 0.044921875
0 0.61865234375 0.0390625 0.12548828125 0.04736328125
0 0.7529296875 0.0390625 0.12060546875 0.0458984375
3 0.04638671875 0.03955078125 0.0302734375 0.03125
5 0.1103515625 0.03857421875 0.07763671875 0.03466796875
3 0.94580078125 0.109375 0.0146484375 0.0234375
5 0.86083984375 0.03662109375 0.0537109375 0.03125
5 0.93310546875 0.0390625 0.0634765625 0.03125
5 0.1552734375 0.1015625 0.080078125 0.04150390625
5 0.25634765625 0.10009765625 0.0673828125 0.03369140625
5 0.36279296875 0.10009765625 0.0732421875 0.02880859375
5 0.46142578125 0.09716796875 0.0810546875 0.02490234375
3 0.95068359375 0.63671875 0.0224609375 0.02880859375
3 0.82421875 0.13818359375 0.025390625 0.04443359375
3 0.8603515625 0.13525390625 0.03125 0.04150390625
3 0.57275390625 0.09619140625 0.0673828125 0.02880859375
5 0.67578125 0.09716796875 0.07421875 0.04052734375
3 0.29638671875 0.369140625 0.0263671875 0.04052734375