0 0.41552734375 0.572265625 0.1982421875 0.05859375
0 0.61083984375 0.57275390625 0.1533203125 0.04931640625
5 0.11181640625 0.02685546875 0.0439453125 0.03271484375
5 0.21533203125 0.02783203125 0.1064453125 0.03271484375
5 0.31689453125 0.025390625 0.0478515625 0.03759765625
5 0.40478515625 0.02783203125 0.0615234375 0.03515625
5 0.48876953125 0.02978515625 0.0556640625 0.0390625
5 0.59228515625 0.02490234375 0.1298828125 0.03662109375
5 0.73046875 0.02880859375 0.1015625 0.0546875
5 0.8408203125 0.02685546875 0.07421875 0.03271484375
3 0.89111328125 0.02783203125 0.0166015625 0.03271484375
3 0.9111328125 0.029296875 0.015625 0.02978515625
3 0.931640625 0.02587890625 0.01953125 0.0234375