3 0.0146484375 0.05224609375 0.025390625 0.0546875
5 0.10205078125 0.05029296875 0.1279296875 0.05322265625
5 0.22119140625 0.04931640625 0.0751953125 0.02099609375
5 0.33544921875 0.05078125 0.1123046875 0.02880859375
5 0.431640625 0.05078125 0.05859375 0.03125
5 0.51220703125 0.05029296875 0.0556640625 0.01953125
5 0.58984375 0.04833984375 0.048828125 0.0234375
3 0.64453125 0.04833984375 0.009765625 0.03125
3 0.8662109375 0.05126953125 0.017578125 0.03271484375
3 0.98583984375 0.12646484375 0.0283203125 0.05224609375
3 0.7490234375 0.9375 0.02734375 0.03125
3 0.26171875 0.64306640625 0.02734375 0.0390625
3 0.54248046875 0.23486328125 0.0517578125 0.07666015625
3 0.4892578125 0.23486328125 0.05078125 0.11083984375
4 0.48291015625 0.130859375 0.9658203125 0.08203125
5 0.9677734375 0.33935546875 0.041015625 0.03271484375
5 0.05517578125 0.34326171875 0.1103515625 0.02978515625
5 0.12158203125 0.638671875 0.2431640625 0.05078125
0 0.76025390625 0.85107421875 0.0341796875 0.04296875
0 0.71142578125 0.04833984375 0.0771484375 0.05224609375
0 0.78955078125 0.05126953125 0.0732421875 0.05322265625
5 0.9443359375 0.04833984375 0.056640625 0.03369140625