5 0.03857421875 0.11083984375 0.0419921875 0.05712890625
0 0.7099609375 0.107421875 0.107421875 0.04833984375
5 0.80908203125 0.115234375 0.0556640625 0.02734375
5 0.876953125 0.11474609375 0.05078125 0.03662109375
5 0.9443359375 0.111328125 0.056640625 0.03515625
5 0.61865234375 0.11474609375 0.0224609375 0.0390625
5 0.548828125 0.111328125 0.087890625 0.02978515625
5 0.46240234375 0.111328125 0.0634765625 0.03515625
5 0.39990234375 0.11474609375 0.0283203125 0.03125
5 0.330078125 0.11376953125 0.076171875 0.02734375
5 0.0986328125 0.11279296875 0.06640625 0.02978515625
5 0.185546875 0.115234375 0.0546875 0.02734375
5 0.251953125 0.11181640625 0.048828125 0.0234375
0 0.11083984375 0.68896484375 0.1787109375 0.08349609375
0 0.30517578125 0.689453125 0.1708984375 0.07421875
0 0.31884765625 0.95556640625 0.1005859375 0.02880859375
2 0.7587890625 0.9609375 0.0859375 0.02587890625
3 0.2177734375 0.79931640625 0.0546875 0.0625