5 0.32861328125 0.03369140625 0.04150390625 0.02197265625
5 0.1474609375 0.03466796875 0.06982421875 0.02197265625
5 0.2451171875 0.03466796875 0.068359375 0.02197265625
5 0.8935546875 0.033203125 0.03955078125 0.0224609375
4 0.50048828125 0.27490234375 0.5966796875 0.06494140625
3 0.328125 0.16748046875 0.076171875 0.09765625
0 0.6416015625 0.42578125 0.056640625 0.0234375
5 0.9541015625 0.033203125 0.0546875 0.03271484375
3 0.85400390625 0.03271484375 0.0205078125 0.0390625
2 0.06005859375 0.03564453125 0.0869140625 0.04052734375
5 0.5380859375 0.16796875 0.333984375 0.07568359375