0 0.89453125 0.046875 0.091796875 0.0458984375
2 0.6708984375 0.046875 0.32177734375 0.046875
0 0.49853515625 0.78662109375 0.35888671875 0.04638671875
3 0.87939453125 0.11962890625 0.02685546875 0.03076171875
3 0.4970703125 0.28955078125 0.07470703125 0.1005859375
3 0.97021484375 0.1171875 0.025390625 0.03369140625
3 0.9716796875 0.04296875 0.0234375 0.0390625
3 0.02978515625 0.11767578125 0.0205078125 0.03759765625
5 0.125 0.1171875 0.03125 0.03125
5 0.22509765625 0.12060546875 0.0341796875 0.03271484375
5 0.3310546875 0.12109375 0.052734375 0.03125
5 0.4482421875 0.11962890625 0.0390625 0.02880859375
5 0.55517578125 0.11962890625 0.0322265625 0.0390625
5 0.65185546875 0.12060546875 0.0498046875 0.03515625
5 0.49853515625 0.37158203125 0.0927734375 0.04052734375
5 0.77099609375 0.12060546875 0.0576171875 0.02734375