5 0.18603515625 0.0556640625 0.14208984375 0.0537109375
3 0.078125 0.0556640625 0.0478515625 0.07080078125
5 0.68701171875 0.05126953125 0.0888671875 0.0244140625
5 0.79150390625 0.05419921875 0.0576171875 0.0302734375
5 0.8896484375 0.05224609375 0.08251953125 0.03466796875
0 0.20166015625 0.59326171875 0.2822265625 0.0810546875
3 0.07470703125 0.677734375 0.0302734375 0.0390625
3 0.11181640625 0.6748046875 0.02587890625 0.0478515625
3 0.15283203125 0.67724609375 0.0283203125 0.03759765625
0 0.78125 0.91455078125 0.13671875 0.04931640625
0 0.626953125 0.91455078125 0.134765625 0.05224609375
3 0.84375 0.689453125 0.02294921875 0.0361328125
3 0.474609375 0.68359375 0.03125 0.05078125