3 0.8642578125 0.08544921875 0.021484375 0.03271484375
3 0.8984375 0.087890625 0.025390625 0.03271484375
3 0.95361328125 0.08740234375 0.0205078125 0.02880859375
5 0.18017578125 0.07958984375 0.0478515625 0.03125
5 0.287109375 0.08056640625 0.14453125 0.03125
5 0.39501953125 0.083984375 0.0458984375 0.02197265625
5 0.4384765625 0.08837890625 0.037109375 0.02880859375
5 0.484375 0.08447265625 0.044921875 0.02099609375
5 0.533203125 0.083984375 0.033203125 0.02197265625
5 0.5830078125 0.083984375 0.05078125 0.02490234375
5 0.63671875 0.08447265625 0.044921875 0.02880859375
5 0.69970703125 0.08544921875 0.0400390625 0.03515625
5 0.06787109375 0.349609375 0.0791015625 0.03271484375
5 0.14404296875 0.35205078125 0.0576171875 0.02197265625
5 0.21533203125 0.34814453125 0.0537109375 0.02197265625
5 0.2763671875 0.34619140625 0.037109375 0.02099609375
5 0.353515625 0.34912109375 0.103515625 0.02587890625
5 0.17236328125 0.26025390625 0.2841796875 0.06005859375
5 0.3779296875 0.26513671875 0.107421875 0.02734375