0 0.93994140625 0.0400390625 0.087890625 0.04443359375
0 0.12841796875 0.5908203125 0.1611328125 0.0478515625
0 0.82177734375 0.03955078125 0.126953125 0.0458984375
5 0.32861328125 0.04052734375 0.0712890625 0.03662109375
3 0.6845703125 0.04296875 0.0302734375 0.03955078125
5 0.24658203125 0.041015625 0.05517578125 0.03369140625
5 0.1728515625 0.0400390625 0.0498046875 0.029296875
5 0.1015625 0.04248046875 0.04296875 0.03271484375
5 0.40576171875 0.03857421875 0.0361328125 0.02490234375
5 0.46240234375 0.04150390625 0.0283203125 0.0234375
5 0.52197265625 0.03857421875 0.0341796875 0.02978515625
5 0.6044921875 0.03955078125 0.076171875 0.03271484375
3 0.03564453125 0.04248046875 0.0439453125 0.05859375
3 0.93603515625 0.76171875 0.0419921875 0.05712890625