3 0.02294921875 0.03271484375 0.0458984375 0.04150390625
5 0.27490234375 0.03466796875 0.0673828125 0.04296875
5 0.3466796875 0.03564453125 0.041015625 0.03515625
5 0.41015625 0.03759765625 0.048828125 0.0390625
5 0.4716796875 0.03759765625 0.0390625 0.0390625
5 0.537109375 0.037109375 0.052734375 0.03515625
5 0.62109375 0.037109375 0.078125 0.03515625
5 0.7158203125 0.037109375 0.080078125 0.03515625
5 0.81982421875 0.03515625 0.0869140625 0.03125
5 0.90478515625 0.03564453125 0.0498046875 0.02978515625
5 0.04248046875 0.44482421875 0.0517578125 0.01953125
5 0.119140625 0.46484375 0.2109375 0.0234375
5 0.056640625 0.48974609375 0.08203125 0.01806640625
5 0.0322265625 0.513671875 0.03125 0.01953125
5 0.05615234375 0.53955078125 0.0771484375 0.02734375
5 0.0419921875 0.638671875 0.048828125 0.01953125
5 0.0849609375 0.66552734375 0.140625 0.015625
5 0.05419921875 0.6875 0.0751953125 0.015625
5 0.05224609375 0.71044921875 0.0673828125 0.01708984375
5 0.041015625 0.7734375 0.060546875 0.0234375
5 0.048828125 0.79833984375 0.072265625 0.015625
5 0.03759765625 0.82177734375 0.0537109375 0.01806640625
5 0.05810546875 0.84423828125 0.0849609375 0.01708984375
5 0.07177734375 0.90966796875 0.1025390625 0.01953125
5 0.08251953125 0.93310546875 0.1298828125 0.02490234375
5 0.06640625 0.95751953125 0.091796875 0.01953125
5 0.05908203125 0.97998046875 0.0927734375 0.01953125