0 0.87548828125 0.04248046875 0.0908203125 0.04833984375
0 0.96337890625 0.03955078125 0.0732421875 0.05078125
0 0.06494140625 0.04296875 0.1103515625 0.02880859375
0 0.1513671875 0.04150390625 0.064453125 0.04150390625
0 0.2138671875 0.04443359375 0.068359375 0.04931640625
0 0.2841796875 0.04345703125 0.068359375 0.03515625
0 0.345703125 0.044921875 0.072265625 0.03759765625
0 0.41064453125 0.04248046875 0.0537109375 0.03515625
3 0.06005859375 0.568359375 0.0205078125 0.03515625
5 0.11865234375 0.5625 0.1064453125 0.03125
0 0.9453125 0.95849609375 0.09375 0.078125