4 0.77197265625 0.38720703125 0.37060546875 0.06103515625
0 0.767578125 0.66748046875 0.369140625 0.0869140625
4 0.77099609375 0.50146484375 0.3701171875 0.06005859375
4 0.71337890625 0.04736328125 0.2314453125 0.046875
4 0.76904296875 0.2705078125 0.36962890625 0.06103515625
0 0.94970703125 0.04541015625 0.07080078125 0.04541015625
5 0.4609375 0.04736328125 0.08935546875 0.0322265625
5 0.60498046875 0.33349609375 0.0400390625 0.02490234375
5 0.6162109375 0.44873046875 0.06982421875 0.02587890625
5 0.6162109375 0.220703125 0.07177734375 0.02685546875
5 0.11669921875 0.04736328125 0.1005859375 0.0390625
5 0.36083984375 0.046875 0.05615234375 0.029296875
5 0.873046875 0.0478515625 0.05810546875 0.033203125
5 0.283203125 0.04736328125 0.07421875 0.03125
5 0.21337890625 0.04736328125 0.04345703125 0.03173828125
5 0.54638671875 0.0478515625 0.0517578125 0.03369140625
3 0.03125 0.04736328125 0.0390625 0.04541015625