0 0.140625 0.626953125 0.2353515625 0.064453125
0 0.68896484375 0.11962890625 0.1142578125 0.046875
0 0.72412109375 0.03271484375 0.0927734375 0.04248046875
0 0.921875 0.11474609375 0.111328125 0.0546875
0 0.3212890625 0.62646484375 0.1259765625 0.064453125
5 0.08349609375 0.1181640625 0.12744140625 0.03955078125
5 0.828125 0.11669921875 0.04443359375 0.0244140625
5 0.5693359375 0.11767578125 0.052734375 0.02880859375
3 0.947265625 0.921875 0.05908203125 0.07861328125
5 0.48388671875 0.11767578125 0.060546875 0.02734375
5 0.20947265625 0.11669921875 0.064453125 0.02685546875
3 0.779296875 0.12060546875 0.02587890625 0.0224609375
5 0.29931640625 0.11669921875 0.0576171875 0.02734375
5 0.3935546875 0.12060546875 0.076171875 0.03515625