3 0.0302734375 0.05517578125 0.02734375 0.05078125
3 0.16943359375 0.75244140625 0.0693359375 0.07568359375
3 0.49951171875 0.75146484375 0.0810546875 0.0859375
3 0.8271484375 0.75537109375 0.0625 0.0625
3 0.09814453125 0.16943359375 0.0244140625 0.03125
3 0.2392578125 0.17041015625 0.013671875 0.02880859375
3 0.3408203125 0.17041015625 0.021484375 0.03369140625
3 0.39599609375 0.17041015625 0.0751953125 0.02099609375
5 0.51025390625 0.064453125 0.0791015625 0.04541015625
5 0.6298828125 0.06298828125 0.099609375 0.03759765625
5 0.75390625 0.06298828125 0.076171875 0.04052734375
5 0.8662109375 0.0625 0.08203125 0.0390625
5 0.17529296875 0.810546875 0.0771484375 0.02734375
5 0.5 0.810546875 0.078125 0.01953125
5 0.8310546875 0.810546875 0.166015625 0.02734375
5 0.10986328125 0.05615234375 0.1376953125 0.05712890625