3 0.0322265625 0.10888671875 0.0234375 0.03759765625
5 0.0732421875 0.111328125 0.0546875 0.05078125
5 0.2724609375 0.15771484375 0.0703125 0.0390625
5 0.35888671875 0.15869140625 0.0771484375 0.046875
5 0.4453125 0.15478515625 0.078125 0.04443359375
5 0.529296875 0.15966796875 0.0625 0.03759765625
5 0.58984375 0.16015625 0.037109375 0.03662109375
5 0.65966796875 0.15771484375 0.0673828125 0.03662109375
5 0.73193359375 0.16015625 0.0673828125 0.03662109375
0 0.79736328125 0.48095703125 0.0791015625 0.02490234375
0 0.046875 0.48095703125 0.064453125 0.03515625
0 0.88232421875 0.10791015625 0.1064453125 0.04443359375
5 0.96484375 0.03125 0.052734375 0.03369140625
3 0.712890625 0.47265625 0.0234375 0.03369140625
3 0.974609375 0.47216796875 0.02734375 0.03759765625
3 0.9755859375 0.865234375 0.033203125 0.04052734375