0 0.205078125 0.4052734375 0.10693359375 0.04248046875
0 0.08642578125 0.4052734375 0.0771484375 0.0439453125
5 0.439453125 0.5068359375 0.1357421875 0.04248046875
5 0.43994140625 0.44677734375 0.13671875 0.04052734375
0 0.0712890625 0.6025390625 0.048828125 0.041015625
4 0.8056640625 0.330078125 0.28515625 0.04248046875
5 0.44580078125 0.38671875 0.14599609375 0.0400390625
0 0.90380859375 0.65185546875 0.11181640625 0.02880859375
0 0.7841796875 0.65185546875 0.1201171875 0.029296875
3 0.35498046875 0.447265625 0.0283203125 0.04248046875
4 0.806640625 0.4990234375 0.28564453125 0.041015625
0 0.78173828125 0.02294921875 0.1064453125 0.0322265625
5 0.697265625 0.4521484375 0.072265625 0.0263671875
5 0.60400390625 0.603515625 0.04296875 0.0234375
6 0.35595703125 0.38671875 0.029296875 0.0400390625
5 0.39208984375 0.60400390625 0.04541015625 0.025390625
5 0.26416015625 0.06787109375 0.0478515625 0.02783203125
5 0.14794921875 0.60400390625 0.0791015625 0.02783203125
5 0.67333984375 0.60400390625 0.05126953125 0.02294921875
5 0.3388671875 0.068359375 0.083984375 0.02880859375
5 0.38232421875 0.28271484375 0.08642578125 0.02197265625
5 0.86083984375 0.02197265625 0.0322265625 0.02099609375
5 0.23388671875 0.6015625 0.0498046875 0.0234375
5 0.31640625 0.60107421875 0.0703125 0.02978515625
5 0.47021484375 0.599609375 0.0595703125 0.02978515625
5 0.541015625 0.599609375 0.037109375 0.02978515625
5 0.42041015625 0.068359375 0.0498046875 0.02490234375
5 0.48681640625 0.068359375 0.0654296875 0.02978515625
2 0.9306640625 0.02197265625 0.080078125 0.02099609375
3 0.0615234375 0.06787109375 0.04296875 0.06005859375
5 0.138671875 0.07080078125 0.087890625 0.03759765625