0 0.1201171875 0.669921875 0.17822265625 0.0830078125
0 0.9072265625 0.9560546875 0.12158203125 0.0546875
0 0.94970703125 0.14404296875 0.0751953125 0.04541015625
3 0.79052734375 0.14404296875 0.025390625 0.02978515625
2 0.88427734375 0.14501953125 0.03271484375 0.029296875
3 0.1083984375 0.14892578125 0.13671875 0.04052734375
3 0.0263671875 0.146484375 0.021484375 0.03759765625
5 0.2255859375 0.14453125 0.064453125 0.02880859375
5 0.3056640625 0.14599609375 0.06640625 0.02880859375
5 0.3857421875 0.14453125 0.060546875 0.03369140625
5 0.4619140625 0.14697265625 0.076171875 0.02880859375
5 0.541015625 0.14599609375 0.044921875 0.02880859375
5 0.59765625 0.146484375 0.037109375 0.02734375
3 0.7421875 0.14501953125 0.01953125 0.03759765625
2 0.837890625 0.14306640625 0.0390625 0.03369140625
3 0.98046875 0.05712890625 0.013671875 0.02587890625