0 0.07568359375 0.47265625 0.1064453125 0.08349609375
0 0.20654296875 0.47021484375 0.1259765625 0.0625
0 0.7822265625 0.04736328125 0.126953125 0.05859375
5 0.18212890625 0.04150390625 0.0791015625 0.046875
5 0.29443359375 0.04443359375 0.0966796875 0.04443359375
5 0.423828125 0.046875 0.12890625 0.03662109375
5 0.55322265625 0.04541015625 0.0791015625 0.03662109375
5 0.64404296875 0.04638671875 0.0517578125 0.04541015625
3 0.8798828125 0.04443359375 0.025390625 0.04443359375
3 0.91748046875 0.04248046875 0.0244140625 0.04541015625
3 0.96142578125 0.044921875 0.0478515625 0.05078125
3 0.03955078125 0.046875 0.0322265625 0.04443359375
5 0.0849609375 0.044921875 0.0546875 0.02734375