0 0.95166015625 0.0478515625 0.07861328125 0.0400390625
0 0.8583984375 0.046875 0.0888671875 0.0400390625
4 0.736328125 0.04541015625 0.12451171875 0.03857421875
5 0.6162109375 0.046875 0.08984375 0.03369140625
5 0.51416015625 0.044921875 0.0771484375 0.02490234375
3 0.06298828125 0.05859375 0.0830078125 0.09912109375
5 0.0576171875 0.125 0.0625 0.02880859375
5 0.1767578125 0.109375 0.08203125 0.03662109375
5 0.2666015625 0.109375 0.05859375 0.0390625
5 0.33984375 0.11279296875 0.05859375 0.04052734375
5 0.42431640625 0.11083984375 0.0712890625 0.03662109375
5 0.5009765625 0.83642578125 0.12890625 0.03515625
3 0.98388671875 0.919921875 0.0205078125 0.02978515625