5 0.04296875 0.09423828125 0.07421875 0.05322265625
5 0.13134765625 0.09716796875 0.0751953125 0.03271484375
5 0.23583984375 0.099609375 0.0888671875 0.03271484375
5 0.326171875 0.10009765625 0.0625 0.02587890625
5 0.4072265625 0.10107421875 0.072265625 0.03515625
5 0.50341796875 0.09912109375 0.0791015625 0.03125
5 0.6171875 0.099609375 0.08984375 0.02490234375
5 0.716796875 0.1015625 0.056640625 0.03125
3 0.8896484375 0.10009765625 0.037109375 0.04931640625
3 0.92822265625 0.10107421875 0.0224609375 0.04541015625
3 0.96044921875 0.10205078125 0.0322265625 0.04052734375
0 0.11279296875 0.03173828125 0.0556640625 0.03271484375
0 0.17529296875 0.03125 0.0556640625 0.03369140625
0 0.23681640625 0.033203125 0.0576171875 0.03515625
0 0.71337890625 0.03466796875 0.0908203125 0.02978515625
0 0.81787109375 0.03369140625 0.0810546875 0.04150390625
0 0.92529296875 0.03076171875 0.0947265625 0.05078125
4 0.43505859375 0.03466796875 0.3291015625 0.03759765625
0 0.537109375 0.970703125 0.05078125 0.04052734375
5 0.466796875 0.97607421875 0.056640625 0.03515625
3 0.0361328125 0.03564453125 0.068359375 0.05615234375
3 0.8486328125 0.31396484375 0.01953125 0.02099609375
3 0.82861328125 0.31298828125 0.0185546875 0.01708984375
3 0.0546875 0.513671875 0.01953125 0.01416015625
3 0.0537109375 0.53857421875 0.013671875 0.01708984375
3 0.05517578125 0.55810546875 0.0146484375 0.01416015625
3 0.05419921875 0.58203125 0.0185546875 0.01806640625
3 0.0537109375 0.60400390625 0.01953125 0.01806640625
3 0.291015625 0.51318359375 0.017578125 0.01806640625
3 0.28955078125 0.53515625 0.0185546875 0.01318359375
3 0.29052734375 0.560546875 0.01513671875 0.01318359375
3 0.2900390625 0.58251953125 0.015625 0.01513671875
3 0.2890625 0.60595703125 0.0146484375 0.0146484375