3 0.04736328125 0.0546875 0.0849609375 0.078125
3 0.15234375 0.05126953125 0.025390625 0.03759765625
3 0.34326171875 0.05078125 0.0361328125 0.03125
3 0.4990234375 0.05126953125 0.021484375 0.04052734375
3 0.7197265625 0.048828125 0.021484375 0.03271484375
3 0.8662109375 0.05126953125 0.025390625 0.04296875
5 0.2158203125 0.05224609375 0.087890625 0.03662109375
5 0.39306640625 0.04736328125 0.0732421875 0.02978515625
5 0.5732421875 0.052734375 0.12890625 0.02978515625
5 0.75634765625 0.05224609375 0.0576171875 0.03369140625
5 0.91796875 0.05517578125 0.06640625 0.02734375
0 0.78125 0.884765625 0.111328125 0.04296875