3 0.12451171875 0.5986328125 0.21533203125 0.0703125
5 0.65478515625 0.0732421875 0.05810546875 0.0185546875
3 0.9482421875 0.38818359375 0.04833984375 0.068359375
2 0.72509765625 0.072265625 0.0498046875 0.02734375
3 0.1982421875 0.08056640625 0.029296875 0.0390625
5 0.47021484375 0.06982421875 0.0244140625 0.02734375
5 0.50830078125 0.07080078125 0.0224609375 0.02734375
5 0.5546875 0.06884765625 0.0390625 0.02587890625
5 0.6005859375 0.07275390625 0.01953125 0.02099609375
5 0.80419921875 0.0703125 0.0888671875 0.02880859375
5 0.89990234375 0.07080078125 0.0732421875 0.01953125
3 0.96923828125 0.07177734375 0.0244140625 0.03369140625
2 0.23583984375 0.017578125 0.0361328125 0.02734375