12 0.761754 0.435898 0.0543224 0.0384497
12 0.338117 0.4276 0.0598157 0.0399397
12 0.301533 0.300553 0.0506445 0.0364075
12 0.408591 0.300355 0.0625367 0.0372859
4 0.194935 0.100235 0.126868 0.0922227
12 0.702188 0.368033 0.0909989 0.038011
4 0.318709 0.102785 0.113759 0.0979088
3 0.809699 0.338337 0.0946632 0.0429006
12 0.181337 0.427997 0.059401 0.0400437
4 0.252739 0.656425 0.187187 0.213008
4 0.0654388 0.0943501 0.123037 0.0888077
12 0.351958 0.300293 0.0472352 0.0369994
3 0.360465 0.381033 0.164855 0.0441493
4 0.439099 0.102054 0.121747 0.0950517
7 0.184364 0.879701 0.111345 0.0284939
7 0.641798 0.586649 0.329153 0.0284449
0 0.32608 0.878063 0.158474 0.0353496
12 0.702684 0.322281 0.0918434 0.0409331
7 0.645163 0.438091 0.169478 0.0264873
7 0.16667 0.504679 0.231137 0.0334283
0 0.821999 0.866072 0.0745141 0.0417133
3 0.3665 0.507188 0.158332 0.0479406
7 0.2587 0.433377 0.0857769 0.0329122
7 0.582576 0.548369 0.205795 0.0268511
0 0.576686 0.86705 0.0733837 0.0417961
7 0.592947 0.281184 0.116104 0.034921
7 0.336553 0.466156 0.0859974 0.0216807
7 0.602035 0.706871 0.253488 0.0310538
7 0.611148 0.627534 0.274699 0.0297492
0 0.501838 0.866885 0.0728894 0.0418526
7 0.603249 0.665694 0.254653 0.0292174
7 0.609432 0.405884 0.175923 0.0268885
7 0.405008 0.432872 0.0594464 0.0333685
7 0.223631 0.30086 0.0967407 0.0330485
7 0.584911 0.365072 0.124473 0.0316468
7 0.586803 0.328921 0.127686 0.0313756
7 0.280573 0.339554 0.064923 0.0270147
7 0.632638 0.509829 0.304809 0.0306439
7 0.221509 0.379606 0.0952971 0.0321978
7 0.0936037 0.283076 0.08158 0.0431074
7 0.105295 0.428768 0.0848103 0.0341271
7 0.181369 0.466396 0.0589477 0.0220384
3 0.757137 0.273879 0.199058 0.0408378
7 0.301171 0.267867 0.0337019 0.0243392
7 0.352683 0.267765 0.0401713 0.0220566
7 0.418513 0.339925 0.0533297 0.0244753
7 0.1919 0.0388189 0.0594524 0.0186922
7 0.233855 0.845323 0.333649 0.0276841
7 0.826054 0.436993 0.0584066 0.0315385
1 0.418272 0.850985 0.0194071 0.0236888
1 0.83993 0.584694 0.0215645 0.0271175
1 0.839167 0.700378 0.0226955 0.0284797
1 0.840512 0.662157 0.0228668 0.0277844
1 0.83949 0.510797 0.0202911 0.0252336
7 0.354555 0.34026 0.0386191 0.022356
10 0.381714 0.335726 0.0148623 0.023014
7 0.435134 0.0372697 0.05495 0.0208111
10 0.324797 0.336304 0.0179572 0.0215788
1 0.839819 0.62286 0.0222305 0.0273255
7 0.315956 0.0381137 0.0754658 0.0205276
7 0.129912 0.0140238 0.249127 0.0259739
1 0.839074 0.546077 0.0219746 0.0258027
7 0.406153 0.268269 0.0339104 0.0211952
7 0.0637523 0.0379138 0.044935 0.0187726
7 0.079684 0.013498 0.154216 0.0219459
1 0.418921 0.880001 0.0200205 0.022744
