0 0.502296 0.864766 0.066988 0.0325783
1 0.839675 0.660472 0.016108 0.0215206
1 0.83962 0.622482 0.0158188 0.0225748
4 0.704585 0.321748 0.090098 0.0317593
0 0.822367 0.864437 0.0662083 0.0325957
0 0.575117 0.864631 0.0663854 0.0327302
4 0.703265 0.368661 0.0880089 0.0309711
4 0.364631 0.507354 0.15288 0.0366884
1 0.839641 0.584831 0.0161823 0.0206895
5 0.2359 0.056773 0.0207164 0.0154376
1 0.8394 0.701269 0.0178662 0.023046
1 0.83967 0.545905 0.0170904 0.0225707
0 0.357849 0.380345 0.159649 0.0375247
5 0.109896 0.429327 0.0819944 0.0326113
5 0.25937 0.433611 0.0854682 0.0309091
1 0.83958 0.512556 0.016204 0.0223637
4 0.807612 0.33679 0.0898972 0.0359123
0 0.761417 0.435678 0.0522179 0.0338099
5 0.591776 0.281368 0.11286 0.0269448
5 0.433429 0.0370679 0.0420095 0.020561
5 0.589677 0.328508 0.122094 0.0293693
5 0.226254 0.30197 0.0917989 0.0316739
4 0.753843 0.276005 0.194086 0.0327989
1 0.840131 0.663152 0.0196186 0.0296163
5 0.824483 0.438411 0.0556714 0.0251885
5 0.353821 0.268644 0.0388317 0.0206984
5 0.224104 0.380765 0.0909212 0.0295566
0 0.809579 0.337745 0.0893395 0.0373071
5 0.0917505 0.283029 0.0649189 0.0359468
5 0.315331 0.0385644 0.0686299 0.0244672
5 0.282306 0.338864 0.0578456 0.0249587
5 0.600154 0.701638 0.239799 0.0362238
5 0.586698 0.36497 0.120695 0.0332226
5 0.301895 0.270142 0.0242336 0.0187759
5 0.406594 0.268037 0.0253164 0.0165193
5 0.576361 0.547291 0.189919 0.03577
5 0.643345 0.586537 0.315465 0.0385052
5 0.634238 0.50895 0.304741 0.0358037
5 0.60113 0.666345 0.238322 0.0352401
5 0.400977 0.434045 0.0507117 0.0271587
5 0.184308 0.0760036 0.0453672 0.0210218
5 0.171375 0.504681 0.225763 0.0382207
5 0.19139 0.0393753 0.0518987 0.0192833
5 0.416877 0.339283 0.0454698 0.0231785
5 0.599736 0.405062 0.142061 0.0311957
5 0.338913 0.465658 0.0774715 0.024623
0 0.408262 0.300551 0.0622931 0.0347044
0 0.353018 0.300658 0.0454597 0.0337903
5 0.645651 0.437695 0.158866 0.0281693
5 0.355859 0.336966 0.0377497 0.0242112
