7 0.0578125 0.234375 0.1109375 0.0109375
4 0.046875 0.2828125 0.0890625 0.05625
7 0.046875 0.246875 0.0359375 0.009375
4 0.140625 0.28125 0.090625 0.0546875
7 0.14375 0.2453125 0.05 0.0140625
4 0.2296875 0.284375 0.0828125 0.05625
7 0.2296875 0.2453125 0.059375 0.0140625
4 0.3203125 0.2859375 0.09375 0.0625
7 0.3140625 0.2453125 0.0328125 0.0125
7 0.0640625 0.3796875 0.05625 0.0234375
7 0.2015625 0.3703125 0.034375 0.0171875
7 0.2390625 0.3703125 0.034375 0.0171875
7 0.275 0.3703125 0.0265625 0.0171875
7 0.153125 0.3890625 0.0609375 0.01875
7 0.1921875 0.4109375 0.040625 0.015625
3 0.2453125 0.4328125 0.1171875 0.0234375
7 0.2421875 0.4109375 0.0203125 0.0125
7 0.2890625 0.4125 0.040625 0.0125
7 0.146875 0.4328125 0.0671875 0.0140625
7 0.0703125 0.4578125 0.0609375 0.01875
7 0.175 0.4625 0.059375 0.0203125
7 0.2796875 0.465625 0.0546875 0.0125
7 0.115625 0.5 0.159375 0.0171875
7 0.1234375 0.48125 0.0484375 0.0125
3 0.25 0.503125 0.10625 0.0265625
7 0.23125 0.4796875 0.0671875 0.0109375
7 0.4 0.3796875 0.0890625 0.01875
7 0.4390625 0.46875 0.11875 0.0171875
7 0.425 0.446875 0.1359375 0.0171875
7 0.3984375 0.425 0.090625 0.01875
7 0.4015625 0.40625 0.0875 0.0125
7 0.571875 0.4640625 0.0515625 0.021875
7 0.4328125 0.5015625 0.2171875 0.015625
7 0.4140625 0.6109375 0.1828125 0.0140625
7 0.4109375 0.5875 0.178125 0.0140625
7 0.4203125 0.5671875 0.1953125 0.0140625
7 0.4390625 0.5453125 0.228125 0.0140625
7 0.396875 0.5265625 0.14375 0.015625
7 0.1578125 0.68125 0.23125 0.01875
7 0.11875 0.703125 0.0859375 0.01875
10 0.221875 0.409375 0.0125 0.0125
10 0.2609375 0.409375 0.0125 0.009375
12 0.20625 0.390625 0.034375 0.01875
12 0.240625 0.390625 0.0328125 0.01875
12 0.2796875 0.390625 0.04375 0.01875
12 0.4796875 0.4015625 0.0625 0.0203125
12 0.48125 0.4265625 0.0640625 0.021875
12 0.5203125 0.4640625 0.0359375 0.021875
12 0.2296875 0.459375 0.0375 0.0203125
12 0.1234375 0.459375 0.0390625 0.01875
3 0.5171875 0.378125 0.1359375 0.021875
3 0.5546875 0.409375 0.065625 0.0265625
1 0.575 0.5046875 0.0171875 0.0140625
1 0.575 0.521875 0.01875 0.0140625
1 0.575 0.54375 0.015625 0.0140625
1 0.5765625 0.5625 0.015625 0.0140625
1 0.575 0.5859375 0.0140625 0.015625
1 0.5765625 0.6078125 0.0125 0.015625
1 0.2859375 0.7046875 0.0140625 0.015625
1 0.2859375 0.6875 0.0140625 0.0140625
0 0.9515625 0.2234375 0.0234375 0.009375
0 0.971875 0.2234375 0.01875 0.009375
0 0.990625 0.2234375 0.0171875 0.009375
0 0.221875 0.703125 0.109375 0.0203125
0 0.34375 0.6953125 0.0484375 0.0203125
0 0.3953125 0.6953125 0.0484375 0.0203125
0 0.5625 0.69375 0.0546875 0.021875
4 0.1703125 0.584375 0.1140625 0.1171875
5 0.075 0.7734375 0.1109375 0.015625