7 0.509375 0.503125 0.0796875 0.0171875
7 0.3984375 0.525 0.140625 0.0203125
7 0.4109375 0.609375 0.171875 0.01875
7 0.415625 0.5859375 0.175 0.015625
7 0.425 0.565625 0.1953125 0.0171875
7 0.440625 0.546875 0.2265625 0.0125
7 0.0640625 0.4828125 0.028125 0.009375
3 0.025 0.259375 0.04375 0.009375
0 0.0125 0.246875 0.0109375 0.009375
7 0.0140625 0.2328125 0.01875 0.0078125
11 0.0609375 0.371875 0.0109375 0.215625
7 0.06875 0.259375 0.034375 0.0078125
7 0.1609375 0.6828125 0.228125 0.015625
7 0.125 0.7046875 0.08125 0.0203125
7 0.5640625 0.465625 0.0421875 0.0140625
0 0.0234375 0.246875 0.009375 0.0109375
3 0.0328125 0.246875 0.0078125 0.0140625
0 0.040625 0.246875 0.0078125 0.009375
3 0.2078125 0.246875 0.3234375 0.009375
0 0.375 0.246875 0.009375 0.009375
5 0.421875 0.246875 0.0796875 0.0109375
3 0.23125 0.484375 0.3015625 0.009375
3 0.4234375 0.484375 0.078125 0.0109375
0 0.403125 0.4953125 0.0375 0.0109375
0 0.4421875 0.496875 0.0375 0.0109375
3 0.425 0.259375 0.0171875 0.0078125
0 0.4421875 0.259375 0.0109375 0.0078125
0 0.45625 0.259375 0.009375 0.009375
0 0.459375 0.2328125 0.0125 0.0078125
12 0.4890625 0.4015625 0.05 0.0203125
12 0.4875 0.4265625 0.0484375 0.0203125
12 0.521875 0.4640625 0.0375 0.021875
3 0.525 0.378125 0.1234375 0.0203125
3 0.5546875 0.409375 0.0640625 0.0234375
1 0.575 0.503125 0.015625 0.0140625
1 0.575 0.5234375 0.0125 0.0125
1 0.575 0.54375 0.0125 0.0125
1 0.575 0.5640625 0.0140625 0.0125
1 0.575 0.5859375 0.0125 0.0125
1 0.575 0.6078125 0.0125 0.0140625
1 0.284375 0.6875 0.0140625 0.0140625
1 0.2859375 0.7046875 0.0140625 0.0125
0 0.9546875 0.225 0.015625 0.0109375
0 0.971875 0.225 0.0171875 0.0109375
0 0.990625 0.225 0.01875 0.0109375
0 0.221875 0.703125 0.10625 0.0203125
0 0.34375 0.6953125 0.05 0.0234375
0 0.39375 0.6953125 0.0484375 0.0234375
0 0.5640625 0.69375 0.0515625 0.021875
4 0.1671875 0.5828125 0.1484375 0.115625
5 0.075 0.7734375 0.1109375 0.0140625