7 0.2796875 0.2984375 0.103125 0.009375
7 0.253125 0.2875 0.0375 0.0078125
4 0.253125 0.325 0.053125 0.028125
7 0.25625 0.30625 0.0234375 0.00625
4 0.3078125 0.325 0.053125 0.0296875
7 0.30625 0.30625 0.0328125 0.0078125
4 0.3578125 0.325 0.0453125 0.03125
7 0.3578125 0.30625 0.0328125 0.0078125
4 0.409375 0.328125 0.0578125 0.0359375
7 0.409375 0.30625 0.0234375 0.0078125
7 0.265625 0.3859375 0.0328125 0.0140625
7 0.353125 0.3828125 0.0140625 0.0078125
7 0.3734375 0.38125 0.0203125 0.009375
7 0.3953125 0.38125 0.0171875 0.009375
7 0.31875 0.3921875 0.040625 0.009375
7 0.3421875 0.4046875 0.028125 0.009375
7 0.3734375 0.4046875 0.0140625 0.0078125
7 0.4015625 0.4046875 0.021875 0.0078125
7 0.475 0.3875 0.046875 0.0140625
7 0.4703125 0.4140625 0.0515625 0.009375
7 0.4703125 0.403125 0.0515625 0.0078125
7 0.478125 0.428125 0.071875 0.009375
7 0.496875 0.4375 0.065625 0.009375
7 0.5703125 0.4375 0.0234375 0.0109375
7 0.490625 0.4609375 0.1296875 0.0109375
7 0.49375 0.4859375 0.134375 0.0109375
7 0.4671875 0.4734375 0.0828125 0.009375
7 0.4828125 0.4984375 0.1109375 0.009375
7 0.478125 0.5125 0.1015625 0.009375
7 0.4765625 0.525 0.103125 0.009375
7 0.31875 0.41875 0.0375 0.009375
7 0.2703125 0.434375 0.0359375 0.0109375
7 0.296875 0.459375 0.0953125 0.0109375
7 0.3046875 0.446875 0.0296875 0.009375
7 0.334375 0.4359375 0.0359375 0.0125
3 0.378125 0.459375 0.065625 0.0140625
7 0.36875 0.446875 0.0359375 0.00625
7 0.39375 0.4359375 0.0234375 0.0109375
7 0.3234375 0.5703125 0.1390625 0.0078125
7 0.3046875 0.58125 0.04375 0.0109375
10 0.3625 0.4046875 0.00625 0.00625
10 0.3859375 0.403125 0.00625 0.0078125
12 0.353125 0.3921875 0.021875 0.0109375
12 0.3734375 0.3921875 0.01875 0.0109375
12 0.396875 0.3921875 0.025 0.0109375
12 0.3671875 0.434375 0.0234375 0.0109375
12 0.3015625 0.434375 0.025 0.0109375
12 0.51875 0.4 0.0375 0.0125
12 0.51875 0.4140625 0.0359375 0.0125
12 0.54375 0.4359375 0.0234375 0.0125
3 0.540625 0.384375 0.0828125 0.0125
3 0.565625 0.4046875 0.0421875 0.015625
3 0.3765625 0.41875 0.0734375 0.0109375
1 0.4015625 0.5828125 0.009375 0.0078125
1 0.4 0.571875 0.009375 0.0078125
1 0.5765625 0.4609375 0.0109375 0.009375
1 0.5765625 0.471875 0.0125 0.0078125
1 0.5765625 0.4859375 0.0125 0.009375
1 0.5765625 0.4984375 0.0125 0.0078125
1 0.5765625 0.5109375 0.0125 0.0078125
1 0.575 0.5234375 0.0125 0.009375
4 0.33125 0.509375 0.0859375 0.075
0 0.3640625 0.58125 0.065625 0.0109375
0 0.4359375 0.578125 0.0296875 0.0125
0 0.465625 0.578125 0.0296875 0.0125
0 0.56875 0.578125 0.03125 0.0140625
0 0.6125 0.2875 0.0140625 0.009375
0 0.6296875 0.2859375 0.009375 0.0078125
0 0.646875 0.2875 0.0140625 0.0078125
5 0.075 0.7734375 0.1109375 0.0140625