4 0.0484375 0.28125 0.0921875 0.053125
7 0.059375 0.2359375 0.1125 0.009375
7 0.0484375 0.246875 0.0328125 0.009375
4 0.14375 0.2828125 0.09375 0.0515625
7 0.1421875 0.2484375 0.0484375 0.0109375
4 0.2328125 0.2828125 0.0765625 0.0546875
7 0.228125 0.246875 0.0578125 0.0109375
4 0.3234375 0.28125 0.096875 0.0578125
7 0.315625 0.2453125 0.0421875 0.0109375
7 0.74375 0.35625 0.1125 0.025
7 0.7859375 0.390625 0.2 0.025
7 0.7796875 0.4609375 0.1921875 0.0234375
7 0.75625 0.5375 0.1421875 0.025
7 0.753125 0.60625 0.1359375 0.0265625
7 0.8140625 0.6734375 0.203125 0.021875
7 0.875 0.709375 0.0859375 0.021875
7 0.8 0.5015625 0.0390625 0.0203125
7 0.7984375 0.571875 0.0328125 0.021875
7 0.8 0.640625 0.034375 0.01875
13 0.38125 0.4140625 0.35625 0.0921875
13 0.365625 0.553125 0.3328125 0.028125
13 0.3859375 0.646875 0.3703125 0.0953125
13 0.3875 0.709375 0.309375 0.034375
3 0.7984375 0.425 0.246875 0.0390625
12 0.88125 0.496875 0.084375 0.040625
12 0.8796875 0.5703125 0.0875 0.04375
12 0.8796875 0.6375 0.090625 0.0359375
0 0.88125 0.7453125 0.084375 0.0375
0 0.721875 0.496875 0.0875 0.0390625
0 0.721875 0.571875 0.0875 0.040625
0 0.721875 0.640625 0.0875 0.034375
0 0.9546875 0.221875 0.0078125 0.00625
0 0.971875 0.2234375 0.009375 0.0078125
0 0.990625 0.221875 0.0125 0.00625
9 0.3609375 0.503125 0.4890625 0.065625
5 0.075 0.7734375 0.1109375 0.0140625