7 0.4125 0.609375 0.16875 0.0171875
7 0.4109375 0.590625 0.171875 0.015625
7 0.4203125 0.5671875 0.184375 0.0171875
7 0.4390625 0.5453125 0.221875 0.0140625
7 0.4015625 0.525 0.146875 0.015625
7 0.1609375 0.6859375 0.2296875 0.0140625
7 0.1234375 0.703125 0.0828125 0.015625
3 0.5171875 0.378125 0.140625 0.0203125
3 0.5546875 0.4125 0.065625 0.025
12 0.48125 0.403125 0.0625 0.021875
12 0.4796875 0.428125 0.0640625 0.0203125
12 0.521875 0.465625 0.0375 0.021875
7 0.565625 0.4640625 0.0390625 0.01875
0 0.221875 0.703125 0.10625 0.0171875
0 0.3421875 0.69375 0.05 0.021875
0 0.396875 0.696875 0.053125 0.0234375
0 0.5640625 0.6953125 0.0515625 0.021875
1 0.5734375 0.6078125 0.015625 0.015625
1 0.571875 0.5875 0.0125 0.015625
1 0.5734375 0.565625 0.0171875 0.0125
1 0.5734375 0.5453125 0.0125 0.015625
1 0.5734375 0.521875 0.015625 0.0140625
1 0.575 0.503125 0.015625 0.0140625
3 0.24375 0.434375 0.1140625 0.01875
10 0.2203125 0.409375 0.0109375 0.015625
10 0.2609375 0.409375 0.0125 0.0125
3 0.2515625 0.503125 0.1109375 0.021875
7 0.4046875 0.38125 0.0765625 0.0203125
7 0.4203125 0.446875 0.1234375 0.0125
7 0.4 0.425 0.0828125 0.0140625
7 0.4 0.4078125 0.084375 0.0203125
7 0.4421875 0.465625 0.1109375 0.0140625
7 0.1515625 0.390625 0.0578125 0.015625
7 0.15 0.4328125 0.0625 0.015625
7 0.075 0.4609375 0.0484375 0.009375
7 0.1765625 0.4625 0.0578125 0.0125
7 0.2765625 0.4625 0.0421875 0.0140625
7 0.115625 0.503125 0.153125 0.0171875
12 0.2078125 0.3890625 0.034375 0.0203125
12 0.2421875 0.390625 0.03125 0.0203125
12 0.28125 0.390625 0.0421875 0.0171875
12 0.23125 0.459375 0.0359375 0.01875
12 0.1234375 0.459375 0.040625 0.0203125
1 0.2859375 0.7046875 0.015625 0.015625
1 0.2859375 0.6859375 0.0140625 0.015625
0 0.45625 0.2359375 0.009375 0.009375
0 0.95625 0.2234375 0.0125 0.0078125
0 0.9734375 0.2234375 0.0125 0.009375
0 0.990625 0.2234375 0.0140625 0.009375
4 0.16875 0.578125 0.1296875 0.1125
5 0.075 0.7734375 0.1109375 0.015625