7 0.0625 0.38125 0.059375 0.03125
7 0.059375 0.234375 0.1171875 0.0140625
4 0.046875 0.2828125 0.090625 0.05625
7 0.046875 0.246875 0.03125 0.0109375
4 0.140625 0.2828125 0.09375 0.0578125
7 0.1359375 0.246875 0.05 0.009375
4 0.2296875 0.284375 0.0796875 0.0578125
7 0.2296875 0.2484375 0.05625 0.009375
4 0.315625 0.28125 0.090625 0.053125
7 0.309375 0.24375 0.0484375 0.0140625
12 0.2078125 0.390625 0.03125 0.0171875
7 0.203125 0.3734375 0.0265625 0.0140625
12 0.240625 0.390625 0.0328125 0.01875
7 0.2421875 0.371875 0.025 0.0125
12 0.2796875 0.390625 0.04375 0.0171875
7 0.278125 0.371875 0.01875 0.0125
3 0.24375 0.5 0.1171875 0.1546875
7 0.2875 0.4125 0.0375 0.0171875
7 0.2421875 0.4109375 0.0234375 0.009375
7 0.1859375 0.4125 0.0484375 0.015625
7 0.15 0.390625 0.0671875 0.021875
7 0.15 0.434375 0.0671875 0.0171875
7 0.165625 0.4609375 0.0375 0.015625
7 0.0703125 0.4609375 0.0578125 0.01875
7 0.109375 0.5 0.15 0.015625
7 0.1234375 0.4796875 0.0390625 0.0140625
6 0.21875 0.5390625 0.0609375 0.0109375
6 0.225 0.525 0.0640625 0.009375
6 0.2171875 0.5125 0.053125 0.0109375
6 0.2203125 0.496875 0.0546875 0.0109375
6 0.2125 0.4828125 0.0375 0.0109375
6 0.2046875 0.46875 0.025 0.0125
6 0.234375 0.5703125 0.0828125 0.0125
6 0.209375 0.5546875 0.0390625 0.0109375
7 0.4375 0.465625 0.121875 0.0140625
7 0.4171875 0.4484375 0.1296875 0.0125
7 0.4015625 0.4265625 0.0890625 0.0171875
7 0.396875 0.40625 0.0953125 0.0125
7 0.3984375 0.378125 0.090625 0.0171875
7 0.5703125 0.4671875 0.0546875 0.01875
7 0.43125 0.5046875 0.2203125 0.0125
7 0.4109375 0.6109375 0.1765625 0.0203125
7 0.4109375 0.5890625 0.1828125 0.0171875
7 0.41875 0.56875 0.196875 0.01875
7 0.4375 0.5453125 0.2296875 0.015625
7 0.4015625 0.525 0.1453125 0.0140625
7 0.159375 0.6828125 0.23125 0.015625
7 0.125 0.7015625 0.0765625 0.0203125
6 0.2296875 0.45 0.0828125 0.015625
3 0.5171875 0.3796875 0.1390625 0.025
3 0.5546875 0.4109375 0.065625 0.021875
10 0.221875 0.409375 0.0109375 0.009375
10 0.2609375 0.409375 0.009375 0.0109375
12 0.48125 0.4015625 0.0625 0.0171875
12 0.48125 0.4265625 0.0625 0.0234375
12 0.5203125 0.4640625 0.0359375 0.021875
12 0.125 0.459375 0.040625 0.0203125
1 0.575 0.5046875 0.0140625 0.015625
1 0.575 0.5234375 0.0140625 0.0140625
1 0.5765625 0.54375 0.0171875 0.0140625
1 0.575 0.5640625 0.015625 0.01875
1 0.575 0.5859375 0.0171875 0.0171875
1 0.5734375 0.60625 0.0171875 0.0171875
1 0.2859375 0.6875 0.0140625 0.0140625
1 0.2875 0.7046875 0.0171875 0.0125
0 0.953125 0.225 0.0125 0.0109375
0 0.9703125 0.225 0.0203125 0.0109375
0 0.9890625 0.2234375 0.0203125 0.009375
0 0.221875 0.7015625 0.109375 0.0203125
0 0.3421875 0.6953125 0.0484375 0.021875
0 0.396875 0.6953125 0.0515625 0.025
0 0.5640625 0.6953125 0.046875 0.0203125
4 0.1484375 0.5828125 0.0671875 0.10625
5 0.075 0.7734375 0.1109375 0.015625