7 0.05625 0.234375 0.1109375 0.0125
4 0.046875 0.278125 0.0875 0.0515625
7 0.0484375 0.246875 0.0390625 0.009375
4 0.140625 0.28125 0.0921875 0.0546875
7 0.1359375 0.2453125 0.05 0.0125
4 0.2296875 0.2828125 0.0796875 0.0546875
7 0.2296875 0.2453125 0.053125 0.015625
4 0.3203125 0.2796875 0.0921875 0.053125
7 0.3140625 0.2453125 0.0421875 0.0109375
12 0.20625 0.3921875 0.03125 0.0203125
7 0.2015625 0.371875 0.034375 0.0171875
12 0.240625 0.390625 0.0328125 0.01875
7 0.2421875 0.371875 0.03125 0.0125
12 0.2796875 0.3921875 0.0421875 0.0203125
7 0.2765625 0.371875 0.0234375 0.0125
3 0.24375 0.4328125 0.1125 0.021875
7 0.2859375 0.4125 0.0375 0.0140625
7 0.240625 0.4125 0.0265625 0.009375
7 0.1890625 0.4125 0.0453125 0.0125
7 0.15 0.3921875 0.071875 0.01875
7 0.0625 0.3859375 0.0671875 0.025
7 0.15 0.4328125 0.065625 0.0203125
7 0.06875 0.459375 0.065625 0.015625
7 0.1765625 0.4625 0.0609375 0.0171875
7 0.2765625 0.4625 0.0421875 0.0203125
3 0.25 0.503125 0.10625 0.028125
7 0.2296875 0.4796875 0.065625 0.0125
7 0.1140625 0.503125 0.159375 0.0171875
7 0.125 0.48125 0.04375 0.0140625
7 0.4 0.38125 0.0859375 0.021875
7 0.4375 0.4640625 0.121875 0.009375
7 0.415625 0.4484375 0.128125 0.0171875
7 0.3984375 0.425 0.0875 0.015625
7 0.3984375 0.40625 0.0875 0.0125
7 0.415625 0.565625 0.184375 0.01875
7 0.4359375 0.5453125 0.228125 0.015625
7 0.3734375 0.525 0.0890625 0.01875
7 0.3765625 0.5015625 0.09375 0.0171875
7 0.4109375 0.6109375 0.1671875 0.0171875
7 0.4125 0.5890625 0.171875 0.0140625
7 0.159375 0.684375 0.23125 0.0140625
7 0.1265625 0.703125 0.0875 0.0171875
10 0.221875 0.409375 0.0109375 0.009375
10 0.2609375 0.409375 0.009375 0.009375
12 0.1234375 0.459375 0.0375 0.0234375
12 0.2296875 0.459375 0.0390625 0.0234375
12 0.48125 0.4265625 0.0640625 0.0203125
12 0.478125 0.4015625 0.065625 0.021875
3 0.5171875 0.378125 0.1359375 0.0234375
3 0.5546875 0.4109375 0.0640625 0.0265625
8 0.5046875 0.503125 0.1453125 0.05625
1 0.5734375 0.54375 0.015625 0.015625
1 0.575 0.565625 0.015625 0.0109375
1 0.575 0.5859375 0.0140625 0.0140625
1 0.5734375 0.6078125 0.01875 0.0140625
1 0.2859375 0.7046875 0.0171875 0.015625
1 0.2859375 0.6875 0.015625 0.0140625
0 0.5515625 0.5203125 0.034375 0.0109375
0 0.5671875 0.4828125 0.009375 0.009375
0 0.2234375 0.7015625 0.10625 0.0203125
0 0.34375 0.6953125 0.0453125 0.0171875
0 0.39375 0.6953125 0.046875 0.0171875
0 0.5640625 0.6953125 0.0484375 0.01875
13 0.5 0.5015625 0.1296875 0.0078125
0 0.953125 0.2234375 0.0171875 0.009375
0 0.971875 0.2234375 0.0140625 0.009375
0 0.990625 0.2234375 0.01875 0.009375
4 0.16875 0.5875 0.146875 0.1375
5 0.075 0.7734375 0.1109375 0.015625
7 0.5640625 0.465625 0.0359375 0.0125
12 0.5234375 0.4640625 0.0390625 0.01875