4 0.0453125 0.2796875 0.090625 0.0515625
7 0.0578125 0.234375 0.1078125 0.009375
7 0.0484375 0.246875 0.034375 0.0109375
4 0.1390625 0.284375 0.0921875 0.0578125
7 0.140625 0.246875 0.04375 0.0109375
4 0.228125 0.284375 0.0796875 0.0578125
7 0.228125 0.2484375 0.059375 0.0109375
4 0.321875 0.284375 0.1 0.0609375
7 0.3125 0.246875 0.04375 0.0125
7 0.0640625 0.3796875 0.0515625 0.0203125
7 0.20625 0.3734375 0.0234375 0.0125
7 0.240625 0.371875 0.0328125 0.0140625
7 0.278125 0.371875 0.01875 0.0140625
7 0.4421875 0.4640625 0.1171875 0.0171875
7 0.4203125 0.446875 0.121875 0.015625
7 0.403125 0.4265625 0.0859375 0.015625
7 0.4015625 0.40625 0.0875 0.0171875
7 0.403125 0.38125 0.084375 0.01875
3 0.246875 0.434375 0.1171875 0.0234375
7 0.240625 0.4140625 0.025 0.0109375
7 0.2859375 0.4109375 0.0375 0.015625
7 0.1921875 0.4125 0.040625 0.0125
7 0.1546875 0.390625 0.0609375 0.021875
7 0.15 0.434375 0.0671875 0.015625
7 0.06875 0.4609375 0.0609375 0.0203125
7 0.178125 0.4625 0.0609375 0.0171875
7 0.2765625 0.4609375 0.040625 0.0171875
3 0.2515625 0.5015625 0.1078125 0.0234375
7 0.2328125 0.48125 0.059375 0.0140625
7 0.1140625 0.5 0.159375 0.0171875
7 0.121875 0.4796875 0.0421875 0.0125
7 0.565625 0.4625 0.04375 0.01875
7 0.434375 0.5 0.215625 0.021875
7 0.440625 0.5453125 0.23125 0.015625
7 0.396875 0.525 0.140625 0.0140625
7 0.4109375 0.6078125 0.171875 0.0171875
7 0.4140625 0.5875 0.1796875 0.0125
7 0.421875 0.5671875 0.19375 0.0125
7 0.1609375 0.6828125 0.23125 0.015625
7 0.1265625 0.7015625 0.075 0.0171875
10 0.221875 0.409375 0.0109375 0.0109375
10 0.259375 0.409375 0.009375 0.0109375
12 0.20625 0.390625 0.0328125 0.01875
12 0.240625 0.390625 0.0328125 0.01875
12 0.2796875 0.390625 0.04375 0.01875
12 0.2296875 0.459375 0.0390625 0.021875
12 0.1234375 0.459375 0.0390625 0.0203125
12 0.48125 0.4015625 0.0640625 0.021875
12 0.48125 0.4265625 0.0625 0.01875
12 0.521875 0.4640625 0.0375 0.0234375
3 0.51875 0.3765625 0.1390625 0.0234375
3 0.5546875 0.4109375 0.0640625 0.0265625
1 0.575 0.5046875 0.0171875 0.0140625
1 0.5765625 0.521875 0.015625 0.0140625
1 0.5765625 0.5453125 0.0140625 0.0125
1 0.575 0.565625 0.0125 0.0140625
1 0.5765625 0.5875 0.0125 0.0140625
1 0.575 0.60625 0.015625 0.0125
1 0.2859375 0.6875 0.0125 0.0125
1 0.2859375 0.703125 0.0125 0.0140625
0 0.221875 0.7046875 0.109375 0.021875
0 0.34375 0.6953125 0.0484375 0.025
0 0.3953125 0.6953125 0.05 0.025
0 0.5625 0.69375 0.0546875 0.0234375
0 0.9515625 0.2234375 0.015625 0.009375
0 0.9703125 0.225 0.0203125 0.0109375
0 0.990625 0.225 0.0171875 0.0109375
4 0.16875 0.5859375 0.1328125 0.1359375
5 0.0765625 0.7734375 0.1125 0.0140625