7 0.1125 0.5015625 0.15625 0.015625
7 0.0609375 0.38125 0.0515625 0.021875
7 0.1546875 0.3921875 0.0640625 0.0140625
12 0.20625 0.390625 0.0359375 0.0203125
7 0.20625 0.375 0.01875 0.0109375
10 0.221875 0.409375 0.009375 0.0125
12 0.240625 0.390625 0.0328125 0.01875
7 0.240625 0.371875 0.03125 0.015625
12 0.2796875 0.390625 0.0453125 0.0203125
7 0.278125 0.375 0.021875 0.0125
3 0.24375 0.4328125 0.1140625 0.0265625
7 0.24375 0.4125 0.028125 0.0109375
7 0.2859375 0.4125 0.03125 0.0125
7 0.190625 0.409375 0.04375 0.0140625
7 0.153125 0.434375 0.065625 0.015625
7 0.0734375 0.4609375 0.053125 0.01875
7 0.1765625 0.4640625 0.05625 0.01875
7 0.275 0.465625 0.0390625 0.015625
7 0.40625 0.3796875 0.0796875 0.0171875
7 0.409375 0.4484375 0.1015625 0.015625
7 0.4 0.4265625 0.08125 0.0171875
7 0.4015625 0.40625 0.0796875 0.0125
7 0.44375 0.465625 0.1140625 0.0171875
7 0.5640625 0.4671875 0.040625 0.0125
7 0.4359375 0.5046875 0.215625 0.0171875
7 0.4375 0.5453125 0.221875 0.0140625
7 0.396875 0.525 0.140625 0.015625
7 0.409375 0.6109375 0.1734375 0.0125
7 0.4109375 0.590625 0.171875 0.0171875
7 0.41875 0.56875 0.1828125 0.015625
7 0.1609375 0.6828125 0.234375 0.015625
7 0.1234375 0.703125 0.078125 0.015625
7 0.059375 0.234375 0.1125 0.0109375
4 0.05 0.278125 0.0890625 0.0515625
7 0.05 0.2484375 0.03125 0.0109375
4 0.1421875 0.2796875 0.09375 0.0515625
7 0.1421875 0.24375 0.0421875 0.015625
4 0.2328125 0.2828125 0.08125 0.05625
7 0.228125 0.2484375 0.05 0.015625
4 0.31875 0.28125 0.0921875 0.05625
7 0.3140625 0.246875 0.0328125 0.0140625
12 0.48125 0.4265625 0.0625 0.0203125
12 0.4796875 0.403125 0.0625 0.021875
12 0.521875 0.4640625 0.0390625 0.0234375
12 0.1234375 0.459375 0.0390625 0.021875
12 0.2296875 0.459375 0.0390625 0.0203125
3 0.5171875 0.375 0.134375 0.0265625
3 0.2484375 0.54375 0.1078125 0.109375
3 0.5546875 0.4125 0.0640625 0.028125
1 0.575 0.60625 0.0125 0.015625
1 0.575 0.5859375 0.0171875 0.0171875
1 0.575 0.5640625 0.015625 0.015625
1 0.575 0.5453125 0.0125 0.0125
1 0.575 0.521875 0.0140625 0.015625
1 0.575 0.5046875 0.0171875 0.0140625
1 0.284375 0.7046875 0.0125 0.015625
1 0.2859375 0.6875 0.0125 0.0109375
0 0.2234375 0.7015625 0.10625 0.01875
0 0.34375 0.6953125 0.046875 0.01875
0 0.39375 0.69375 0.0484375 0.025
0 0.5640625 0.6953125 0.05 0.0203125
6 0.2390625 0.521875 0.075 0.0140625
6 0.240625 0.5890625 0.0765625 0.015625
6 0.2421875 0.571875 0.08125 0.015625
6 0.228125 0.5546875 0.0546875 0.015625
6 0.228125 0.5390625 0.0546875 0.0171875
0 0.9546875 0.225 0.01875 0.0125
0 0.971875 0.225 0.015625 0.0125
0 0.990625 0.225 0.01875 0.0125
10 0.2609375 0.409375 0.0109375 0.0109375
4 0.15625 0.584375 0.08125 0.109375
5 0.075 0.7734375 0.115625 0.0140625
7 0.1234375 0.4796875 0.034375 0.009375
7 0.23125 0.4796875 0.0546875 0.0078125