7 0.4984375 0.3171875 0.496875 0.06875
7 0.453125 0.4171875 0.059375 0.05
7 0.465625 0.528125 0.090625 0.0484375
7 0.528125 0.671875 0.171875 0.046875
10 0.2859375 0.4078125 0.05625 0.059375
10 0.290625 0.51875 0.0484375 0.059375
10 0.2875 0.640625 0.05 0.059375
0 0.9546875 0.225 0.0125 0.0109375
0 0.971875 0.225 0.0109375 0.0109375
0 0.990625 0.2234375 0.0109375 0.009375
2 0.3703125 0.428125 0.0953125 0.0921875
2 0.3703125 0.5421875 0.09375 0.0953125
4 0.378125 0.6671875 0.1078125 0.109375
5 0.075 0.7734375 0.1109375 0.015625