7 0.25 0.2859375 0.0328125 0.0078125
7 0.2796875 0.2984375 0.10625 0.0078125
4 0.2546875 0.3265625 0.05625 0.0328125
7 0.2546875 0.30625 0.0203125 0.00625
4 0.3125 0.328125 0.059375 0.034375
7 0.3125 0.3078125 0.0265625 0.0078125
4 0.3671875 0.3265625 0.046875 0.034375
7 0.365625 0.30625 0.0390625 0.0078125
4 0.4203125 0.3296875 0.0609375 0.0390625
7 0.4203125 0.30625 0.0265625 0.0078125
7 0.2671875 0.3921875 0.034375 0.01875
12 0.3609375 0.3984375 0.0203125 0.0109375
7 0.359375 0.3875 0.0171875 0.0078125
7 0.38125 0.3875 0.0203125 0.009375
7 0.40625 0.3875 0.015625 0.009375
7 0.3265625 0.3984375 0.0421875 0.0109375
7 0.35 0.4125 0.034375 0.009375
3 0.3859375 0.425 0.075 0.015625
7 0.3828125 0.4125 0.0171875 0.00625
7 0.4109375 0.4109375 0.025 0.0078125
7 0.325 0.4265625 0.0421875 0.0109375
7 0.3390625 0.4453125 0.0390625 0.0125
7 0.2765625 0.4453125 0.0390625 0.0109375
7 0.4046875 0.4453125 0.025 0.0109375
7 0.30625 0.45625 0.0234375 0.00625
3 0.3875 0.4703125 0.0703125 0.015625
7 0.375 0.4546875 0.0390625 0.0078125
7 0.3015625 0.4703125 0.1015625 0.009375
7 0.4890625 0.3921875 0.046875 0.009375
7 0.484375 0.409375 0.0546875 0.0078125
7 0.4828125 0.421875 0.05625 0.009375
7 0.49375 0.4359375 0.078125 0.0109375
7 0.515625 0.446875 0.071875 0.009375
7 0.5921875 0.446875 0.021875 0.009375
7 0.50625 0.471875 0.1359375 0.0109375
7 0.484375 0.484375 0.090625 0.009375
7 0.509375 0.4984375 0.1390625 0.009375
7 0.496875 0.5125 0.115625 0.0078125
7 0.49375 0.525 0.1109375 0.009375
7 0.4921875 0.5390625 0.10625 0.0078125
7 0.33125 0.5875 0.146875 0.009375
7 0.3078125 0.6 0.046875 0.0109375
7 0.1796875 0.653125 0.0546875 0.00625
7 0.5734375 0.6625 0.0234375 0.0078125
10 0.3703125 0.4109375 0.0078125 0.0109375
10 0.3953125 0.4109375 0.0078125 0.009375
12 0.3828125 0.3984375 0.0203125 0.0125
12 0.40625 0.3984375 0.028125 0.0125
12 0.5375 0.40625 0.040625 0.0125
12 0.5375 0.421875 0.0390625 0.0125
12 0.5640625 0.4453125 0.0234375 0.0125
12 0.30625 0.44375 0.025 0.0125
12 0.375 0.44375 0.0265625 0.0125
3 0.5609375 0.390625 0.0890625 0.015625
3 0.584375 0.4109375 0.04375 0.015625
1 0.5984375 0.471875 0.0109375 0.009375
1 0.5984375 0.484375 0.009375 0.009375
1 0.5984375 0.4984375 0.009375 0.009375
1 0.5984375 0.5109375 0.0109375 0.009375
1 0.5984375 0.525 0.009375 0.0078125
1 0.5984375 0.5390625 0.009375 0.0109375
1 0.4109375 0.6015625 0.009375 0.009375
1 0.4109375 0.590625 0.0109375 0.0078125
0 0.3703125 0.5984375 0.06875 0.0109375
0 0.4484375 0.5953125 0.0296875 0.0140625
0 0.48125 0.5953125 0.03125 0.0140625
0 0.590625 0.5953125 0.034375 0.0140625
0 0.609375 0.2859375 0.0140625 0.009375
0 0.6265625 0.2875 0.0109375 0.009375
0 0.64375 0.2875 0.0171875 0.0109375
4 0.340625 0.521875 0.0859375 0.0796875
5 0.075 0.7734375 0.1125 0.015625