7 0.05625 0.2328125 0.1078125 0.0109375
4 0.046875 0.2796875 0.0875 0.0515625
7 0.046875 0.246875 0.03125 0.009375
4 0.140625 0.28125 0.0921875 0.0515625
7 0.14375 0.246875 0.0453125 0.0109375
4 0.23125 0.2828125 0.08125 0.05625
7 0.2296875 0.2453125 0.0578125 0.0125
4 0.321875 0.284375 0.0984375 0.0625
7 0.3140625 0.2453125 0.0359375 0.0125
7 0.0640625 0.3796875 0.05 0.0203125
7 0.203125 0.3734375 0.021875 0.0109375
7 0.240625 0.3703125 0.028125 0.015625
7 0.278125 0.371875 0.0234375 0.0125
7 0.15 0.390625 0.0671875 0.0140625
7 0.190625 0.4125 0.04375 0.0140625
3 0.24375 0.434375 0.115625 0.021875
7 0.2421875 0.4109375 0.025 0.0125
7 0.290625 0.4125 0.0453125 0.0140625
7 0.1484375 0.4359375 0.065625 0.0109375
7 0.071875 0.4578125 0.0578125 0.01875
7 0.1765625 0.4625 0.059375 0.015625
7 0.278125 0.4625 0.0484375 0.01875
3 0.25 0.5015625 0.1109375 0.0234375
7 0.2296875 0.48125 0.06875 0.0140625
7 0.1125 0.5015625 0.1609375 0.015625
7 0.125 0.48125 0.0484375 0.0171875
7 0.4 0.3796875 0.084375 0.0140625
7 0.4421875 0.465625 0.115625 0.015625
7 0.4203125 0.4453125 0.128125 0.0171875
7 0.4015625 0.425 0.0890625 0.01875
7 0.396875 0.4046875 0.090625 0.0171875
7 0.56875 0.4640625 0.04375 0.0171875
7 0.434375 0.503125 0.2171875 0.01875
7 0.415625 0.609375 0.18125 0.015625
7 0.4125 0.5859375 0.18125 0.0171875
7 0.4203125 0.565625 0.1890625 0.0140625
7 0.4390625 0.546875 0.23125 0.015625
7 0.3984375 0.5265625 0.1484375 0.015625
7 0.1609375 0.6828125 0.23125 0.015625
7 0.125 0.703125 0.078125 0.015625
10 0.2203125 0.409375 0.0125 0.0125
10 0.2609375 0.4109375 0.009375 0.0125
12 0.20625 0.390625 0.0328125 0.01875
12 0.2390625 0.390625 0.0328125 0.01875
12 0.2796875 0.390625 0.04375 0.01875
12 0.1234375 0.459375 0.0390625 0.0203125
12 0.2296875 0.459375 0.040625 0.0203125
12 0.48125 0.4015625 0.0609375 0.0203125
12 0.48125 0.4265625 0.0625 0.01875
12 0.521875 0.4640625 0.0390625 0.0203125
3 0.51875 0.3765625 0.1375 0.0234375
3 0.5546875 0.409375 0.065625 0.0265625
1 0.575 0.5046875 0.0171875 0.015625
1 0.5765625 0.5234375 0.0171875 0.0140625
1 0.575 0.5453125 0.0140625 0.0171875
1 0.5765625 0.5640625 0.015625 0.0140625
1 0.575 0.584375 0.0171875 0.015625
1 0.575 0.6078125 0.015625 0.0140625
1 0.2875 0.6875 0.0171875 0.0140625
1 0.2875 0.703125 0.015625 0.0140625
0 0.221875 0.7046875 0.1078125 0.0234375
0 0.34375 0.6953125 0.046875 0.0234375
0 0.3984375 0.6953125 0.05625 0.0234375
0 0.5625 0.6953125 0.0515625 0.021875
0 0.953125 0.2234375 0.015625 0.009375
0 0.9703125 0.2234375 0.01875 0.009375
0 0.98984375 0.2234375 0.0203125 0.009375
4 0.1703125 0.58125 0.1234375 0.1171875
5 0.075 0.7734375 0.1125 0.015625