4 0.0484375 0.2796875 0.0890625 0.053125
7 0.05625 0.2328125 0.10625 0.0109375
7 0.046875 0.2453125 0.0296875 0.0125
4 0.140625 0.284375 0.090625 0.05625
7 0.1390625 0.2453125 0.04375 0.0140625
4 0.2296875 0.284375 0.0796875 0.0578125
7 0.2296875 0.2453125 0.0578125 0.0171875
4 0.3203125 0.284375 0.096875 0.0625
7 0.3140625 0.2453125 0.0390625 0.0125
7 0.0625 0.3828125 0.065625 0.0234375
7 0.2046875 0.3703125 0.0203125 0.0203125
7 0.240625 0.3703125 0.0328125 0.01875
7 0.278125 0.371875 0.0265625 0.015625
7 0.1484375 0.3921875 0.0703125 0.0125
7 0.190625 0.4109375 0.0453125 0.0125
3 0.24375 0.434375 0.1140625 0.0234375
7 0.240625 0.4125 0.021875 0.009375
7 0.2875 0.409375 0.0359375 0.0140625
7 0.4046875 0.3796875 0.08125 0.0203125
7 0.440625 0.4671875 0.1125 0.0125
7 0.425 0.4484375 0.134375 0.01875
7 0.4 0.4265625 0.0875 0.015625
7 0.4 0.4046875 0.0890625 0.01875
7 0.5703125 0.4640625 0.0515625 0.0234375
7 0.146875 0.43125 0.0703125 0.01875
7 0.071875 0.459375 0.059375 0.01875
7 0.1765625 0.4609375 0.0578125 0.0171875
7 0.2796875 0.4625 0.046875 0.015625
7 0.1140625 0.5015625 0.1546875 0.01875
7 0.1265625 0.478125 0.040625 0.0140625
3 0.25 0.5015625 0.10625 0.0234375
7 0.2328125 0.48125 0.0703125 0.0125
7 0.434375 0.5046875 0.2203125 0.0171875
7 0.4140625 0.609375 0.175 0.015625
7 0.4125 0.5875 0.1734375 0.01875
7 0.4203125 0.5671875 0.1875 0.01875
7 0.440625 0.5453125 0.2265625 0.015625
7 0.4015625 0.5234375 0.1484375 0.015625
7 0.1578125 0.68125 0.23125 0.0171875
7 0.1234375 0.703125 0.078125 0.0171875
10 0.221875 0.409375 0.009375 0.009375
10 0.259375 0.409375 0.0109375 0.009375
12 0.2046875 0.390625 0.034375 0.0203125
12 0.240625 0.390625 0.03125 0.01875
12 0.2796875 0.390625 0.0421875 0.01875
12 0.4796875 0.403125 0.0625 0.021875
12 0.4796875 0.4265625 0.0625 0.0203125
12 0.521875 0.4640625 0.040625 0.021875
12 0.1234375 0.4578125 0.040625 0.021875
12 0.23125 0.459375 0.0421875 0.025
3 0.5171875 0.378125 0.1359375 0.0234375
3 0.553125 0.4109375 0.0640625 0.0234375
1 0.575 0.50625 0.0125 0.0125
1 0.575 0.5234375 0.0125 0.0125
1 0.575 0.54375 0.0140625 0.0140625
1 0.575 0.5640625 0.0140625 0.0125
1 0.575 0.5859375 0.0140625 0.0125
1 0.575 0.6078125 0.0171875 0.015625
1 0.2859375 0.6875 0.0140625 0.0125
1 0.2875 0.7046875 0.015625 0.0125
0 0.221875 0.703125 0.109375 0.0203125
0 0.34375 0.6953125 0.0484375 0.021875
0 0.396875 0.6953125 0.0515625 0.021875
0 0.5640625 0.6953125 0.05 0.021875
0 0.9515625 0.2234375 0.0171875 0.0078125
0 0.9703125 0.2234375 0.0203125 0.009375
0 0.990625 0.2234375 0.0171875 0.009375
4 0.1703125 0.5828125 0.134375 0.1203125
5 0.075 0.7734375 0.1109375 0.015625