7 0.1734375 0.278125 0.0328125 0.00625
7 0.20625 0.290625 0.1078125 0.0078125
4 0.165625 0.3078125 0.0328125 0.01875
7 0.1671875 0.2953125 0.015625 0.003125
4 0.1984375 0.3078125 0.0328125 0.0171875
7 0.1984375 0.296875 0.0171875 0.003125
4 0.23125 0.309375 0.028125 0.01875
7 0.2296875 0.296875 0.0203125 0.0046875
4 0.2609375 0.309375 0.03125 0.0203125
7 0.2609375 0.296875 0.0140625 0.003125
7 0.178125 0.346875 0.0234375 0.009375
12 0.234375 0.3515625 0.0125 0.0078125
7 0.2328125 0.3453125 0.0109375 0.0046875
7 0.246875 0.3453125 0.0125 0.0046875
7 0.2625 0.34375 0.0109375 0.00625
7 0.2125 0.3515625 0.025 0.00625
7 0.228125 0.359375 0.01875 0.00625
7 0.2484375 0.359375 0.009375 0.0046875
7 0.265625 0.359375 0.0125 0.0046875
7 0.2125 0.3671875 0.025 0.00625
7 0.18125 0.378125 0.021875 0.0078125
7 0.221875 0.3796875 0.0234375 0.00625
7 0.2609375 0.3796875 0.015625 0.0046875
7 0.24375 0.3859375 0.021875 0.0046875
7 0.196875 0.3953125 0.0640625 0.0078125
7 0.203125 0.3859375 0.01875 0.0046875
7 0.3140625 0.3484375 0.0296875 0.00625
7 0.3109375 0.3640625 0.0328125 0.0046875
7 0.3125 0.3578125 0.0328125 0.0046875
7 0.31875 0.3734375 0.04375 0.0046875
7 0.328125 0.38125 0.0453125 0.00625
7 0.3765625 0.38125 0.015625 0.00625
7 0.3265625 0.3953125 0.0859375 0.0046875
7 0.3109375 0.4046875 0.05625 0.00625
7 0.3265625 0.4125 0.0875 0.0046875
7 0.3203125 0.421875 0.075 0.00625
7 0.3171875 0.4296875 0.0703125 0.0046875
7 0.315625 0.4390625 0.0671875 0.00625
7 0.215625 0.46875 0.090625 0.0046875
7 0.2015625 0.475 0.0296875 0.00625
10 0.240625 0.3578125 0.003125 0.0046875
10 0.25625 0.3578125 0.0046875 0.0046875
12 0.34375 0.35625 0.0234375 0.0078125
12 0.34375 0.365625 0.025 0.0078125
12 0.3609375 0.38125 0.015625 0.0078125
12 0.2484375 0.3515625 0.0125 0.00625
12 0.2640625 0.3515625 0.0171875 0.00625
12 0.24375 0.378125 0.015625 0.0078125
12 0.2015625 0.378125 0.015625 0.0078125
3 0.3578125 0.346875 0.053125 0.0078125
3 0.3734375 0.359375 0.025 0.0078125
3 0.25 0.36875 0.0453125 0.0078125
3 0.2515625 0.3953125 0.0421875 0.0078125
1 0.265625 0.4703125 0.003125 0.0046875
1 0.2671875 0.4765625 0.00625 0.0046875
1 0.38125 0.396875 0.00625 0.00625
1 0.38125 0.4046875 0.0078125 0.0046875
1 0.38125 0.4125 0.00625 0.00625
1 0.38125 0.4203125 0.00625 0.00625
1 0.38125 0.4296875 0.0078125 0.00625
1 0.38125 0.4375 0.00625 0.00625
0 0.240625 0.475 0.0421875 0.0078125
0 0.2890625 0.471875 0.01875 0.0078125
0 0.309375 0.471875 0.01875 0.0078125
0 0.3765625 0.471875 0.0203125 0.00625
0 0.5234375 0.2796875 0.0140625 0.0078125
0 0.54375 0.278125 0.0140625 0.0078125
0 0.5609375 0.278125 0.0140625 0.0078125
4 0.2203125 0.428125 0.0515625 0.046875
5 0.075 0.7734375 0.1109375 0.0140625