4 0.0484375 0.278125 0.0875 0.05
7 0.05 0.2484375 0.0234375 0.0078125
7 0.05625 0.234375 0.1078125 0.0109375
4 0.140625 0.28125 0.0890625 0.05
7 0.1421875 0.2484375 0.04375 0.009375
4 0.2296875 0.2828125 0.078125 0.0546875
7 0.2296875 0.246875 0.053125 0.0109375
4 0.31875 0.2828125 0.0953125 0.0609375
7 0.3140625 0.246875 0.0390625 0.009375
7 0.0640625 0.378125 0.059375 0.0265625
12 0.20625 0.390625 0.03125 0.021875
7 0.20625 0.3703125 0.0234375 0.0171875
12 0.240625 0.390625 0.0328125 0.01875
7 0.2421875 0.371875 0.0328125 0.015625
12 0.2796875 0.390625 0.0421875 0.0203125
7 0.2765625 0.371875 0.0234375 0.0125
7 0.153125 0.390625 0.065625 0.0171875
7 0.1921875 0.4125 0.04375 0.0109375
3 0.2453125 0.434375 0.1140625 0.021875
7 0.2421875 0.4109375 0.0234375 0.009375
7 0.2875 0.4125 0.0375 0.0125
7 0.15 0.434375 0.065625 0.015625
7 0.071875 0.459375 0.05625 0.0171875
7 0.1765625 0.4625 0.059375 0.0234375
7 0.2765625 0.4625 0.0390625 0.0171875
7 0.1140625 0.5 0.1578125 0.01875
7 0.1203125 0.48125 0.0421875 0.0140625
3 0.25 0.5015625 0.109375 0.0265625
7 0.23125 0.48125 0.065625 0.0109375
7 0.44375 0.4671875 0.1125 0.015625
7 0.41875 0.446875 0.11875 0.015625
7 0.4 0.425 0.08125 0.015625
7 0.4015625 0.40625 0.0875 0.0140625
7 0.40625 0.3828125 0.08125 0.015625
7 0.56875 0.4671875 0.0421875 0.0171875
7 0.434375 0.503125 0.2109375 0.015625
7 0.4125 0.6078125 0.16875 0.0140625
7 0.4125 0.5875 0.1703125 0.01875
7 0.41875 0.5671875 0.1859375 0.015625
7 0.440625 0.5453125 0.221875 0.015625
7 0.3984375 0.525 0.1390625 0.0140625
7 0.1578125 0.6828125 0.2296875 0.0140625
7 0.125 0.7015625 0.078125 0.015625
10 0.221875 0.409375 0.0109375 0.0125
10 0.2609375 0.409375 0.0109375 0.0125
12 0.121875 0.459375 0.0375 0.021875
12 0.23125 0.459375 0.040625 0.0234375
12 0.48125 0.4015625 0.0625 0.0203125
12 0.48125 0.425 0.0640625 0.021875
12 0.521875 0.4625 0.0375 0.021875
3 0.5171875 0.375 0.134375 0.025
3 0.553125 0.4109375 0.0625 0.021875
1 0.575 0.5046875 0.0140625 0.0140625
1 0.575 0.5234375 0.0125 0.0140625
1 0.575 0.54375 0.0125 0.0125
1 0.575 0.5640625 0.0140625 0.0125
1 0.575 0.5859375 0.0125 0.015625
1 0.575 0.60625 0.0140625 0.0125
1 0.284375 0.6875 0.0109375 0.0125
1 0.2859375 0.703125 0.0109375 0.0109375
0 0.221875 0.703125 0.109375 0.0203125
0 0.3421875 0.6953125 0.0484375 0.025
0 0.39375 0.69375 0.05 0.025
0 0.5625 0.6953125 0.0515625 0.0234375
0 0.953125 0.2234375 0.0171875 0.009375
0 0.971875 0.2234375 0.01875 0.009375
0 0.990625 0.2234375 0.0171875 0.009375
4 0.1703125 0.5875 0.1453125 0.134375
5 0.075 0.771875 0.1109375 0.0171875