4 0.0484375 0.2796875 0.0875 0.0515625
7 0.05 0.246875 0.03125 0.0078125
7 0.0578125 0.234375 0.10625 0.0078125
4 0.140625 0.28125 0.0921875 0.0515625
7 0.140625 0.2484375 0.040625 0.0109375
4 0.2296875 0.284375 0.0765625 0.05625
7 0.228125 0.246875 0.053125 0.0125
4 0.321875 0.2828125 0.1 0.059375
7 0.3140625 0.246875 0.046875 0.009375
7 0.0671875 0.38125 0.059375 0.0203125
7 0.153125 0.390625 0.065625 0.0203125
7 0.2046875 0.3734375 0.01875 0.015625
7 0.2421875 0.3734375 0.0328125 0.0125
7 0.2765625 0.3734375 0.021875 0.0125
7 0.403125 0.38125 0.0859375 0.0171875
7 0.4171875 0.446875 0.11875 0.0109375
7 0.4015625 0.425 0.084375 0.0125
7 0.4015625 0.4078125 0.0828125 0.0171875
7 0.4421875 0.4640625 0.1125 0.0125
7 0.56875 0.4671875 0.046875 0.0203125
7 0.28125 0.4625 0.046875 0.015625
3 0.25 0.5015625 0.109375 0.021875
7 0.228125 0.4828125 0.071875 0.015625
7 0.1125 0.5015625 0.159375 0.0171875
7 0.1234375 0.4796875 0.05 0.009375
7 0.1765625 0.4609375 0.05625 0.015625
7 0.0734375 0.459375 0.0578125 0.015625
7 0.1515625 0.434375 0.0671875 0.0234375
7 0.190625 0.4125 0.0453125 0.0125
3 0.2453125 0.4328125 0.1171875 0.021875
7 0.2421875 0.4125 0.0234375 0.015625
7 0.284375 0.4109375 0.0359375 0.015625
7 0.1609375 0.684375 0.23125 0.015625
7 0.1234375 0.703125 0.0828125 0.0140625
7 0.43125 0.5046875 0.2125 0.015625
7 0.4125 0.6078125 0.171875 0.0125
7 0.4125 0.5890625 0.1734375 0.0140625
7 0.4203125 0.5671875 0.190625 0.0140625
7 0.440625 0.546875 0.228125 0.015625
7 0.3984375 0.525 0.14375 0.015625
10 0.221875 0.409375 0.0125 0.0109375
10 0.2609375 0.409375 0.0109375 0.0109375
12 0.20625 0.3921875 0.0328125 0.01875
12 0.240625 0.390625 0.03125 0.01875
12 0.2796875 0.390625 0.0421875 0.01875
12 0.4796875 0.4015625 0.065625 0.021875
12 0.48125 0.428125 0.0625 0.021875
12 0.125 0.459375 0.040625 0.0203125
12 0.23125 0.4609375 0.0453125 0.021875
12 0.521875 0.4640625 0.0390625 0.0203125
3 0.51875 0.378125 0.140625 0.0234375
3 0.5546875 0.409375 0.065625 0.025
1 0.575 0.5046875 0.015625 0.0140625
1 0.575 0.5234375 0.015625 0.0125
1 0.575 0.54375 0.0140625 0.0125
1 0.575 0.5640625 0.0125 0.0125
1 0.575 0.584375 0.0125 0.0140625
1 0.575 0.6078125 0.015625 0.015625
1 0.2859375 0.6890625 0.0125 0.0125
1 0.2875 0.7046875 0.015625 0.0125
0 0.221875 0.703125 0.1078125 0.021875
0 0.34375 0.6953125 0.0484375 0.0203125
0 0.3953125 0.6953125 0.053125 0.021875
0 0.5640625 0.6953125 0.0515625 0.025
0 0.9546875 0.2234375 0.0125 0.009375
0 0.971875 0.225 0.0171875 0.0109375
0 0.98984375 0.22421875 0.0203125 0.0109375
4 0.1671875 0.5859375 0.115625 0.1359375
5 0.075 0.7734375 0.1109375 0.015625