13 0.3703125 0.553125 0.3390625 0.034375
13 0.390625 0.7078125 0.31875 0.0203125
13 0.3875 0.64375 0.36875 0.1
13 0.384375 0.415625 0.325 0.090625
7 0.74375 0.35625 0.1140625 0.03125
7 0.7859375 0.390625 0.2078125 0.028125
7 0.78125 0.459375 0.1953125 0.0234375
7 0.796875 0.5 0.046875 0.01875
7 0.753125 0.5375 0.1375 0.0265625
7 0.7484375 0.6046875 0.1390625 0.0203125
7 0.796875 0.575 0.0390625 0.015625
7 0.7984375 0.640625 0.0359375 0.0171875
7 0.8109375 0.675 0.20625 0.0296875
7 0.871875 0.709375 0.0953125 0.0234375
7 0.0578125 0.2328125 0.1078125 0.0109375
4 0.046875 0.278125 0.0890625 0.05
7 0.0484375 0.246875 0.0328125 0.009375
4 0.140625 0.2796875 0.0921875 0.046875
7 0.1421875 0.2453125 0.040625 0.015625
4 0.2296875 0.284375 0.0796875 0.059375
7 0.228125 0.2421875 0.0546875 0.0203125
4 0.3234375 0.2828125 0.1015625 0.059375
7 0.3125 0.24375 0.046875 0.0140625
12 0.8796875 0.496875 0.084375 0.0390625
12 0.878125 0.56875 0.0859375 0.040625
12 0.8796875 0.634375 0.084375 0.0390625
3 0.8 0.4265625 0.24375 0.0390625
0 0.721875 0.4953125 0.084375 0.0375
0 0.725 0.571875 0.0875 0.0359375
0 0.7203125 0.6390625 0.0875 0.0390625
9 0.3640625 0.5015625 0.4984375 0.0625
0 0.8796875 0.7453125 0.0875 0.0359375
0 0.953125 0.2234375 0.0171875 0.009375
0 0.971875 0.225 0.01875 0.0109375
0 0.990625 0.225 0.0171875 0.0109375
5 0.075 0.7734375 0.1109375 0.015625