7 0.059375 0.2359375 0.1171875 0.0125
4 0.046875 0.278125 0.090625 0.05
7 0.046875 0.2484375 0.0453125 0.015625
4 0.140625 0.28125 0.0921875 0.0546875
7 0.1390625 0.25 0.0546875 0.0125
4 0.2296875 0.28125 0.0828125 0.05625
7 0.2265625 0.246875 0.0640625 0.01875
4 0.31875 0.2828125 0.09375 0.05625
7 0.309375 0.246875 0.053125 0.015625
12 0.20625 0.390625 0.0328125 0.01875
7 0.203125 0.371875 0.0296875 0.0140625
12 0.240625 0.390625 0.03125 0.0171875
7 0.2421875 0.371875 0.0296875 0.0140625
12 0.2796875 0.390625 0.04375 0.01875
7 0.2765625 0.3703125 0.021875 0.0140625
7 0.284375 0.4109375 0.0328125 0.009375
3 0.2453125 0.434375 0.115625 0.021875
7 0.2421875 0.4109375 0.021875 0.009375
7 0.1859375 0.4125 0.0484375 0.0125
7 0.15 0.390625 0.0703125 0.0125
7 0.0609375 0.384375 0.0546875 0.028125
7 0.1515625 0.434375 0.059375 0.0203125
7 0.175 0.4625 0.0578125 0.0109375
7 0.2796875 0.4640625 0.0515625 0.0109375
7 0.0734375 0.4609375 0.05625 0.01875
7 0.109375 0.5015625 0.1671875 0.01875
7 0.1234375 0.4796875 0.034375 0.0078125
3 0.25 0.5015625 0.1078125 0.025
7 0.23125 0.4796875 0.053125 0.009375
7 0.40625 0.3796875 0.0828125 0.0171875
7 0.396875 0.425 0.090625 0.01875
7 0.3984375 0.40625 0.0890625 0.01875
7 0.440625 0.4640625 0.115625 0.0109375
7 0.4203125 0.45 0.1390625 0.015625
7 0.5671875 0.465625 0.04375 0.0265625
7 0.4328125 0.5046875 0.2140625 0.0140625
7 0.415625 0.5671875 0.1921875 0.01875
7 0.4375 0.546875 0.2203125 0.0171875
7 0.4 0.5234375 0.1484375 0.015625
7 0.41875 0.6140625 0.184375 0.025
7 0.4125 0.590625 0.184375 0.0171875
7 0.1609375 0.6828125 0.2328125 0.015625
7 0.1203125 0.703125 0.0796875 0.0171875
10 0.2203125 0.409375 0.0109375 0.0109375
10 0.2609375 0.409375 0.0109375 0.009375
12 0.125 0.459375 0.040625 0.0203125
12 0.2296875 0.459375 0.0390625 0.021875
12 0.48125 0.403125 0.0640625 0.01875
12 0.4796875 0.4265625 0.0625 0.0203125
12 0.5203125 0.4640625 0.0390625 0.021875
3 0.5171875 0.3765625 0.1359375 0.021875
3 0.5546875 0.4109375 0.0640625 0.0234375
1 0.575 0.5046875 0.015625 0.0140625
1 0.5734375 0.5234375 0.0171875 0.0125
1 0.575 0.5453125 0.0125 0.0125
1 0.5734375 0.5640625 0.0171875 0.0140625
1 0.575 0.5859375 0.015625 0.015625
1 0.575 0.60625 0.0140625 0.0140625
1 0.2859375 0.6875 0.0125 0.0140625
1 0.2859375 0.7046875 0.0140625 0.0125
0 0.221875 0.7015625 0.109375 0.01875
0 0.34375 0.6953125 0.0484375 0.021875
0 0.3953125 0.6953125 0.053125 0.021875
0 0.5640625 0.69375 0.0546875 0.021875
0 0.95625 0.225 0.01875 0.0109375
0 0.9734375 0.225 0.0140625 0.0109375
0 0.990625 0.225 0.01875 0.0109375
4 0.175 0.578125 0.1375 0.1171875
5 0.075 0.7734375 0.1109375 0.015625