7 0.0578125 0.2328125 0.109375 0.0109375
4 0.0484375 0.2796875 0.0859375 0.0546875
7 0.0453125 0.246875 0.0390625 0.009375
4 0.140625 0.2828125 0.0890625 0.0515625
7 0.1421875 0.246875 0.0484375 0.0109375
4 0.2296875 0.284375 0.0796875 0.0578125
7 0.2296875 0.246875 0.0640625 0.009375
4 0.31875 0.2828125 0.09375 0.059375
7 0.31875 0.246875 0.0515625 0.009375
7 0.2046875 0.371875 0.025 0.015625
7 0.240625 0.3703125 0.0328125 0.015625
7 0.2765625 0.3703125 0.025 0.015625
7 0.065625 0.38125 0.0609375 0.021875
7 0.153125 0.3921875 0.06875 0.0171875
7 0.1890625 0.4109375 0.0453125 0.015625
3 0.2453125 0.4328125 0.1171875 0.0234375
7 0.2421875 0.4109375 0.021875 0.009375
7 0.2875 0.409375 0.0390625 0.0125
7 0.440625 0.46875 0.115625 0.01875
7 0.4234375 0.446875 0.128125 0.0171875
7 0.4 0.425 0.084375 0.015625
7 0.4015625 0.4078125 0.084375 0.0171875
7 0.4046875 0.3765625 0.0796875 0.021875
7 0.5703125 0.465625 0.046875 0.0203125
7 0.43125 0.503125 0.2203125 0.01875
7 0.4125 0.609375 0.178125 0.0171875
7 0.415625 0.5875 0.1859375 0.0171875
7 0.41875 0.5671875 0.1875 0.015625
7 0.4390625 0.5453125 0.2296875 0.0125
7 0.3953125 0.525 0.1421875 0.0140625
7 0.15 0.4328125 0.0671875 0.0171875
7 0.0703125 0.4625 0.0609375 0.01875
7 0.175 0.4640625 0.0578125 0.015625
7 0.2765625 0.4640625 0.040625 0.0171875
7 0.1125 0.5 0.1625 0.01875
7 0.125 0.48125 0.0390625 0.0109375
3 0.25 0.5 0.10625 0.0265625
7 0.2296875 0.4796875 0.065625 0.0109375
7 0.1578125 0.68125 0.2296875 0.01875
7 0.125 0.70625 0.078125 0.0203125
10 0.221875 0.409375 0.0125 0.0125
10 0.2609375 0.409375 0.0109375 0.0125
12 0.20625 0.390625 0.034375 0.0203125
12 0.240625 0.390625 0.0328125 0.0203125
12 0.2796875 0.390625 0.040625 0.01875
12 0.48125 0.4046875 0.0609375 0.0203125
12 0.4796875 0.4265625 0.0609375 0.01875
12 0.521875 0.4640625 0.0375 0.0203125
12 0.2296875 0.459375 0.0390625 0.0203125
12 0.1234375 0.459375 0.040625 0.0203125
3 0.51875 0.375 0.1375 0.0265625
3 0.553125 0.409375 0.0640625 0.025
1 0.575 0.5046875 0.0140625 0.0140625
1 0.5765625 0.5234375 0.0140625 0.0125
1 0.575 0.5453125 0.015625 0.0140625
1 0.575 0.5640625 0.0171875 0.0140625
1 0.575 0.5859375 0.015625 0.015625
1 0.575 0.6078125 0.0140625 0.0140625
1 0.2859375 0.6859375 0.0140625 0.0140625
1 0.2890625 0.70625 0.01875 0.015625
0 0.953125 0.225 0.0203125 0.0125
0 0.971875 0.2265625 0.0171875 0.0140625
0 0.990625 0.2265625 0.01875 0.0140625
0 0.2234375 0.7015625 0.10625 0.01875
0 0.3421875 0.6953125 0.05 0.01875
0 0.39375 0.69375 0.0484375 0.01875
0 0.5625 0.6953125 0.05 0.021875
4 0.1796875 0.584375 0.1296875 0.1171875
5 0.075 0.7734375 0.1109375 0.015625