4 0.046875 0.2796875 0.0921875 0.0515625
7 0.05625 0.234375 0.10625 0.0078125
7 0.0484375 0.246875 0.028125 0.0109375
4 0.1421875 0.284375 0.09375 0.0578125
7 0.1390625 0.246875 0.0421875 0.009375
4 0.2296875 0.284375 0.078125 0.0546875
7 0.23125 0.2453125 0.0546875 0.0125
4 0.3171875 0.2859375 0.0921875 0.0625
7 0.3140625 0.246875 0.0421875 0.009375
7 0.065625 0.3796875 0.065625 0.03125
7 0.153125 0.3921875 0.0640625 0.0203125
7 0.2046875 0.3734375 0.021875 0.0125
7 0.240625 0.3734375 0.0359375 0.0109375
12 0.28125 0.3921875 0.0453125 0.01875
7 0.2765625 0.3734375 0.025 0.0125
7 0.4046875 0.38125 0.084375 0.01875
7 0.4421875 0.465625 0.1140625 0.0125
7 0.421875 0.4484375 0.125 0.0125
7 0.403125 0.425 0.0890625 0.0140625
7 0.4 0.40625 0.0890625 0.0125
7 0.571875 0.4609375 0.0515625 0.0234375
7 0.2796875 0.4625 0.046875 0.0203125
3 0.25 0.5015625 0.109375 0.0265625
7 0.2328125 0.48125 0.053125 0.0109375
7 0.1109375 0.4984375 0.1640625 0.0171875
7 0.1234375 0.4796875 0.0484375 0.0125
7 0.06875 0.4609375 0.0671875 0.0171875
7 0.178125 0.4625 0.0625 0.0140625
7 0.1515625 0.4328125 0.059375 0.015625
7 0.1890625 0.4125 0.0421875 0.0140625
3 0.24375 0.4328125 0.1140625 0.0203125
7 0.240625 0.4125 0.025 0.0109375
7 0.2859375 0.4125 0.034375 0.0140625
7 0.3703125 0.503125 0.0859375 0.015625
7 0.415625 0.609375 0.18125 0.0125
7 0.4140625 0.5875 0.178125 0.0125
7 0.421875 0.5671875 0.1859375 0.0125
7 0.371875 0.546875 0.09375 0.0109375
7 0.371875 0.5265625 0.09375 0.0125
7 0.534375 0.5453125 0.0265625 0.0171875
7 0.1609375 0.6828125 0.2265625 0.015625
7 0.1234375 0.70625 0.0734375 0.0203125
10 0.221875 0.409375 0.0109375 0.0109375
10 0.2609375 0.409375 0.0125 0.0109375
12 0.20625 0.390625 0.0328125 0.01875
12 0.240625 0.390625 0.03125 0.0171875
12 0.4828125 0.403125 0.065625 0.021875
12 0.4828125 0.4265625 0.0625 0.01875
12 0.521875 0.4625 0.0390625 0.0234375
12 0.23125 0.4609375 0.0390625 0.021875
12 0.1234375 0.4578125 0.0390625 0.021875
3 0.51875 0.3765625 0.1375 0.025
3 0.55625 0.4109375 0.065625 0.0234375
1 0.575 0.50625 0.0140625 0.0140625
1 0.575 0.5234375 0.0125 0.0140625
1 0.575 0.5453125 0.0125 0.0140625
1 0.575 0.5640625 0.0140625 0.0140625
1 0.575 0.5859375 0.0109375 0.0125
1 0.575 0.6078125 0.0125 0.0140625
1 0.2859375 0.6875 0.0125 0.0109375
1 0.284375 0.7046875 0.0109375 0.0125
0 0.2203125 0.703125 0.109375 0.0203125
0 0.3421875 0.6953125 0.05 0.0203125
0 0.39375 0.6953125 0.0484375 0.021875
0 0.5640625 0.6953125 0.053125 0.0234375
0 0.9546875 0.225 0.0125 0.0125
0 0.9703125 0.2265625 0.01875 0.0140625
0 0.990625 0.2265625 0.01875 0.0140625
14 0.465625 0.5296875 0.0875 0.04375
4 0.171875 0.5859375 0.1375 0.1359375
5 0.075 0.7734375 0.1109375 0.015625