7 0.2515625 0.2875 0.034375 0.00625
7 0.2796875 0.2984375 0.1046875 0.00625
4 0.2546875 0.3265625 0.0546875 0.0328125
7 0.25625 0.3078125 0.025 0.0078125
4 0.3125 0.3296875 0.059375 0.0375
7 0.3109375 0.3078125 0.03125 0.0078125
4 0.3671875 0.3296875 0.05 0.0359375
7 0.365625 0.30625 0.0359375 0.0078125
4 0.4234375 0.33125 0.0609375 0.0375
7 0.41875 0.30625 0.0296875 0.0078125
7 0.2640625 0.390625 0.03125 0.0140625
7 0.359375 0.3875 0.015625 0.0109375
7 0.3828125 0.3875 0.021875 0.009375
7 0.4046875 0.3875 0.0171875 0.0078125
7 0.3265625 0.3984375 0.0421875 0.009375
7 0.3515625 0.4125 0.0265625 0.0109375
3 0.3859375 0.4265625 0.0765625 0.0140625
7 0.3828125 0.4125 0.015625 0.0078125
7 0.4125 0.4125 0.025 0.0078125
7 0.325 0.4265625 0.0421875 0.0109375
7 0.2734375 0.4453125 0.0390625 0.0125
7 0.340625 0.4453125 0.0390625 0.0109375
7 0.4046875 0.4453125 0.0265625 0.009375
3 0.3890625 0.471875 0.0703125 0.01875
7 0.3765625 0.45625 0.0375 0.0078125
7 0.3 0.4703125 0.103125 0.0125
7 0.3078125 0.4578125 0.0265625 0.0078125
7 0.490625 0.3921875 0.0484375 0.0109375
7 0.4875 0.409375 0.0546875 0.0109375
7 0.4859375 0.421875 0.05 0.0078125
7 0.4921875 0.4359375 0.0640625 0.009375
7 0.5125 0.446875 0.075 0.009375
7 0.53125 0.4359375 0.00625 0.0078125
7 0.5921875 0.4484375 0.0234375 0.0109375
7 0.5078125 0.471875 0.1375 0.0109375
7 0.484375 0.484375 0.090625 0.009375
7 0.509375 0.4984375 0.14375 0.009375
7 0.496875 0.5125 0.115625 0.009375
7 0.49375 0.5265625 0.10625 0.009375
7 0.49375 0.540625 0.1125 0.009375
7 0.3296875 0.5890625 0.1484375 0.0078125
7 0.3078125 0.6015625 0.046875 0.0109375
10 0.3703125 0.4109375 0.0109375 0.0109375
10 0.3953125 0.4109375 0.0078125 0.009375
12 0.3609375 0.3984375 0.0203125 0.0109375
12 0.3828125 0.3984375 0.0203125 0.0109375
12 0.4078125 0.3984375 0.0265625 0.0109375
12 0.30625 0.44375 0.025 0.0125
12 0.375 0.44375 0.0265625 0.0125
12 0.5375 0.40625 0.0390625 0.0125
12 0.5375 0.421875 0.040625 0.0125
12 0.5640625 0.446875 0.025 0.0125
3 0.5625 0.390625 0.0875 0.0140625
3 0.5859375 0.4109375 0.0421875 0.0125
1 0.5984375 0.471875 0.0078125 0.0078125
1 0.6 0.484375 0.009375 0.009375
1 0.6 0.5 0.0078125 0.009375
1 0.6 0.5109375 0.009375 0.0078125
1 0.6 0.525 0.009375 0.0109375
1 0.6 0.5390625 0.0109375 0.009375
1 0.4109375 0.590625 0.009375 0.00625
1 0.4125 0.6015625 0.009375 0.009375
0 0.371875 0.6 0.0703125 0.0109375
0 0.4484375 0.596875 0.03125 0.0140625
0 0.48125 0.596875 0.03125 0.0140625
0 0.590625 0.5953125 0.03125 0.0140625
0 0.6171875 0.2859375 0.0125 0.0109375
0 0.634375 0.2859375 0.01875 0.0125
0 0.6515625 0.2875 0.0171875 0.0109375
4 0.3359375 0.521875 0.0859375 0.0734375
5 0.075 0.7734375 0.1109375 0.015625