7 0.28125 0.2984375 0.1078125 0.0078125
7 0.2515625 0.2859375 0.0375 0.009375
4 0.2609375 0.3328125 0.06875 0.0421875
7 0.2609375 0.3078125 0.0265625 0.009375
4 0.3296875 0.334375 0.06875 0.0421875
7 0.325 0.309375 0.0390625 0.009375
4 0.3953125 0.334375 0.0625 0.040625
7 0.396875 0.309375 0.0390625 0.0078125
4 0.4609375 0.3375 0.0671875 0.0453125
7 0.459375 0.309375 0.0265625 0.0078125
12 0.3828125 0.4171875 0.025 0.015625
7 0.384375 0.4046875 0.0171875 0.0078125
7 0.409375 0.403125 0.021875 0.0109375
12 0.4375 0.4171875 0.0328125 0.0140625
7 0.4375 0.4046875 0.0171875 0.009375
7 0.34375 0.4171875 0.0515625 0.0109375
7 0.2734375 0.4109375 0.046875 0.015625
3 0.4125 0.45 0.09375 0.01875
7 0.371875 0.434375 0.03125 0.0125
7 0.4109375 0.434375 0.01875 0.0078125
7 0.44375 0.4328125 0.0296875 0.0078125
7 0.3421875 0.45 0.0484375 0.009375
7 0.2796875 0.4703125 0.04375 0.0109375
7 0.3578125 0.471875 0.04375 0.0109375
7 0.434375 0.471875 0.028125 0.0125
3 0.415625 0.5015625 0.0828125 0.01875
7 0.403125 0.4859375 0.0515625 0.00625
7 0.3203125 0.484375 0.03125 0.0078125
7 0.3140625 0.5015625 0.11875 0.0125
7 0.5328125 0.4109375 0.0609375 0.0109375
7 0.5296875 0.4296875 0.065625 0.0125
7 0.53125 0.44375 0.0640625 0.0125
7 0.5421875 0.4609375 0.084375 0.009375
7 0.565625 0.4734375 0.084375 0.009375
7 0.6546875 0.4734375 0.0296875 0.009375
7 0.5546875 0.5046875 0.165625 0.009375
7 0.528125 0.51875 0.109375 0.0109375
7 0.5625 0.534375 0.1765625 0.0125
7 0.54375 0.55 0.146875 0.0140625
7 0.54375 0.565625 0.14375 0.0140625
7 0.5390625 0.584375 0.134375 0.0171875
7 0.346875 0.640625 0.171875 0.0109375
7 0.321875 0.653125 0.05625 0.009375
10 0.39375 0.43125 0.0140625 0.0125
10 0.425 0.4328125 0.009375 0.0140625
12 0.409375 0.4171875 0.0234375 0.0140625
12 0.31875 0.46875 0.0296875 0.0140625
12 0.4015625 0.46875 0.03125 0.015625
12 0.5921875 0.4265625 0.05 0.015625
12 0.5921875 0.44375 0.046875 0.015625
12 0.6234375 0.471875 0.0265625 0.015625
3 0.6203125 0.4078125 0.10625 0.0203125
3 0.6484375 0.43125 0.05 0.0203125
1 0.4421875 0.6421875 0.0125 0.0109375
1 0.44375 0.65625 0.0109375 0.0109375
1 0.6640625 0.5171875 0.0140625 0.0125
1 0.6625 0.503125 0.0125 0.0109375
1 0.6625 0.534375 0.015625 0.0109375
1 0.6640625 0.55 0.0171875 0.0125
1 0.6625 0.5640625 0.015625 0.0125
1 0.6625 0.58125 0.0171875 0.0125
0 0.3953125 0.6546875 0.0828125 0.015625
0 0.4875 0.65 0.0375 0.0171875
0 0.525 0.6484375 0.0359375 0.0171875
0 0.6546875 0.65 0.0421875 0.021875
0 0.7328125 0.2859375 0.01875 0.0109375
0 0.7484375 0.2875 0.0125 0.0109375
0 0.765625 0.2875 0.01875 0.0109375
4 0.3546875 0.5671875 0.090625 0.084375
5 0.075 0.7734375 0.1109375 0.0140625