13 0.4015625 0.4078125 0.35625 0.1125
13 0.371875 0.553125 0.334375 0.0359375
13 0.3859375 0.6421875 0.378125 0.10625
13 0.3875 0.7140625 0.3015625 0.0265625
7 0.7421875 0.35625 0.1125 0.025
7 0.784375 0.3921875 0.2078125 0.0203125
7 0.7578125 0.534375 0.14375 0.0203125
7 0.8 0.5734375 0.0359375 0.0203125
7 0.7546875 0.6046875 0.140625 0.0234375
7 0.7984375 0.640625 0.0421875 0.01875
7 0.815625 0.671875 0.209375 0.025
7 0.875 0.709375 0.0859375 0.01875
4 0.0484375 0.278125 0.0875 0.05
7 0.059375 0.234375 0.109375 0.009375
7 0.05 0.246875 0.0328125 0.0109375
4 0.140625 0.28125 0.090625 0.0515625
7 0.1421875 0.246875 0.04375 0.0125
4 0.228125 0.2828125 0.0796875 0.053125
7 0.2265625 0.246875 0.059375 0.0109375
4 0.3203125 0.2859375 0.1 0.0625
7 0.3140625 0.246875 0.04375 0.0109375
12 0.8796875 0.56875 0.084375 0.0390625
12 0.8796875 0.6375 0.090625 0.0390625
3 0.8015625 0.45625 0.2484375 0.0921875
6 0.7078125 0.4875 0.0390625 0.028125
6 0.7046875 0.459375 0.040625 0.021875
5 0.721875 0.571875 0.0875 0.0359375
5 0.721875 0.6390625 0.090625 0.034375
0 0.9546875 0.2234375 0.0171875 0.009375
0 0.971875 0.225 0.01875 0.0109375
0 0.990625 0.225 0.0171875 0.0109375
9 0.3609375 0.5015625 0.4859375 0.0578125
0 0.878125 0.7453125 0.0828125 0.0359375
5 0.075 0.7734375 0.1109375 0.015625