7 0.078125 0.25625 0.10625 0.0078125
7 0.0453125 0.29375 0.015625 0.0046875
7 0.0703125 0.2984375 0.0171875 0.003125
7 0.08125 0.303125 0.0109375 0.0015625
3 0.096875 0.309375 0.0328125 0.00625
7 0.0953125 0.303125 0.00625 0.0015625
7 0.1078125 0.303125 0.009375 0.003125
12 0.0859375 0.2984375 0.009375 0.0046875
7 0.0859375 0.2921875 0.00625 0.003125
12 0.0953125 0.296875 0.009375 0.0046875
7 0.0953125 0.29375 0.009375 0.003125
12 0.10625 0.296875 0.0109375 0.0046875
7 0.1046875 0.2921875 0.00625 0.003125
7 0.0703125 0.309375 0.0171875 0.003125
7 0.0484375 0.3171875 0.015625 0.003125
7 0.0765625 0.31875 0.0171875 0.0046875
7 0.1046875 0.31875 0.0109375 0.0046875
7 0.059375 0.3296875 0.04375 0.0046875
7 0.0640625 0.3234375 0.0109375 0.003125
3 0.0984375 0.3296875 0.0296875 0.00625
7 0.0921875 0.3234375 0.01875 0.003125
7 0.1421875 0.2953125 0.021875 0.0046875
7 0.140625 0.3078125 0.0265625 0.0046875
7 0.140625 0.3015625 0.025 0.003125
7 0.1515625 0.31875 0.0328125 0.003125
7 0.1453125 0.3140625 0.0328125 0.003125
7 0.1875 0.31875 0.0109375 0.0046875
7 0.15 0.3296875 0.0609375 0.003125
7 0.140625 0.334375 0.040625 0.003125
7 0.1515625 0.3421875 0.0625 0.0046875
7 0.1453125 0.3484375 0.0515625 0.0046875
7 0.14375 0.359375 0.0484375 0.0046875
7 0.14375 0.353125 0.05 0.003125
7 0.0734375 0.3796875 0.0640625 0.0046875
7 0.0625 0.3859375 0.0203125 0.003125
12 0.1625 0.3015625 0.0171875 0.0046875
12 0.1625 0.3078125 0.0171875 0.0046875
12 0.0625 0.3171875 0.009375 0.0046875
12 0.0921875 0.3171875 0.0109375 0.0046875
10 0.090625 0.303125 0.003125 0.003125
10 0.1015625 0.303125 0.0015625 0.003125
3 0.1734375 0.29375 0.0390625 0.00625
3 0.184375 0.303125 0.0171875 0.00625
12 0.175 0.31875 0.0109375 0.00625
0 0.090625 0.3859375 0.0296875 0.0046875
0 0.125 0.384375 0.0125 0.0046875
0 0.1390625 0.384375 0.0125 0.0046875
0 0.1859375 0.384375 0.0125 0.0046875
4 0.0359375 0.265625 0.021875 0.0125
4 0.0578125 0.265625 0.01875 0.0125
4 0.0765625 0.265625 0.01875 0.0125
4 0.0984375 0.2671875 0.0203125 0.0140625
0 0.2828125 0.2421875 0.009375 0.0078125
0 0.3015625 0.24375 0.0140625 0.009375
0 0.31875 0.2421875 0.015625 0.00625
1 0.1890625 0.334375 0.003125 0.003125
1 0.190625 0.3296875 0.0046875 0.003125
1 0.1890625 0.340625 0.003125 0.003125
1 0.1890625 0.353125 0.0046875 0.003125
1 0.1890625 0.346875 0.003125 0.003125
1 0.190625 0.359375 0.0046875 0.003125
1 0.1078125 0.3859375 0.0015625 0.003125
1 0.1078125 0.38125 0.003125 0.003125
4 0.075 0.353125 0.0390625 0.03125
5 0.075 0.7734375 0.1109375 0.015625