7 0.059375 0.2359375 0.1078125 0.0078125
4 0.0484375 0.28125 0.0875 0.053125
7 0.0484375 0.246875 0.034375 0.009375
4 0.140625 0.2828125 0.090625 0.05625
7 0.1453125 0.24375 0.0546875 0.0125
4 0.23125 0.284375 0.08125 0.0578125
7 0.2296875 0.246875 0.05625 0.0109375
4 0.3203125 0.284375 0.096875 0.0609375
7 0.315625 0.2453125 0.0421875 0.0109375
7 0.0640625 0.378125 0.0578125 0.0234375
12 0.20625 0.390625 0.0328125 0.0203125
7 0.203125 0.371875 0.03125 0.015625
12 0.240625 0.390625 0.03125 0.0203125
7 0.240625 0.3703125 0.028125 0.015625
12 0.2796875 0.3890625 0.0421875 0.0203125
7 0.2765625 0.3703125 0.0203125 0.015625
7 0.1546875 0.390625 0.0671875 0.0171875
7 0.190625 0.4109375 0.040625 0.0140625
3 0.246875 0.434375 0.11875 0.0234375
7 0.2421875 0.4125 0.025 0.0125
7 0.2859375 0.4109375 0.0359375 0.015625
7 0.15 0.434375 0.0640625 0.0171875
7 0.0734375 0.459375 0.05625 0.0203125
7 0.1765625 0.4609375 0.0609375 0.015625
7 0.278125 0.4609375 0.0421875 0.0140625
7 0.1109375 0.5015625 0.1609375 0.0203125
7 0.121875 0.48125 0.0421875 0.0140625
3 0.2515625 0.5015625 0.1078125 0.025
7 0.2328125 0.48125 0.0625 0.0109375
7 0.40625 0.3796875 0.0796875 0.015625
7 0.4 0.4453125 0.09375 0.0125
7 0.4 0.425 0.0890625 0.0171875
7 0.4015625 0.40625 0.0890625 0.015625
7 0.415625 0.465625 0.065625 0.0171875
3 0.5171875 0.4203125 0.1359375 0.10625
6 0.5140625 0.446875 0.115625 0.0125
6 0.5125 0.4296875 0.1171875 0.015625
6 0.471875 0.4125 0.034375 0.015625
6 0.465625 0.396875 0.0203125 0.0140625
6 0.4953125 0.4625 0.08125 0.0125
7 0.434375 0.503125 0.215625 0.0171875
7 0.4125 0.609375 0.16875 0.0171875
7 0.409375 0.5859375 0.1703125 0.015625
7 0.41875 0.5671875 0.1765625 0.01875
7 0.440625 0.5453125 0.2265625 0.01875
7 0.3953125 0.525 0.1375 0.0171875
7 0.159375 0.68125 0.2296875 0.0171875
7 0.1234375 0.703125 0.0796875 0.01875
10 0.221875 0.409375 0.0125 0.0125
10 0.259375 0.4109375 0.009375 0.0125
12 0.1234375 0.459375 0.0390625 0.021875
12 0.2296875 0.459375 0.0390625 0.021875
1 0.575 0.6078125 0.0171875 0.01875
1 0.575 0.5859375 0.0140625 0.0125
1 0.575 0.5640625 0.0125 0.0109375
1 0.575 0.5453125 0.0125 0.0125
1 0.575 0.521875 0.0140625 0.0125
1 0.575 0.50625 0.01875 0.015625
1 0.2875 0.7078125 0.01875 0.01875
1 0.2875 0.684375 0.0171875 0.0171875
0 0.221875 0.703125 0.109375 0.0234375
0 0.34375 0.6953125 0.0484375 0.0203125
0 0.3953125 0.6953125 0.0515625 0.021875
0 0.5640625 0.69375 0.0484375 0.025
0 0.9515625 0.225 0.01875 0.0109375
0 0.971875 0.225 0.01875 0.0109375
0 0.990625 0.225 0.01875 0.0109375
4 0.1765625 0.58125 0.1390625 0.1109375
5 0.075 0.7734375 0.1109375 0.015625