7 0.41875 0.4484375 0.121875 0.015625
7 0.4015625 0.425 0.084375 0.01875
7 0.403125 0.40625 0.0859375 0.0203125
7 0.4046875 0.38125 0.0734375 0.01875
7 0.44375 0.4640625 0.1125 0.015625
7 0.56875 0.4625 0.0421875 0.0234375
7 0.4328125 0.503125 0.2125 0.01875
7 0.4109375 0.6078125 0.171875 0.0203125
7 0.4125 0.5859375 0.171875 0.015625
7 0.421875 0.565625 0.1921875 0.0125
7 0.4375 0.5453125 0.2234375 0.0125
7 0.396875 0.5234375 0.140625 0.0171875
12 0.20625 0.390625 0.0328125 0.01875
7 0.20625 0.375 0.0203125 0.0140625
7 0.2390625 0.3734375 0.028125 0.0125
12 0.2796875 0.390625 0.0421875 0.0203125
7 0.2765625 0.3734375 0.0203125 0.0125
7 0.0625 0.38125 0.0578125 0.025
7 0.1515625 0.39375 0.065625 0.0203125
7 0.1890625 0.409375 0.04375 0.0109375
3 0.24375 0.4328125 0.1140625 0.021875
7 0.2390625 0.4109375 0.025 0.01875
7 0.284375 0.4125 0.04375 0.0140625
7 0.1546875 0.4328125 0.0625 0.0171875
7 0.0734375 0.459375 0.0578125 0.015625
7 0.1765625 0.4625 0.053125 0.015625
7 0.278125 0.4640625 0.046875 0.0171875
3 0.25 0.5015625 0.1078125 0.0265625
7 0.228125 0.4796875 0.05625 0.0125
7 0.1140625 0.5015625 0.159375 0.0171875
7 0.1265625 0.48125 0.046875 0.0140625
4 0.0484375 0.278125 0.0921875 0.053125
7 0.059375 0.2359375 0.1125 0.0109375
7 0.025 0.2234375 0.0328125 0.0078125
7 0.0484375 0.246875 0.028125 0.009375
4 0.1421875 0.2796875 0.0921875 0.05625
7 0.1390625 0.2484375 0.0484375 0.0078125
4 0.228125 0.2796875 0.0796875 0.05625
7 0.225 0.2484375 0.059375 0.015625
4 0.321875 0.2828125 0.1046875 0.0625
7 0.3140625 0.2484375 0.04375 0.0125
7 0.1609375 0.684375 0.2328125 0.0171875
7 0.1265625 0.703125 0.078125 0.015625
10 0.2203125 0.409375 0.015625 0.0109375
10 0.259375 0.409375 0.0125 0.0125
12 0.240625 0.390625 0.0328125 0.0171875
12 0.2296875 0.459375 0.0390625 0.021875
12 0.1234375 0.459375 0.0390625 0.025
12 0.4828125 0.4015625 0.0640625 0.0203125
12 0.48125 0.4265625 0.0625 0.0203125
12 0.521875 0.4625 0.0390625 0.025
3 0.51875 0.378125 0.1359375 0.0234375
3 0.5546875 0.4109375 0.0640625 0.0234375
1 0.284375 0.6875 0.0171875 0.015625
1 0.2875 0.7046875 0.015625 0.0140625
1 0.575 0.5046875 0.0171875 0.015625
1 0.575 0.5234375 0.0171875 0.015625
1 0.575 0.5453125 0.0171875 0.0171875
1 0.575 0.565625 0.015625 0.0140625
1 0.575 0.5859375 0.015625 0.015625
1 0.575 0.6078125 0.0171875 0.0171875
0 0.225 0.7015625 0.1078125 0.021875
0 0.3421875 0.696875 0.053125 0.0328125
0 0.3953125 0.6984375 0.053125 0.0359375
0 0.5640625 0.69375 0.053125 0.0265625
0 0.953125 0.2234375 0.015625 0.009375
0 0.9703125 0.225 0.01875 0.0109375
0 0.990625 0.225 0.01875 0.0109375
4 0.175 0.5828125 0.1359375 0.1140625
5 0.075 0.7734375 0.1109375 0.0140625