7 0.2515625 0.2859375 0.034375 0.00625
7 0.2796875 0.2984375 0.1046875 0.009375
4 0.2515625 0.3234375 0.0515625 0.0296875
7 0.2515625 0.30625 0.021875 0.0078125
4 0.3046875 0.3234375 0.053125 0.028125
7 0.3015625 0.30625 0.0265625 0.0078125
4 0.353125 0.3265625 0.0421875 0.0328125
7 0.353125 0.30625 0.0328125 0.00625
4 0.4046875 0.3265625 0.0625 0.034375
7 0.4 0.30625 0.025 0.00625
7 0.2640625 0.38125 0.0296875 0.0125
7 0.35 0.3796875 0.0140625 0.009375
7 0.36875 0.3796875 0.0171875 0.009375
7 0.390625 0.3796875 0.015625 0.0078125
7 0.3171875 0.3890625 0.0390625 0.0109375
7 0.340625 0.4015625 0.025 0.0078125
3 0.371875 0.4140625 0.06875 0.0125
7 0.3703125 0.4015625 0.015625 0.009375
7 0.3953125 0.4015625 0.0203125 0.009375
7 0.3171875 0.4140625 0.0375 0.0109375
7 0.2703125 0.4296875 0.034375 0.0140625
7 0.33125 0.43125 0.034375 0.0109375
7 0.3890625 0.4328125 0.01875 0.0109375
7 0.3 0.4421875 0.0234375 0.00625
3 0.375 0.45625 0.0625 0.0140625
7 0.3609375 0.4421875 0.0375 0.00625
7 0.2953125 0.4546875 0.0921875 0.009375
7 0.4671875 0.384375 0.04375 0.009375
7 0.4625 0.3984375 0.05 0.009375
7 0.4609375 0.409375 0.0515625 0.0078125
7 0.4734375 0.421875 0.065625 0.0078125
7 0.4890625 0.434375 0.0640625 0.009375
7 0.5609375 0.4328125 0.0234375 0.0078125
7 0.4828125 0.4546875 0.1265625 0.0109375
7 0.4625 0.46875 0.084375 0.0078125
7 0.4875 0.48125 0.13125 0.0078125
7 0.4734375 0.4921875 0.1046875 0.0078125
7 0.46875 0.50625 0.1 0.009375
7 0.4703125 0.51875 0.096875 0.009375
7 0.321875 0.5625 0.134375 0.009375
7 0.3015625 0.5734375 0.046875 0.009375
10 0.3578125 0.4015625 0.00625 0.0078125
10 0.38125 0.4015625 0.0078125 0.0109375
12 0.35 0.3890625 0.0203125 0.0109375
12 0.3703125 0.3890625 0.01875 0.0109375
12 0.3921875 0.3890625 0.025 0.0109375
12 0.3 0.4296875 0.0234375 0.0109375
12 0.3625 0.4296875 0.021875 0.009375
12 0.5109375 0.396875 0.0359375 0.009375
12 0.5109375 0.4109375 0.034375 0.0109375
12 0.534375 0.4328125 0.021875 0.0109375
3 0.5328125 0.3828125 0.0828125 0.0125
3 0.55625 0.4015625 0.040625 0.0125
1 0.3953125 0.565625 0.0078125 0.0078125
1 0.3953125 0.575 0.0078125 0.00625
1 0.5671875 0.45625 0.0109375 0.0078125
1 0.5671875 0.4671875 0.009375 0.0078125
1 0.5671875 0.48125 0.009375 0.0078125
1 0.5671875 0.4921875 0.009375 0.009375
1 0.5671875 0.5046875 0.009375 0.009375
1 0.5671875 0.5171875 0.0078125 0.0078125
0 0.359375 0.5734375 0.0625 0.0140625
0 0.43125 0.5703125 0.0296875 0.0125
0 0.459375 0.56875 0.028125 0.0140625
0 0.559375 0.56875 0.03125 0.0140625
0 0.671875 0.2859375 0.01875 0.009375
0 0.690625 0.2859375 0.0171875 0.0109375
0 0.7078125 0.2859375 0.0171875 0.0109375
4 0.3265625 0.503125 0.075 0.06875
5 0.075 0.7734375 0.1109375 0.015625