7 0.0640625 0.3796875 0.0625 0.0234375
12 0.20625 0.390625 0.03125 0.0171875
7 0.2046875 0.3734375 0.0296875 0.0140625
12 0.240625 0.390625 0.03125 0.0171875
7 0.2421875 0.371875 0.0265625 0.0140625
12 0.2796875 0.390625 0.0421875 0.0171875
7 0.2765625 0.371875 0.0203125 0.0125
7 0.153125 0.39375 0.0671875 0.0171875
7 0.1921875 0.4125 0.0421875 0.0125
3 0.24375 0.434375 0.1140625 0.0234375
10 0.221875 0.409375 0.0125 0.0140625
7 0.2421875 0.4125 0.021875 0.0078125
10 0.259375 0.409375 0.009375 0.0125
7 0.284375 0.4125 0.034375 0.0125
7 0.15 0.434375 0.0640625 0.01875
7 0.0734375 0.4609375 0.05625 0.015625
7 0.1765625 0.4640625 0.05625 0.015625
7 0.275 0.4625 0.0359375 0.0171875
7 0.1140625 0.5015625 0.15625 0.015625
7 0.121875 0.4796875 0.040625 0.0125
3 0.253125 0.5015625 0.1109375 0.025
7 0.23125 0.48125 0.065625 0.0125
7 0.40625 0.38125 0.084375 0.0171875
7 0.440625 0.465625 0.1171875 0.0125
7 0.415625 0.4484375 0.1234375 0.0140625
7 0.3984375 0.425 0.0859375 0.0125
7 0.4 0.40625 0.0890625 0.0171875
7 0.5640625 0.4640625 0.040625 0.0203125
7 0.4375 0.5 0.221875 0.0203125
7 0.396875 0.521875 0.1390625 0.015625
7 0.4140625 0.609375 0.171875 0.0171875
7 0.415625 0.5890625 0.1765625 0.0171875
7 0.36875 0.5671875 0.0859375 0.0140625
7 0.36875 0.5453125 0.0859375 0.0171875
7 0.1609375 0.684375 0.228125 0.0125
7 0.1265625 0.7046875 0.078125 0.01875
7 0.0578125 0.2328125 0.1078125 0.0109375
4 0.0484375 0.278125 0.0890625 0.05
7 0.05 0.246875 0.028125 0.009375
4 0.14375 0.28125 0.0921875 0.05
7 0.1390625 0.246875 0.0484375 0.0125
4 0.23125 0.2828125 0.078125 0.05625
7 0.2296875 0.2453125 0.053125 0.0140625
4 0.325 0.2828125 0.1015625 0.0625
7 0.3125 0.24375 0.0375 0.0140625
1 0.5734375 0.6078125 0.0171875 0.0140625
1 0.5765625 0.584375 0.021875 0.0140625
1 0.5734375 0.5640625 0.0203125 0.015625
1 0.5765625 0.54375 0.0203125 0.0140625
1 0.575 0.5234375 0.015625 0.015625
1 0.5765625 0.50625 0.021875 0.015625
1 0.2859375 0.7046875 0.0171875 0.0125
1 0.284375 0.6875 0.0125 0.015625
0 0.221875 0.7015625 0.1078125 0.0171875
0 0.34375 0.696875 0.0484375 0.01875
0 0.396875 0.6953125 0.05625 0.025
0 0.5625 0.696875 0.05 0.0234375
12 0.4828125 0.4265625 0.0640625 0.01875
12 0.48125 0.4015625 0.0625 0.0203125
12 0.1234375 0.459375 0.040625 0.0234375
12 0.2328125 0.4578125 0.0453125 0.0203125
12 0.5203125 0.465625 0.0390625 0.0265625
3 0.5203125 0.378125 0.1390625 0.01875
3 0.55625 0.4109375 0.0734375 0.0203125
0 0.9546875 0.2234375 0.015625 0.0078125
0 0.971875 0.2234375 0.0140625 0.0078125
0 0.990625 0.2234375 0.0171875 0.0078125
4 0.1703125 0.5875 0.1453125 0.1359375
14 0.4546875 0.55 0.084375 0.040625
5 0.075 0.7734375 0.1109375 0.0140625