7 0.08125 0.25625 0.10625 0.009375
4 0.04375 0.275 0.0328125 0.0171875
7 0.04375 0.2625 0.0109375 0.003125
4 0.0765625 0.275 0.0328125 0.0171875
7 0.0765625 0.2640625 0.0171875 0.0046875
4 0.109375 0.275 0.0296875 0.01875
7 0.1078125 0.2625 0.0203125 0.003125
4 0.140625 0.275 0.03125 0.0203125
7 0.1390625 0.2640625 0.0140625 0.0015625
7 0.0546875 0.3140625 0.01875 0.00625
7 0.1109375 0.3109375 0.0078125 0.0046875
7 0.125 0.3109375 0.0109375 0.0046875
7 0.1390625 0.3125 0.0078125 0.0046875
7 0.090625 0.31875 0.025 0.00625
7 0.10625 0.3265625 0.015625 0.003125
7 0.0890625 0.334375 0.0265625 0.0046875
7 0.0578125 0.3453125 0.021875 0.00625
7 0.1 0.346875 0.021875 0.00625
7 0.078125 0.353125 0.0171875 0.0046875
3 0.1296875 0.3625 0.040625 0.009375
7 0.121875 0.353125 0.0234375 0.00625
7 0.1390625 0.346875 0.0140625 0.0078125
7 0.075 0.3625 0.0625 0.00625
7 0.190625 0.3140625 0.03125 0.00625
7 0.1890625 0.33125 0.0328125 0.0046875
7 0.1890625 0.325 0.0328125 0.00625
7 0.196875 0.340625 0.04375 0.0046875
7 0.2078125 0.346875 0.0453125 0.0046875
7 0.2546875 0.346875 0.0140625 0.0078125
7 0.203125 0.3640625 0.0859375 0.00625
7 0.2046875 0.3796875 0.0875 0.00625
7 0.1875 0.371875 0.0546875 0.0046875
7 0.196875 0.3875 0.071875 0.00625
7 0.19375 0.396875 0.0671875 0.00625
7 0.19375 0.4046875 0.065625 0.00625
3 0.1265625 0.334375 0.0453125 0.0078125
7 0.1265625 0.3265625 0.009375 0.0046875
7 0.14375 0.3265625 0.0125 0.0046875
7 0.09375 0.434375 0.0921875 0.00625
7 0.0796875 0.4421875 0.0296875 0.0078125
10 0.11875 0.325 0.0046875 0.0046875
10 0.1328125 0.325 0.0046875 0.0046875
12 0.1125 0.31875 0.0125 0.0078125
12 0.125 0.31875 0.0125 0.0078125
12 0.140625 0.31875 0.0171875 0.0078125
12 0.078125 0.3453125 0.015625 0.00625
12 0.121875 0.3453125 0.0140625 0.0078125
12 0.221875 0.3234375 0.025 0.0078125
12 0.221875 0.3328125 0.0234375 0.0078125
12 0.2375 0.346875 0.0140625 0.0078125
3 0.2359375 0.3140625 0.053125 0.0078125
3 0.2515625 0.325 0.025 0.009375
1 0.14375 0.4375 0.0046875 0.0046875
1 0.14375 0.44375 0.00625 0.0046875
1 0.2578125 0.3640625 0.00625 0.0046875
1 0.259375 0.3703125 0.00625 0.0046875
1 0.259375 0.3796875 0.0046875 0.0046875
1 0.259375 0.3875 0.00625 0.0046875
1 0.259375 0.396875 0.00625 0.0046875
1 0.259375 0.4046875 0.00625 0.00625
4 0.0984375 0.396875 0.0515625 0.04375
0 0.11875 0.4421875 0.0421875 0.00625
0 0.165625 0.4390625 0.0203125 0.0078125
0 0.1859375 0.4390625 0.01875 0.0078125
0 0.253125 0.4390625 0.0234375 0.009375
0 0.4015625 0.24375 0.0140625 0.009375
0 0.4171875 0.24375 0.015625 0.009375
0 0.4359375 0.2453125 0.01875 0.009375
5 0.075 0.7734375 0.109375 0.0140625