7 0.0625 0.3828125 0.05625 0.0234375
7 0.1515625 0.390625 0.0671875 0.0171875
12 0.20625 0.3921875 0.03125 0.0203125
7 0.20625 0.371875 0.0203125 0.015625
12 0.240625 0.390625 0.03125 0.0171875
7 0.2421875 0.3734375 0.0296875 0.0140625
12 0.2796875 0.390625 0.040625 0.015625
7 0.278125 0.375 0.01875 0.0140625
7 0.19375 0.4109375 0.0421875 0.0109375
3 0.246875 0.434375 0.1171875 0.0234375
10 0.221875 0.4109375 0.0109375 0.0125
7 0.2421875 0.4125 0.021875 0.0125
7 0.2875 0.4109375 0.0421875 0.0125
7 0.15 0.434375 0.0703125 0.015625
7 0.0703125 0.4609375 0.059375 0.0171875
7 0.1765625 0.4625 0.05625 0.015625
7 0.2734375 0.4640625 0.0359375 0.015625
7 0.1125 0.5 0.1578125 0.0234375
7 0.121875 0.4796875 0.046875 0.0109375
3 0.253125 0.503125 0.1140625 0.0234375
7 0.2296875 0.4796875 0.0578125 0.0109375
7 0.4390625 0.465625 0.1140625 0.0171875
7 0.415625 0.4484375 0.1171875 0.0125
7 0.396875 0.425 0.090625 0.015625
7 0.3984375 0.40625 0.0890625 0.0171875
7 0.40625 0.38125 0.08125 0.015625
7 0.565625 0.4640625 0.0375 0.01875
7 0.4328125 0.5 0.2140625 0.0234375
7 0.4390625 0.5453125 0.225 0.0171875
7 0.4 0.525 0.1453125 0.0109375
7 0.4125 0.609375 0.1703125 0.0125
7 0.409375 0.5890625 0.16875 0.0140625
7 0.4171875 0.5671875 0.18125 0.0171875
7 0.159375 0.684375 0.23125 0.0109375
7 0.1234375 0.703125 0.078125 0.0140625
10 0.259375 0.409375 0.0109375 0.0109375
12 0.4828125 0.4265625 0.0671875 0.0203125
12 0.4828125 0.403125 0.0671875 0.01875
12 0.125 0.459375 0.0421875 0.0234375
12 0.23125 0.4578125 0.040625 0.0234375
12 0.5234375 0.4640625 0.0390625 0.0234375
3 0.51875 0.378125 0.1375 0.025
3 0.55625 0.4109375 0.0671875 0.025
0 0.221875 0.7046875 0.109375 0.0234375
0 0.34375 0.6953125 0.05 0.01875
0 0.396875 0.69375 0.053125 0.028125
0 0.5640625 0.696875 0.0546875 0.0234375
4 0.0484375 0.278125 0.090625 0.05
4 0.140625 0.2828125 0.0875 0.0546875
4 0.2296875 0.2796875 0.084375 0.0546875
4 0.3171875 0.284375 0.0875 0.05625
7 0.05625 0.234375 0.1078125 0.009375
7 0.046875 0.246875 0.0390625 0.0109375
7 0.140625 0.246875 0.0390625 0.0109375
7 0.228125 0.246875 0.05 0.009375
7 0.3140625 0.2453125 0.0359375 0.015625
1 0.2859375 0.7046875 0.0171875 0.015625
1 0.2875 0.6859375 0.01875 0.0171875
1 0.5734375 0.6078125 0.0203125 0.0171875
1 0.5765625 0.584375 0.0234375 0.0171875
1 0.5734375 0.5640625 0.0234375 0.015625
1 0.5765625 0.5453125 0.0203125 0.0171875
1 0.5734375 0.5234375 0.0203125 0.015625
1 0.5765625 0.5046875 0.01875 0.0203125
0 0.9546875 0.221875 0.0109375 0.00625
0 0.971875 0.2234375 0.0109375 0.0078125
0 0.9890625 0.2234375 0.0109375 0.009375
4 0.171875 0.5859375 0.1359375 0.1359375
5 0.075 0.7734375 0.1125 0.015625