13 0.5109375 0.31875 0.4953125 0.071875
7 0.4546875 0.4125 0.0578125 0.05625
7 0.4703125 0.528125 0.0890625 0.04375
7 0.525 0.671875 0.1890625 0.053125
10 0.2875 0.40625 0.05 0.046875
10 0.290625 0.525 0.04375 0.0484375
10 0.2890625 0.634375 0.0515625 0.0484375
2 0.3703125 0.425 0.1015625 0.1046875
2 0.371875 0.540625 0.0953125 0.096875
4 0.3796875 0.66875 0.10625 0.1140625
0 0.9515625 0.2234375 0.01875 0.009375
0 0.971875 0.2234375 0.0171875 0.009375
0 0.990625 0.225 0.01875 0.0109375
5 0.075 0.7734375 0.1125 0.015625