13 0.475 0.5015625 0.1953125 0.078125
13 0.46875 0.571875 0.371875 0.0578125
4 0.0453125 0.28125 0.090625 0.053125
7 0.0609375 0.2359375 0.1109375 0.0109375
7 0.05 0.246875 0.034375 0.0078125
4 0.1421875 0.284375 0.0953125 0.0578125
7 0.1390625 0.246875 0.0390625 0.009375
4 0.23125 0.284375 0.0796875 0.0578125
7 0.225 0.2453125 0.0578125 0.015625
4 0.3203125 0.2859375 0.0921875 0.065625
7 0.3109375 0.2453125 0.0421875 0.0109375
7 0.740625 0.3546875 0.1203125 0.028125
7 0.7875 0.3921875 0.2140625 0.025
7 0.78125 0.4625 0.1953125 0.0203125
7 0.7984375 0.5 0.0390625 0.0203125
7 0.75625 0.5359375 0.1421875 0.025
7 0.7984375 0.571875 0.046875 0.0171875
7 0.7546875 0.60625 0.1390625 0.0234375
7 0.8 0.6390625 0.034375 0.021875
7 0.815625 0.6734375 0.203125 0.03125
7 0.8734375 0.709375 0.0890625 0.0234375
12 0.8796875 0.4953125 0.0828125 0.0359375
12 0.8796875 0.56875 0.0875 0.040625
12 0.8796875 0.6359375 0.0890625 0.0390625
3 0.7984375 0.425 0.240625 0.0359375
0 0.721875 0.496875 0.0859375 0.0375
0 0.721875 0.571875 0.084375 0.0359375
0 0.721875 0.6390625 0.0828125 0.034375
0 0.878125 0.74375 0.0859375 0.0359375
4 0.1921875 0.553125 0.15625 0.1734375
0 0.9515625 0.225 0.01875 0.0109375
0 0.9703125 0.225 0.0171875 0.0109375
0 0.98984375 0.22421875 0.0203125 0.0109375
5 0.075 0.771875 0.1109375 0.0171875