4 0.046875 0.278125 0.0890625 0.05
7 0.05 0.246875 0.0375 0.009375
4 0.140625 0.2796875 0.090625 0.05
7 0.1390625 0.246875 0.0453125 0.0109375
4 0.23125 0.2828125 0.0796875 0.05625
7 0.228125 0.2484375 0.0546875 0.0109375
4 0.3265625 0.28125 0.1109375 0.0578125
7 0.315625 0.24375 0.0453125 0.0125
7 0.0578125 0.234375 0.1078125 0.009375
7 0.7453125 0.353125 0.121875 0.0234375
7 0.7859375 0.390625 0.209375 0.028125
7 0.7796875 0.4640625 0.1859375 0.021875
7 0.7984375 0.5 0.0359375 0.015625
7 0.753125 0.5328125 0.14375 0.03125
7 0.796875 0.571875 0.0375 0.01875
7 0.7546875 0.6046875 0.1421875 0.025
7 0.7984375 0.6390625 0.0421875 0.0234375
7 0.8171875 0.6765625 0.2078125 0.03125
7 0.875 0.7078125 0.0828125 0.028125
13 0.3890625 0.415625 0.3375 0.075
13 0.3671875 0.5578125 0.34375 0.040625
13 0.39375 0.4125 0.378125 0.096875
13 0.3890625 0.7125 0.3125 0.034375
12 0.88125 0.4984375 0.0875 0.0375
12 0.878125 0.56875 0.084375 0.0390625
12 0.88125 0.6375 0.0890625 0.040625
3 0.8 0.4265625 0.2421875 0.0421875
0 0.721875 0.4953125 0.0828125 0.0359375
0 0.721875 0.571875 0.0859375 0.0375
0 0.7203125 0.6390625 0.0875 0.0390625
9 0.35625 0.5015625 0.4890625 0.0578125
0 0.878125 0.74375 0.090625 0.0359375
0 0.9546875 0.225 0.015625 0.0109375
0 0.971875 0.225 0.0171875 0.0125
0 0.990625 0.225 0.01875 0.0125
5 0.075 0.7734375 0.1109375 0.0140625