12 0.3359375 0.375 0.040625 0.0234375
12 0.378125 0.375 0.0390625 0.025
12 0.425 0.375 0.0515625 0.025
7 0.165625 0.365625 0.0625 0.0234375
7 0.3359375 0.353125 0.0359375 0.0140625
7 0.3796875 0.353125 0.0328125 0.0140625
7 0.421875 0.3515625 0.025 0.0140625
7 0.2734375 0.3765625 0.075 0.01875
7 0.3203125 0.3984375 0.0546875 0.01875
7 0.5765625 0.3625 0.0953125 0.01875
7 0.5703125 0.4171875 0.096875 0.0203125
7 0.571875 0.3953125 0.1078125 0.01875
7 0.5875 0.44375 0.1375 0.0140625
7 0.6203125 0.4640625 0.1375 0.015625
7 0.7671875 0.4625 0.046875 0.0203125
7 0.6125 0.5078125 0.25625 0.01875
7 0.615625 0.559375 0.26875 0.0171875
7 0.5671875 0.5359375 0.1671875 0.01875
7 0.5921875 0.5859375 0.21875 0.01875
7 0.5828125 0.6375 0.2015625 0.0203125
7 0.584375 0.6109375 0.2 0.01875
7 0.228125 0.5078125 0.1890625 0.021875
7 0.175 0.4578125 0.06875 0.0203125
7 0.3015625 0.4609375 0.06875 0.01875
7 0.271875 0.425 0.0734375 0.021875
7 0.4203125 0.4625 0.046875 0.01875
12 0.6671875 0.3875 0.075 0.0265625
12 0.6671875 0.41875 0.075 0.025
12 0.715625 0.4625 0.0453125 0.0265625
3 0.3828125 0.4265625 0.1359375 0.0265625
10 0.35625 0.396875 0.0109375 0.0140625
7 0.3796875 0.4015625 0.0265625 0.0140625
10 0.4015625 0.3984375 0.0125 0.0140625
7 0.4328125 0.3984375 0.040625 0.0140625
3 0.7109375 0.359375 0.1609375 0.0234375
3 0.75625 0.3984375 0.0796875 0.028125
3 0.3890625 0.5078125 0.1265625 0.0296875
7 0.2828125 0.7265625 0.2765625 0.0171875
7 0.240625 0.7484375 0.0875 0.015625
0 0.3578125 0.746875 0.125 0.0203125
0 0.5015625 0.7390625 0.0578125 0.025
0 0.5625 0.740625 0.05625 0.0234375
0 0.765625 0.740625 0.0578125 0.025
1 0.43125 0.75 0.015625 0.0125
1 0.43125 0.73125 0.0140625 0.0171875
1 0.778125 0.5328125 0.015625 0.0171875
1 0.778125 0.5109375 0.0171875 0.01875
1 0.7796875 0.5828125 0.015625 0.0171875
1 0.7796875 0.559375 0.015625 0.0171875
1 0.778125 0.634375 0.0171875 0.0234375
1 0.7796875 0.6078125 0.015625 0.015625
4 0.14375 0.25 0.1015625 0.040625
4 0.2484375 0.253125 0.1046875 0.046875
4 0.35 0.25625 0.09375 0.0515625
4 0.4515625 0.25625 0.109375 0.0515625
12 0.2375 0.459375 0.05 0.028125
12 0.3640625 0.45625 0.046875 0.028125
7 0.365625 0.4828125 0.0671875 0.015625
7 0.2375 0.48125 0.05 0.0125
4 0.296875 0.6046875 0.1671875 0.1390625
5 0.075 0.771875 0.1125 0.0171875