4 0.0484375 0.278125 0.090625 0.05625
7 0.059375 0.2359375 0.10625 0.009375
7 0.046875 0.246875 0.040625 0.0109375
4 0.1421875 0.28125 0.0953125 0.0609375
7 0.1421875 0.2484375 0.0484375 0.0140625
4 0.2296875 0.2828125 0.078125 0.059375
7 0.23125 0.246875 0.059375 0.0125
4 0.3203125 0.284375 0.103125 0.0640625
7 0.3140625 0.2484375 0.04375 0.0125
7 0.065625 0.378125 0.0625 0.03125
7 0.1546875 0.39375 0.065625 0.0203125
7 0.203125 0.3703125 0.034375 0.0203125
12 0.240625 0.390625 0.0328125 0.01875
7 0.24375 0.3734375 0.0296875 0.0125
12 0.278125 0.390625 0.04375 0.01875
7 0.275 0.3734375 0.0203125 0.015625
7 0.190625 0.4109375 0.040625 0.0125
3 0.246875 0.4328125 0.115625 0.021875
7 0.240625 0.4125 0.0265625 0.0125
7 0.2859375 0.4109375 0.0375 0.0140625
7 0.15 0.4328125 0.06875 0.0171875
7 0.0703125 0.4609375 0.0484375 0.015625
7 0.1234375 0.48125 0.0484375 0.0140625
7 0.1765625 0.4609375 0.059375 0.0203125
3 0.25 0.503125 0.109375 0.025
7 0.228125 0.48125 0.05625 0.015625
7 0.2765625 0.4609375 0.0421875 0.01875
7 0.40625 0.378125 0.078125 0.015625
7 0.3984375 0.4234375 0.0890625 0.0171875
7 0.4015625 0.4046875 0.090625 0.015625
7 0.4171875 0.446875 0.1265625 0.0140625
7 0.4421875 0.4640625 0.1171875 0.0140625
7 0.56875 0.4625 0.04375 0.01875
7 0.4328125 0.503125 0.2125 0.0171875
7 0.409375 0.609375 0.1703125 0.0203125
7 0.4140625 0.5875 0.175 0.0140625
7 0.4171875 0.5671875 0.1875 0.015625
7 0.4375 0.546875 0.2265625 0.0140625
7 0.3984375 0.525 0.14375 0.0140625
7 0.159375 0.6859375 0.2296875 0.0140625
7 0.125 0.7015625 0.0734375 0.015625
10 0.221875 0.409375 0.01875 0.0125
10 0.2609375 0.409375 0.015625 0.015625
12 0.20625 0.390625 0.0328125 0.0203125
12 0.1234375 0.4578125 0.040625 0.021875
12 0.23125 0.459375 0.0421875 0.021875
12 0.48125 0.4015625 0.0625 0.0203125
12 0.48125 0.4265625 0.0640625 0.01875
12 0.521875 0.4640625 0.0375 0.021875
3 0.5171875 0.3765625 0.1375 0.0234375
3 0.5546875 0.409375 0.0625 0.0234375
7 0.115625 0.5015625 0.1546875 0.015625
1 0.575 0.5046875 0.0140625 0.015625
1 0.575 0.5234375 0.0140625 0.0140625
1 0.575 0.5453125 0.0140625 0.0140625
1 0.575 0.565625 0.0140625 0.0125
1 0.575 0.5859375 0.015625 0.0140625
1 0.575 0.60625 0.0125 0.015625
1 0.284375 0.6875 0.0140625 0.0125
1 0.2859375 0.7046875 0.0125 0.0125
0 0.221875 0.703125 0.109375 0.0203125
0 0.34375 0.696875 0.05 0.0234375
0 0.39375 0.6953125 0.0484375 0.025
0 0.5640625 0.696875 0.053125 0.0234375
0 0.953125 0.2234375 0.015625 0.009375
0 0.971875 0.225 0.01875 0.0109375
0 0.990625 0.225 0.0171875 0.0109375
4 0.1703125 0.5828125 0.1171875 0.1140625
5 0.075 0.7734375 0.1109375 0.015625