7 0.0625 0.38125 0.05 0.0296875
7 0.153125 0.390625 0.0640625 0.0203125
7 0.1515625 0.4328125 0.0640625 0.0234375
7 0.0734375 0.4609375 0.0546875 0.0203125
7 0.1140625 0.503125 0.1578125 0.0265625
7 0.178125 0.4640625 0.053125 0.0171875
7 0.275 0.4640625 0.0328125 0.0140625
7 0.434375 0.503125 0.2125 0.0140625
7 0.440625 0.5453125 0.225 0.0125
7 0.3953125 0.5265625 0.1359375 0.0140625
7 0.4125 0.6109375 0.165625 0.015625
7 0.4140625 0.5890625 0.16875 0.0140625
7 0.41875 0.56875 0.18125 0.015625
12 0.20625 0.390625 0.0328125 0.0203125
7 0.20625 0.371875 0.0203125 0.015625
10 0.221875 0.4109375 0.0109375 0.0125
12 0.240625 0.390625 0.0328125 0.01875
7 0.240625 0.375 0.025 0.0109375
10 0.2609375 0.409375 0.009375 0.0125
12 0.2796875 0.3921875 0.04375 0.0203125
7 0.2765625 0.3734375 0.0203125 0.0140625
7 0.190625 0.4125 0.0453125 0.0125
3 0.2453125 0.4328125 0.115625 0.0234375
7 0.2421875 0.4125 0.0234375 0.009375
7 0.2859375 0.4125 0.034375 0.0125
7 0.40625 0.38125 0.0796875 0.0203125
7 0.4171875 0.446875 0.1125 0.015625
7 0.4015625 0.425 0.0859375 0.015625
7 0.403125 0.40625 0.0875 0.0125
7 0.4421875 0.4671875 0.1140625 0.015625
7 0.565625 0.465625 0.040625 0.0125
7 0.159375 0.6859375 0.228125 0.0125
7 0.125 0.7046875 0.0765625 0.0171875
3 0.5203125 0.378125 0.1421875 0.021875
3 0.2515625 0.503125 0.109375 0.03125
12 0.2296875 0.459375 0.0390625 0.01875
12 0.1234375 0.459375 0.0390625 0.0234375
12 0.48125 0.428125 0.0625 0.0203125
12 0.48125 0.403125 0.0625 0.0203125
3 0.5578125 0.4125 0.06875 0.028125
12 0.521875 0.4625 0.0390625 0.0234375
0 0.2234375 0.7015625 0.10625 0.0171875
0 0.3421875 0.69375 0.0515625 0.0234375
0 0.3953125 0.6953125 0.0484375 0.021875
0 0.5640625 0.69375 0.0515625 0.028125
1 0.2859375 0.703125 0.0109375 0.009375
1 0.284375 0.6875 0.0109375 0.0125
1 0.575 0.6078125 0.015625 0.015625
1 0.575 0.5859375 0.0140625 0.015625
1 0.575 0.5640625 0.015625 0.0140625
1 0.5765625 0.5453125 0.0140625 0.0140625
1 0.5734375 0.521875 0.0140625 0.0109375
1 0.5765625 0.5046875 0.0171875 0.015625
7 0.059375 0.234375 0.1109375 0.009375
4 0.0484375 0.2796875 0.090625 0.0515625
7 0.0484375 0.2484375 0.0328125 0.0109375
4 0.1421875 0.2796875 0.0921875 0.0515625
7 0.1421875 0.246875 0.04375 0.0109375
4 0.23125 0.2796875 0.0796875 0.053125
7 0.23125 0.246875 0.059375 0.0125
4 0.3203125 0.28125 0.090625 0.0546875
7 0.315625 0.2484375 0.0390625 0.0125
0 0.9546875 0.2234375 0.0125 0.0078125
0 0.971875 0.2234375 0.0125 0.0078125
0 0.990625 0.2234375 0.015625 0.009375
7 0.121875 0.4796875 0.04375 0.0125
7 0.23125 0.4796875 0.05625 0.009375
4 0.171875 0.5859375 0.11875 0.1171875
5 0.075 0.7734375 0.1140625 0.0140625