4 0.0484375 0.2796875 0.0890625 0.053125
7 0.0578125 0.2359375 0.1078125 0.009375
7 0.0484375 0.246875 0.0265625 0.0078125
4 0.1421875 0.2828125 0.090625 0.053125
7 0.140625 0.246875 0.046875 0.0125
4 0.23125 0.2828125 0.0828125 0.05625
7 0.2296875 0.2484375 0.05625 0.009375
4 0.321875 0.2859375 0.096875 0.0625
7 0.315625 0.2453125 0.0328125 0.0125
7 0.0625 0.3796875 0.0546875 0.025
7 0.153125 0.3921875 0.065625 0.0171875
12 0.20625 0.390625 0.0328125 0.01875
7 0.20625 0.3703125 0.0203125 0.0171875
7 0.240625 0.371875 0.028125 0.0171875
12 0.2796875 0.3921875 0.0421875 0.01875
7 0.278125 0.3703125 0.0234375 0.015625
7 0.1875 0.4109375 0.0453125 0.0109375
3 0.2453125 0.434375 0.115625 0.0234375
7 0.2421875 0.4109375 0.021875 0.009375
7 0.2859375 0.4140625 0.034375 0.0140625
7 0.153125 0.434375 0.0640625 0.0125
7 0.071875 0.459375 0.0625 0.0234375
7 0.175 0.4625 0.059375 0.0203125
7 0.278125 0.4609375 0.0390625 0.0203125
7 0.1140625 0.5 0.159375 0.0203125
7 0.1234375 0.4796875 0.0375 0.0125
3 0.25 0.503125 0.1109375 0.025
7 0.23125 0.4796875 0.0671875 0.0125
7 0.40625 0.3796875 0.0796875 0.0203125
7 0.415625 0.446875 0.125 0.0171875
7 0.3984375 0.4265625 0.0890625 0.01875
7 0.403125 0.40625 0.0875 0.015625
7 0.440625 0.4671875 0.1140625 0.0171875
7 0.56875 0.4640625 0.046875 0.0234375
7 0.4359375 0.4984375 0.215625 0.0234375
7 0.4125 0.609375 0.1765625 0.021875
7 0.4109375 0.5875 0.1765625 0.015625
7 0.4203125 0.565625 0.19375 0.015625
7 0.440625 0.5453125 0.228125 0.0171875
7 0.3984375 0.525 0.1484375 0.0171875
7 0.1578125 0.68125 0.23125 0.01875
7 0.125 0.703125 0.0796875 0.0140625
10 0.221875 0.409375 0.0109375 0.0109375
10 0.2609375 0.409375 0.0109375 0.0109375
12 0.240625 0.390625 0.0328125 0.0171875
12 0.125 0.459375 0.0390625 0.021875
12 0.2296875 0.459375 0.040625 0.0203125
12 0.48125 0.4015625 0.0609375 0.021875
12 0.48125 0.425 0.0640625 0.01875
12 0.521875 0.4640625 0.0359375 0.021875
3 0.5171875 0.378125 0.1375 0.021875
3 0.553125 0.409375 0.0640625 0.0234375
1 0.575 0.5046875 0.0109375 0.0109375
1 0.575 0.521875 0.0109375 0.0109375
1 0.575 0.54375 0.0125 0.0109375
1 0.575 0.5640625 0.0109375 0.0109375
1 0.575 0.5859375 0.0125 0.0109375
1 0.575 0.60625 0.0125 0.0109375
1 0.284375 0.6875 0.0109375 0.0109375
1 0.2859375 0.703125 0.0109375 0.009375
0 0.2234375 0.703125 0.1078125 0.01875
0 0.34375 0.696875 0.0484375 0.025
0 0.396875 0.696875 0.05625 0.025
0 0.5640625 0.69375 0.053125 0.0234375
0 0.9546875 0.225 0.015625 0.0125
0 0.971875 0.225 0.0203125 0.0125
0 0.9921875 0.225 0.015625 0.0125
4 0.175 0.58125 0.1328125 0.1140625
5 0.075 0.7734375 0.1125 0.015625