13 0.475 0.5015625 0.2234375 0.075
13 0.4703125 0.5734375 0.378125 0.05625
4 0.0484375 0.278125 0.0875 0.05
7 0.059375 0.2359375 0.1078125 0.009375
7 0.0484375 0.2453125 0.0359375 0.0109375
4 0.1421875 0.2828125 0.09375 0.05625
7 0.1421875 0.2453125 0.0421875 0.0125
4 0.228125 0.2828125 0.075 0.05625
7 0.2265625 0.2453125 0.0546875 0.015625
4 0.31875 0.284375 0.0984375 0.0625
7 0.3125 0.2453125 0.0421875 0.015625
7 0.7390625 0.353125 0.1109375 0.0328125
7 0.7828125 0.3921875 0.209375 0.025
7 0.7828125 0.4609375 0.196875 0.025
7 0.7984375 0.5 0.0421875 0.01875
7 0.759375 0.534375 0.1484375 0.028125
7 0.7984375 0.571875 0.040625 0.0203125
7 0.759375 0.60625 0.1484375 0.0234375
7 0.7984375 0.6390625 0.034375 0.0203125
7 0.8140625 0.671875 0.203125 0.025
7 0.8734375 0.7109375 0.0921875 0.0265625
12 0.88125 0.4984375 0.0859375 0.04375
12 0.8796875 0.56875 0.0890625 0.040625
12 0.88125 0.6359375 0.0828125 0.0359375
3 0.803125 0.4265625 0.246875 0.0359375
4 0.184375 0.54375 0.1578125 0.190625
0 0.7234375 0.4953125 0.0859375 0.0359375
0 0.7203125 0.571875 0.084375 0.0359375
0 0.721875 0.6390625 0.0859375 0.0359375
0 0.878125 0.746875 0.090625 0.0375
0 0.953125 0.225 0.021875 0.0109375
0 0.971875 0.225 0.0140625 0.0109375
0 0.9890625 0.225 0.0203125 0.0109375
5 0.075 0.7734375 0.1109375 0.015625