4 0.0484375 0.278125 0.0890625 0.053125
7 0.05625 0.2359375 0.1046875 0.00625
7 0.0484375 0.246875 0.03125 0.0109375
4 0.140625 0.2796875 0.09375 0.0578125
7 0.140625 0.2484375 0.05 0.0109375
4 0.2296875 0.28125 0.08125 0.05625
7 0.23125 0.2484375 0.05625 0.0125
4 0.321875 0.284375 0.1015625 0.0640625
7 0.3125 0.2484375 0.0390625 0.009375
7 0.0640625 0.378125 0.059375 0.025
7 0.203125 0.371875 0.021875 0.0140625
12 0.2421875 0.390625 0.03125 0.0203125
7 0.2421875 0.375 0.034375 0.0109375
12 0.2796875 0.390625 0.04375 0.0203125
7 0.278125 0.3734375 0.0265625 0.0125
7 0.40625 0.38125 0.08125 0.015625
7 0.4359375 0.465625 0.121875 0.0171875
7 0.4171875 0.4484375 0.121875 0.0171875
7 0.3984375 0.4265625 0.0875 0.0125
7 0.403125 0.40625 0.0890625 0.0140625
7 0.56875 0.465625 0.0453125 0.0203125
7 0.1546875 0.3921875 0.0671875 0.0171875
7 0.1921875 0.4109375 0.04375 0.0140625
3 0.2453125 0.434375 0.11875 0.021875
7 0.2421875 0.4125 0.0265625 0.0109375
7 0.2859375 0.4109375 0.034375 0.0171875
7 0.1515625 0.4328125 0.0640625 0.0140625
7 0.071875 0.459375 0.059375 0.021875
7 0.1765625 0.4625 0.059375 0.01875
7 0.28125 0.4609375 0.046875 0.015625
7 0.1140625 0.5015625 0.1609375 0.01875
7 0.1234375 0.4796875 0.046875 0.0109375
3 0.2484375 0.5015625 0.10625 0.025
7 0.23125 0.48125 0.0640625 0.009375
7 0.4328125 0.5015625 0.2140625 0.01875
7 0.4375 0.54375 0.221875 0.0171875
7 0.3984375 0.525 0.1390625 0.015625
7 0.415625 0.6078125 0.178125 0.0203125
7 0.409375 0.5875 0.16875 0.01875
7 0.415625 0.5671875 0.1796875 0.0171875
7 0.1609375 0.6859375 0.2328125 0.015625
7 0.1234375 0.703125 0.0796875 0.0125
10 0.221875 0.4109375 0.0140625 0.0140625
10 0.2625 0.409375 0.0140625 0.0125
12 0.20625 0.3921875 0.0359375 0.0203125
12 0.1234375 0.459375 0.0390625 0.021875
12 0.2296875 0.4578125 0.0421875 0.021875
12 0.48125 0.4015625 0.065625 0.021875
12 0.48125 0.4265625 0.0625 0.0203125
12 0.521875 0.4640625 0.0390625 0.0234375
3 0.51875 0.3796875 0.1359375 0.025
3 0.5546875 0.4109375 0.065625 0.0234375
1 0.5765625 0.5046875 0.01875 0.015625
1 0.575 0.521875 0.015625 0.0140625
1 0.575 0.5453125 0.0140625 0.0140625
1 0.5734375 0.565625 0.01875 0.0140625
1 0.5765625 0.5859375 0.015625 0.0140625
1 0.575 0.6078125 0.0140625 0.0125
1 0.284375 0.6875 0.0125 0.0125
1 0.2859375 0.703125 0.0125 0.0109375
0 0.2234375 0.7015625 0.1078125 0.021875
0 0.3421875 0.696875 0.0515625 0.025
0 0.3953125 0.696875 0.053125 0.025
0 0.5640625 0.6953125 0.0515625 0.0234375
0 0.9546875 0.225 0.0203125 0.0109375
0 0.9734375 0.225 0.015625 0.0109375
0 0.990625 0.225 0.0171875 0.0109375
4 0.171875 0.5828125 0.1234375 0.115625
5 0.075 0.7734375 0.1109375 0.015625