7 0.0609375 0.234375 0.10625 0.0125
4 0.05 0.278125 0.090625 0.05625
7 0.05 0.2484375 0.0296875 0.009375
4 0.1421875 0.2796875 0.09375 0.0546875
7 0.1390625 0.2484375 0.0484375 0.0125
4 0.23125 0.28125 0.0828125 0.0578125
7 0.2296875 0.2484375 0.0578125 0.0109375
4 0.31875 0.2828125 0.0921875 0.059375
7 0.315625 0.246875 0.0390625 0.0125
7 0.0640625 0.38125 0.05625 0.01875
12 0.20625 0.390625 0.034375 0.01875
7 0.203125 0.3734375 0.0265625 0.0125
12 0.240625 0.3890625 0.0328125 0.01875
7 0.2421875 0.3734375 0.025 0.0140625
12 0.2796875 0.390625 0.04375 0.021875
7 0.275 0.375 0.0234375 0.0140625
7 0.153125 0.3921875 0.0640625 0.0125
7 0.190625 0.4125 0.046875 0.0125
3 0.24375 0.4328125 0.1140625 0.021875
7 0.2421875 0.4125 0.028125 0.0125
7 0.2859375 0.4109375 0.0375 0.0140625
7 0.1515625 0.434375 0.0640625 0.015625
7 0.075 0.459375 0.0578125 0.015625
7 0.178125 0.4640625 0.0640625 0.0140625
7 0.275 0.4609375 0.0359375 0.015625
7 0.1125 0.5015625 0.159375 0.015625
7 0.1234375 0.48125 0.0390625 0.0109375
3 0.25 0.503125 0.109375 0.0265625
7 0.234375 0.4828125 0.0625 0.0125
7 0.40625 0.38125 0.078125 0.0203125
7 0.415625 0.446875 0.1171875 0.01875
7 0.4015625 0.4265625 0.0859375 0.0140625
7 0.403125 0.4078125 0.0953125 0.015625
7 0.440625 0.465625 0.1140625 0.0140625
7 0.5671875 0.4640625 0.0421875 0.0203125
7 0.434375 0.5046875 0.2171875 0.015625
7 0.434375 0.5421875 0.2296875 0.01875
7 0.396875 0.525 0.1390625 0.015625
7 0.409375 0.6109375 0.1765625 0.0171875
7 0.415625 0.590625 0.1765625 0.015625
7 0.4203125 0.565625 0.190625 0.015625
7 0.159375 0.684375 0.2296875 0.0125
7 0.1265625 0.703125 0.0828125 0.01875
10 0.221875 0.409375 0.0140625 0.0125
10 0.2609375 0.409375 0.0125 0.0140625
12 0.48125 0.4015625 0.0625 0.0171875
12 0.48125 0.425 0.0609375 0.0203125
12 0.521875 0.4640625 0.0375 0.0234375
12 0.2296875 0.459375 0.0390625 0.0203125
12 0.1234375 0.459375 0.0375 0.0203125
3 0.5171875 0.3765625 0.1359375 0.025
3 0.55625 0.409375 0.0671875 0.0265625
1 0.575 0.5046875 0.0125 0.0109375
1 0.5765625 0.521875 0.0140625 0.015625
1 0.575 0.54375 0.0125 0.015625
1 0.575 0.5671875 0.015625 0.015625
1 0.575 0.5859375 0.0171875 0.0140625
1 0.5765625 0.6078125 0.015625 0.0140625
1 0.2859375 0.6859375 0.015625 0.0125
1 0.2875 0.7046875 0.015625 0.0109375
0 0.2234375 0.7015625 0.1109375 0.0203125
0 0.3421875 0.696875 0.05 0.0234375
0 0.39375 0.696875 0.0515625 0.0234375
0 0.5625 0.69375 0.053125 0.0234375
0 0.9546875 0.225 0.0171875 0.0109375
0 0.971875 0.225 0.01875 0.0125
0 0.990625 0.225 0.0171875 0.0125
4 0.1703125 0.5875 0.140625 0.140625
5 0.075 0.7734375 0.1109375 0.0140625