7 0.05625 0.234375 0.109375 0.0125
4 0.046875 0.278125 0.09375 0.0515625
7 0.0484375 0.246875 0.0296875 0.0078125
4 0.1421875 0.2796875 0.0921875 0.0515625
7 0.140625 0.2453125 0.0421875 0.0140625
4 0.2296875 0.2828125 0.0828125 0.0578125
7 0.2296875 0.246875 0.0578125 0.0109375
4 0.31875 0.2828125 0.0921875 0.059375
7 0.3140625 0.246875 0.034375 0.0078125
7 0.7390625 0.3546875 0.1078125 0.025
3 0.8015625 0.428125 0.246875 0.040625
7 0.784375 0.3921875 0.1984375 0.0234375
7 0.78125 0.4609375 0.1890625 0.01875
7 0.796875 0.5 0.0328125 0.0140625
7 0.75625 0.5375 0.1375 0.0265625
7 0.7546875 0.6046875 0.1375 0.021875
7 0.8 0.571875 0.0390625 0.021875
7 0.8171875 0.671875 0.203125 0.021875
7 0.7984375 0.640625 0.0328125 0.01875
7 0.8765625 0.709375 0.08125 0.0265625
4 0.36875 0.53125 0.4328125 0.240625
7 0.3578125 0.4 0.334375 0.01875
7 0.2359375 0.665625 0.096875 0.015625
12 0.88125 0.4984375 0.0828125 0.0453125
12 0.878125 0.5703125 0.0859375 0.04375
12 0.878125 0.634375 0.0875 0.040625
12 0.315625 0.66875 0.05625 0.028125
0 0.721875 0.496875 0.0875 0.0390625
0 0.721875 0.571875 0.0859375 0.0359375
0 0.721875 0.6390625 0.0890625 0.0359375
0 0.878125 0.7453125 0.0890625 0.034375
0 0.9546875 0.2234375 0.0203125 0.009375
0 0.9734375 0.225 0.015625 0.0109375
0 0.990625 0.225 0.01875 0.0109375
5 0.075 0.7734375 0.109375 0.015625