7 0.0578125 0.234375 0.109375 0.0109375
4 0.05 0.278125 0.0890625 0.0515625
7 0.046875 0.2453125 0.028125 0.009375
4 0.1421875 0.2796875 0.0921875 0.053125
7 0.1390625 0.246875 0.0390625 0.0109375
4 0.23125 0.2796875 0.0828125 0.0515625
7 0.2296875 0.246875 0.0515625 0.0109375
4 0.321875 0.2828125 0.0921875 0.0609375
7 0.3140625 0.2453125 0.034375 0.0109375
7 0.065625 0.3796875 0.0578125 0.0203125
7 0.20625 0.371875 0.01875 0.0140625
7 0.240625 0.371875 0.0328125 0.0125
7 0.278125 0.3703125 0.0203125 0.015625
7 0.15 0.390625 0.0671875 0.0171875
7 0.190625 0.409375 0.046875 0.015625
3 0.24375 0.4328125 0.115625 0.0203125
7 0.240625 0.4125 0.025 0.0109375
7 0.2875 0.4125 0.0375 0.0140625
7 0.40625 0.378125 0.078125 0.025
7 0.440625 0.465625 0.115625 0.0140625
7 0.4203125 0.4484375 0.1203125 0.0125
7 0.396875 0.428125 0.0875 0.015625
7 0.403125 0.40625 0.0859375 0.0203125
7 0.56875 0.465625 0.046875 0.01875
7 0.1515625 0.4359375 0.0640625 0.015625
7 0.071875 0.4609375 0.0578125 0.015625
7 0.1765625 0.4609375 0.0609375 0.0171875
7 0.2765625 0.4640625 0.0421875 0.0171875
7 0.1109375 0.5015625 0.1609375 0.0109375
7 0.1234375 0.48125 0.0359375 0.009375
3 0.25 0.5015625 0.109375 0.025
7 0.2328125 0.48125 0.0640625 0.0109375
7 0.4359375 0.5046875 0.215625 0.0171875
7 0.4109375 0.609375 0.175 0.0125
7 0.4125 0.5875 0.16875 0.015625
7 0.4171875 0.565625 0.1828125 0.0171875
7 0.440625 0.54375 0.225 0.0171875
7 0.3984375 0.5265625 0.1484375 0.0125
7 0.159375 0.6828125 0.2296875 0.0140625
7 0.1265625 0.7015625 0.075 0.0171875
10 0.221875 0.4109375 0.009375 0.009375
10 0.2609375 0.4109375 0.009375 0.009375
12 0.20625 0.390625 0.03125 0.01875
12 0.240625 0.390625 0.03125 0.015625
12 0.2796875 0.390625 0.0421875 0.01875
12 0.48125 0.403125 0.0640625 0.021875
12 0.4796875 0.4265625 0.0625 0.0203125
12 0.1234375 0.459375 0.040625 0.021875
12 0.2296875 0.4609375 0.0390625 0.0234375
12 0.521875 0.4640625 0.0390625 0.0234375
3 0.5171875 0.3765625 0.1359375 0.025
3 0.5546875 0.4109375 0.065625 0.025
1 0.575 0.5046875 0.01875 0.0171875
1 0.575 0.5234375 0.015625 0.0125
1 0.575 0.565625 0.0265625 0.015625
1 0.575 0.5453125 0.0171875 0.015625
1 0.575 0.584375 0.01875 0.0171875
1 0.575 0.60625 0.01875 0.0171875
1 0.2859375 0.70625 0.0140625 0.0171875
1 0.2875 0.6859375 0.015625 0.0140625
0 0.221875 0.703125 0.109375 0.0203125
0 0.3421875 0.6953125 0.05 0.0234375
0 0.396875 0.6953125 0.05625 0.0234375
0 0.5640625 0.69375 0.05 0.021875
0 0.953125 0.2234375 0.015625 0.009375
0 0.9703125 0.2234375 0.01875 0.009375
0 0.98984375 0.2234375 0.0203125 0.009375
4 0.16875 0.5796875 0.1296875 0.1125
5 0.075 0.7734375 0.1109375 0.015625