12 0.20625 0.3921875 0.0328125 0.01875
7 0.20625 0.3734375 0.0203125 0.0140625
12 0.240625 0.3921875 0.03125 0.0203125
7 0.240625 0.3734375 0.028125 0.0109375
12 0.2796875 0.3921875 0.0453125 0.0203125
7 0.278125 0.371875 0.0234375 0.0140625
7 0.1515625 0.390625 0.0671875 0.015625
7 0.1921875 0.4125 0.040625 0.0125
3 0.246875 0.4359375 0.11875 0.025
7 0.240625 0.4125 0.021875 0.0109375
7 0.2859375 0.4125 0.034375 0.0125
4 0.046875 0.278125 0.0921875 0.05
7 0.0578125 0.2328125 0.1046875 0.0078125
7 0.05 0.246875 0.034375 0.009375
4 0.1421875 0.2828125 0.0890625 0.0546875
7 0.14375 0.2484375 0.0453125 0.0109375
4 0.2296875 0.284375 0.078125 0.059375
7 0.228125 0.246875 0.05 0.009375
4 0.328125 0.2859375 0.109375 0.0640625
7 0.315625 0.246875 0.040625 0.009375
7 0.0640625 0.3796875 0.0484375 0.01875
7 0.40625 0.38125 0.075 0.0171875
7 0.4421875 0.465625 0.1171875 0.0125
7 0.4234375 0.446875 0.1296875 0.0140625
7 0.403125 0.4265625 0.0859375 0.0125
7 0.4 0.4078125 0.078125 0.0109375
7 0.5671875 0.4640625 0.046875 0.015625
7 0.1515625 0.434375 0.059375 0.0140625
7 0.0734375 0.459375 0.0515625 0.0203125
7 0.1765625 0.4625 0.0546875 0.015625
7 0.2765625 0.4640625 0.04375 0.015625
7 0.1140625 0.5 0.159375 0.01875
7 0.1234375 0.48125 0.034375 0.0171875
3 0.25 0.503125 0.109375 0.025
7 0.23125 0.4796875 0.0578125 0.009375
8 0.503125 0.503125 0.1453125 0.05625
13 0.5 0.5015625 0.13125 0.0109375
0 0.5515625 0.51875 0.0359375 0.0125
0 0.5671875 0.4828125 0.0078125 0.0109375
0 0.953125 0.225 0.0109375 0.0109375
0 0.971875 0.2234375 0.0109375 0.009375
0 0.990625 0.2234375 0.0140625 0.009375
0 0.221875 0.703125 0.1078125 0.0203125
0 0.34375 0.6953125 0.046875 0.01875
0 0.39375 0.6953125 0.05 0.0203125
0 0.5625 0.696875 0.05 0.0203125
7 0.4390625 0.5453125 0.225 0.0140625
7 0.3734375 0.5234375 0.090625 0.0140625
7 0.371875 0.503125 0.0859375 0.0109375
7 0.4125 0.609375 0.1734375 0.0171875
7 0.4140625 0.5875 0.1765625 0.015625
7 0.421875 0.5671875 0.1875 0.0109375
7 0.159375 0.6828125 0.2296875 0.015625
7 0.1234375 0.703125 0.078125 0.0171875
10 0.221875 0.409375 0.0125 0.0109375
10 0.2609375 0.409375 0.0125 0.0109375
12 0.4796875 0.4265625 0.0640625 0.021875
12 0.48125 0.403125 0.065625 0.021875
12 0.521875 0.4625 0.0390625 0.021875
12 0.1234375 0.459375 0.040625 0.0203125
12 0.2296875 0.4578125 0.0421875 0.0234375
3 0.5171875 0.378125 0.140625 0.021875
3 0.5546875 0.4109375 0.065625 0.025
1 0.5765625 0.5046875 0.0140625 0.0109375
1 0.5765625 0.521875 0.0109375 0.0125
1 0.575 0.5453125 0.0125 0.0140625
1 0.575 0.5640625 0.0171875 0.0125
1 0.575 0.5859375 0.0140625 0.0125
1 0.575 0.6078125 0.0140625 0.0140625
1 0.2859375 0.6875 0.0140625 0.0125
1 0.2859375 0.7046875 0.0125 0.0109375
4 0.1703125 0.5875 0.14375 0.1375
5 0.075 0.7734375 0.1109375 0.015625