13 0.3875 0.415625 0.33125 0.0984375
13 0.378125 0.553125 0.3453125 0.0375
13 0.3921875 0.64375 0.3828125 0.1015625
13 0.3890625 0.71875 0.3171875 0.0421875
7 0.7421875 0.3546875 0.115625 0.025
7 0.7859375 0.390625 0.203125 0.0265625
7 0.78125 0.4609375 0.1921875 0.01875
7 0.75625 0.5359375 0.1390625 0.028125
7 0.753125 0.60625 0.1375 0.0234375
7 0.815625 0.6734375 0.20625 0.025
7 0.875 0.709375 0.0828125 0.025
7 0.803125 0.4984375 0.0375 0.025
7 0.7984375 0.571875 0.0296875 0.01875
7 0.7984375 0.6390625 0.03125 0.01875
4 0.046875 0.278125 0.0921875 0.05
7 0.0578125 0.2359375 0.10625 0.0078125
7 0.0484375 0.246875 0.03125 0.0078125
4 0.1421875 0.28125 0.0953125 0.05
7 0.1390625 0.246875 0.046875 0.0109375
4 0.23125 0.284375 0.0796875 0.059375
7 0.228125 0.2453125 0.053125 0.0140625
4 0.325 0.284375 0.103125 0.059375
7 0.3125 0.24375 0.03125 0.0171875
12 0.8796875 0.4953125 0.0859375 0.040625
12 0.878125 0.5671875 0.0875 0.0390625
12 0.88125 0.6359375 0.0875 0.0375
3 0.7984375 0.4265625 0.246875 0.0390625
0 0.7203125 0.496875 0.0875 0.0375
0 0.7234375 0.571875 0.0875 0.034375
0 0.7203125 0.640625 0.0890625 0.0375
0 0.953125 0.2234375 0.0140625 0.0078125
0 0.9703125 0.2234375 0.01875 0.009375
0 0.990625 0.2234375 0.01875 0.009375
9 0.359375 0.503125 0.503125 0.0578125
0 0.878125 0.7453125 0.0859375 0.0359375
5 0.075 0.7734375 0.1125 0.015625