7 0.0609375 0.378125 0.05 0.0203125
7 0.05625 0.234375 0.1109375 0.015625
4 0.0484375 0.278125 0.0875 0.053125
7 0.0484375 0.2484375 0.0296875 0.009375
4 0.1421875 0.2796875 0.09375 0.053125
7 0.1390625 0.2484375 0.040625 0.0109375
4 0.23125 0.28125 0.08125 0.053125
7 0.228125 0.2484375 0.0546875 0.0109375
4 0.321875 0.28125 0.0953125 0.05625
7 0.3140625 0.2484375 0.0359375 0.009375
7 0.2046875 0.3734375 0.03125 0.0125
7 0.1484375 0.390625 0.075 0.0203125
7 0.1875 0.4109375 0.0453125 0.0125
3 0.2453125 0.434375 0.1140625 0.0234375
10 0.221875 0.4109375 0.0109375 0.0171875
7 0.2421875 0.4125 0.0234375 0.009375
7 0.2875 0.4125 0.040625 0.0109375
7 0.1515625 0.4328125 0.0640625 0.0140625
7 0.0703125 0.4609375 0.0609375 0.01875
7 0.175 0.465625 0.05625 0.0171875
7 0.2765625 0.4640625 0.0375 0.01875
7 0.115625 0.5015625 0.1546875 0.015625
7 0.1578125 0.684375 0.234375 0.0125
7 0.1234375 0.703125 0.075 0.015625
7 0.40625 0.38125 0.0796875 0.0171875
7 0.4078125 0.4484375 0.103125 0.015625
7 0.4 0.425 0.090625 0.0171875
7 0.403125 0.40625 0.0828125 0.0140625
7 0.4390625 0.465625 0.1171875 0.0125
7 0.434375 0.503125 0.221875 0.01875
7 0.409375 0.609375 0.16875 0.0140625
7 0.4125 0.5875 0.1671875 0.015625
7 0.41875 0.5671875 0.184375 0.0140625
7 0.4375 0.5453125 0.2265625 0.015625
7 0.3984375 0.525 0.14375 0.015625
10 0.259375 0.4109375 0.0109375 0.0171875
12 0.20625 0.3921875 0.0328125 0.01875
12 0.240625 0.3921875 0.0328125 0.015625
12 0.2796875 0.3921875 0.04375 0.01875
12 0.48125 0.4265625 0.065625 0.025
12 0.4796875 0.403125 0.065625 0.0234375
12 0.521875 0.4640625 0.0390625 0.0234375
7 0.121875 0.48125 0.040625 0.0125
12 0.1234375 0.459375 0.040625 0.0203125
7 0.23125 0.4796875 0.0609375 0.009375
12 0.2296875 0.4609375 0.0390625 0.0234375
3 0.25 0.503125 0.1078125 0.0265625
3 0.5171875 0.378125 0.1359375 0.0203125
3 0.5546875 0.409375 0.0625 0.0234375
0 0.221875 0.703125 0.1078125 0.01875
0 0.34375 0.6953125 0.05 0.0203125
0 0.3953125 0.6953125 0.05 0.021875
0 0.5625 0.6953125 0.053125 0.01875
7 0.5671875 0.4671875 0.04375 0.0171875
1 0.575 0.6078125 0.0140625 0.015625
1 0.5734375 0.5859375 0.01875 0.0171875
1 0.575 0.5640625 0.015625 0.0125
1 0.5734375 0.54375 0.015625 0.0171875
1 0.575 0.5234375 0.0171875 0.0125
1 0.575 0.5046875 0.0234375 0.0125
1 0.2859375 0.703125 0.015625 0.0140625
1 0.2875 0.6859375 0.0171875 0.015625
0 0.9546875 0.221875 0.0125 0.0078125
0 0.971875 0.2234375 0.01875 0.0078125
0 0.990625 0.2234375 0.015625 0.0078125
4 0.1703125 0.5859375 0.1390625 0.134375
5 0.075 0.7734375 0.1109375 0.015625
7 0.2421875 0.3734375 0.028125 0.0109375
7 0.278125 0.375 0.0203125 0.009375