0 0.575627 0.865115 0.0672888 0.0317803
1 0.839197 0.661727 0.0167307 0.0218775
1 0.839194 0.585255 0.0173313 0.0215298
0 0.503063 0.865214 0.0665571 0.0311847
5 0.579347 0.548095 0.200028 0.0275676
1 0.839126 0.546935 0.0171364 0.0210221
0 0.822848 0.864932 0.0661913 0.0321481
2 0.755953 0.277687 0.196511 0.0337514
5 0.600567 0.664301 0.242785 0.0296607
1 0.839091 0.622994 0.0161928 0.0211272
4 0.365818 0.50773 0.150942 0.0348723
5 0.588092 0.330101 0.119292 0.0233251
5 0.607549 0.627728 0.252393 0.0280645
2 0.807217 0.337243 0.0880058 0.0350333
1 0.839301 0.512835 0.0164213 0.0212961
1 0.838906 0.701247 0.0172371 0.0238159
5 0.630889 0.587261 0.296724 0.0258211
5 0.586269 0.363776 0.115819 0.0219141
4 0.702774 0.321827 0.084973 0.0301892
2 0.761666 0.435889 0.0522129 0.0323401
5 0.593286 0.282033 0.108722 0.0237333
5 0.25996 0.43469 0.0830791 0.0259435
4 0.356366 0.379303 0.166194 0.0318469
5 0.602225 0.70534 0.237058 0.0287079
0 0.40074 0.300115 0.0427626 0.0283764
5 0.354522 0.338724 0.0333927 0.0207837
5 0.647411 0.437741 0.156662 0.0234805
5 0.676212 0.585779 0.257025 0.0285577
2 0.356214 0.378966 0.165294 0.033346
5 0.635232 0.509513 0.307327 0.0278576
2 0.336386 0.42826 0.0541503 0.0308546
2 0.30344 0.300501 0.0452716 0.0315611
5 0.603156 0.406074 0.150795 0.0227341
4 0.703881 0.367272 0.0892062 0.0310009
2 0.353453 0.299805 0.0445768 0.0325125
5 0.824784 0.438807 0.0526812 0.0226975
4 0.336593 0.428344 0.0526484 0.0294535
5 0.109813 0.429864 0.0808382 0.025704
5 0.224507 0.381126 0.0886833 0.0248956
5 0.405397 0.27008 0.024596 0.0174087
5 0.225711 0.301572 0.090031 0.0244874
5 0.28371 0.340035 0.0565403 0.0211801
5 0.353266 0.269619 0.0380168 0.0197315
5 0.0918205 0.282463 0.0657892 0.0306253
0 0.761717 0.435678 0.0517613 0.0309322
0 0.303542 0.299951 0.0464142 0.0301922
3 0.682841 0.406057 0.011409 0.0179307
5 0.337306 0.464515 0.075909 0.0170489
0 0.32637 0.877127 0.146793 0.0299903
5 0.416731 0.339102 0.0461821 0.0202678
0 0.353193 0.299866 0.0425202 0.0290273
5 0.181654 0.464483 0.0473444 0.0155845
6 0.381302 0.337071 0.0162416 0.0201694
5 0.39364 0.434874 0.0340842 0.0195903
